0.0117721407963055 656.520679876697 0.00796306840724461 0.000160015684075288 no_error _Recombination_Map_Scenario_1_ 1500 1501 0 1 0.02 GF_Model_IV
0.016178497113521 930.218022632118 0.0032831706311181 0.000126116508360254 no_error _Recombination_Map_Scenario_1_ 1500 1501 0 1 0.02 GF_Model_IV
0.0153498929278144 1194.3922519454 0.00996397050755374 4.49966907729713e-05 no_error _Recombination_Map_Scenario_1_ 1500 1501 0 1 0.02 GF_Model_IV
0.012285005811796 762.673091768158 0.00827487147729095 0.000147148586204286 no_error _Recombination_Map_Scenario_1_ 1500 1501 0 1 0.02 GF_Model_IV
0.0135485004281748 1087.30121397334 0.0133384706335415 8.33814903492342e-05 no_error _Recombination_Map_Scenario_1_ 1500 1501 0 1 0.02 GF_Model_IV
0.0150014120785298 999.516924053139 0.00892949419249901 3.62440868852028e-05 no_error _Recombination_Map_Scenario_1_ 1500 1501 0 1 0.02 GF_Model_IV
0.0109773141464155 901.593284329506 0.014327739125306 6.05595423954471e-05 no_error _Recombination_Map_Scenario_1_ 1500 1501 0 1 0.02 GF_Model_IV
0.0115787740276894 779.849364911731 0.0133482836041309 0.000123072996407107 no_error _Recombination_Map_Scenario_1_ 1500 1501 0 1 0.02 GF_Model_IV
0.0180199347220032 859.707293504521 0.00294510395718141 8.18886632712543e-05 no_error _Recombination_Map_Scenario_1_ 1500 1501 0 1 0.02 GF_Model_IV
0.0152749756098195 972.802887159024 0.00375931289303557 5.57686699815635e-05 no_error _Recombination_Map_Scenario_1_ 1500 1501 0 1 0.02 GF_Model_IV
0.0124080806192107 948.337234071132 0.00658976812420212 6.60695978302973e-05 no_error _Recombination_Map_Scenario_1_ 1500 1501 0 1 0.02 GF_Model_IV
0.0108120820689839 768.306444809282 0.00712058700163268 0.000110438542719615 no_error _Recombination_Map_Scenario_1_ 1500 1501 0 1 0.02 GF_Model_IV
0.0159496425685528 952.518170694738 0.00475204508329162 6.79707292494419e-05 no_error _Recombination_Map_Scenario_1_ 1500 1501 0 1 0.02 GF_Model_IV
0.0143400796740265 835.971213005714 0.00445073760666629 0.000109011837863482 no_error _Recombination_Map_Scenario_1_ 1500 1501 0 1 0.02 GF_Model_IV
0.0168321419224306 928.529564438228 0.00327982307337135 5.56564021660598e-05 no_error _Recombination_Map_Scenario_1_ 1500 1501 0 1 0.02 GF_Model_IV
0.0113393324730807 773.985953997373 0.015734188567835 8.32537439585501e-05 no_error _Recombination_Map_Scenario_1_ 1500 1501 0 1 0.02 GF_Model_IV
0.0166889390784072 1011.0086735245 0.00709001269985708 6.65702218268795e-05 no_error _Recombination_Map_Scenario_1_ 1500 1501 0 1 0.02 GF_Model_IV
0.0158053947919218 925.069977343709 0.0044797114056125 0.000156532581125944 no_error _Recombination_Map_Scenario_1_ 1500 1501 0 1 0.02 GF_Model_IV
0.00827533204079025 466.768940261287 0.0181911384805817 0.000182206837132084 no_error _Recombination_Map_Scenario_1_ 1500 1501 0 1 0.02 GF_Model_IV
0.0150566887438054 763.94116962665 0.00378066619297097 0.000127515955215822 no_error _Recombination_Map_Scenario_1_ 1500 1501 0 1 0.02 GF_Model_IV
0.00627391352819143 555.720186900673 0.017683136551564 9.17624797516486e-05 no_error _Recombination_Map_Scenario_1_ 1500 1501 0 1 0.02 GF_Model_IV
0.00753402066387517 538.036239987189 0.0211939679300045 0.000155895331524924 no_error _Recombination_Map_Scenario_1_ 1500 1501 0 1 0.02 GF_Model_IV
0.0154706898882795 811.359004388309 0.00520560362867215 9.18536191383859e-05 no_error _Recombination_Map_Scenario_1_ 1500 1501 0 1 0.02 GF_Model_IV
0.00837084165839744 768.376587746033 0.0224652047749799 9.01232144978398e-05 no_error _Recombination_Map_Scenario_1_ 1500 1501 0 1 0.02 GF_Model_IV
0.0124016944681185 234.942252674443 0.0142292636828564 0.000264103744527871 no_error _Recombination_Map_Scenario_1_ 1500 1501 0 1 0.02 GF_Model_IV
0.00775509139353695 396.434443363845 0.0195155920151048 0.000180149550494899 no_error _Recombination_Map_Scenario_1_ 1500 1501 0 1 0.02 GF_Model_IV
0.0184904378585667 952.585305714868 0.00326638786781281 7.31253383191509e-05 no_error _Recombination_Map_Scenario_1_ 1500 1501 0 1 0.02 GF_Model_IV
0.0157441120429652 987.94691651366 0.006967150286148 5.690903963161e-05 no_error _Recombination_Map_Scenario_1_ 1500 1501 0 1 0.02 GF_Model_IV
0.0127942055571909 785.420838600466 0.00658291899083905 0.000143960251227695 no_error _Recombination_Map_Scenario_1_ 1500 1501 0 1 0.02 GF_Model_IV
0.0145583229006478 783.291692575823 0.00946001374691887 0.000155688329673737 no_error _Recombination_Map_Scenario_1_ 1500 1501 0 1 0.02 GF_Model_IV
0.0170294247317023 673.626196599581 0.00578056697325995 0.000167774012305832 no_error _Recombination_Map_Scenario_1_ 1500 1501 0 1 0.02 GF_Model_IV
0.0166921637770046 954.494043768317 0.00379692641415643 6.89731970634577e-05 no_error _Recombination_Map_Scenario_1_ 1500 1501 0 1 0.02 GF_Model_IV
0.00509218623394277 277.016927497067 0.027655187300043 0.000118165847275451 no_error _Recombination_Map_Scenario_1_ 1500 1501 0 1 0.02 GF_Model_IV
0.0158815751734888 992.97206547658 0.00476580103017816 9.40932646731711e-05 no_error _Recombination_Map_Scenario_1_ 1500 1501 0 1 0.02 GF_Model_IV
0.0170288515555279 905.990540294403 0.00419979808056164 0.000113583089550298 no_error _Recombination_Map_Scenario_1_ 1500 1501 0 1 0.02 GF_Model_IV
0.0103703165883816 745.065270576712 0.0105785024500102 7.76214946883592e-05 no_error _Recombination_Map_Scenario_1_ 1500 1501 0 1 0.02 GF_Model_IV
0.0149873433999971 878.144952123868 0.00423226870350882 9.25326425636092e-05 no_error _Recombination_Map_Scenario_1_ 1500 1501 0 1 0.02 GF_Model_IV
0.0119939114028112 827.255848569572 0.012365006196428 9.37819784975937e-05 no_error _Recombination_Map_Scenario_1_ 1500 1501 0 1 0.02 GF_Model_IV
0.00851153936907468 1065.09962912456 0.0125696147382629 2.74867845785105e-05 no_error _Recombination_Map_Scenario_1_ 1500 1501 0 1 0.02 GF_Model_IV
0.0176354240331585 801.479537617291 0.00262997968461511 0.000127569962649129 no_error _Recombination_Map_Scenario_1_ 1500 1501 0 1 0.02 GF_Model_IV
0.0093219565171615 893.454835101048 0.0164663365038415 8.75380135987354e-05 no_error _Recombination_Map_Scenario_1_ 1500 1501 0 1 0.02 GF_Model_IV
0.0106354249156357 974.936648636375 0.012689857275319 4.51536780020813e-05 no_error _Recombination_Map_Scenario_1_ 1500 1501 0 1 0.02 GF_Model_IV
0.0163857558663432 789.196983143279 0.00300333284802423 8.99312274644497e-05 no_error _Recombination_Map_Scenario_1_ 1500 1501 0 1 0.02 GF_Model_IV
0.0159795250191169 994.993304035242 0.00409572508872985 8.48079200270118e-05 no_error _Recombination_Map_Scenario_1_ 1500 1501 0 1 0.02 GF_Model_IV
0.0141428655852593 940.498726363912 0.00551454598134312 6.68602880243084e-05 no_error _Recombination_Map_Scenario_1_ 1500 1501 0 1 0.02 GF_Model_IV
0.00835640805825666 936.236291671642 0.0203673845231088 7.82554108854308e-05 no_error _Recombination_Map_Scenario_1_ 1500 1501 0 1 0.02 GF_Model_IV
0.0160931415357235 855.340624414642 0.00357075425860941 0.000115260069321822 no_error _Recombination_Map_Scenario_1_ 1500 1501 0 1 0.02 GF_Model_IV
0.00563414175330697 1002.70087263173 0.0236211814211133 6.77112590359222e-05 no_error _Recombination_Map_Scenario_1_ 1500 1501 0 1 0.02 GF_Model_IV
0.0168582073835289 644.623840741182 0.00350025432427327 0.000210321664175665 no_error _Recombination_Map_Scenario_1_ 1500 1501 0 1 0.02 GF_Model_IV
0.00863730358209461 1283.57726968257 0.0183697033924791 4.14529878434156e-05 no_error _Recombination_Map_Scenario_1_ 1500 1501 0 1 0.02 GF_Model_IV
0.00832235083215632 1060.58335030325 0.0188142704478478 6.74166934871754e-05 no_error _Recombination_Map_Scenario_1_ 1500 1501 0 1 0.02 GF_Model_IV
0.0126345189112928 1076.56100890279 0.00525556111519435 4.67693664644114e-05 no_error _Recombination_Map_Scenario_1_ 1500 1501 0 1 0.02 GF_Model_IV
0.0165509732032331 697.790369774823 0.00457992377545313 0.00012076309398661 no_error _Recombination_Map_Scenario_1_ 1500 1501 0 1 0.02 GF_Model_IV
0.0153832782264694 846.797846314867 0.00620044750831772 0.000134057769510016 no_error _Recombination_Map_Scenario_1_ 1500 1501 0 1 0.02 GF_Model_IV
0.0106408071739756 349.000483619545 0.0156413115394597 0.000250673867637732 no_error _Recombination_Map_Scenario_1_ 1500 1501 0 1 0.02 GF_Model_IV
0.0136847708908697 922.762255337747 0.0106031869155474 0.000104133208285853 no_error _Recombination_Map_Scenario_1_ 1500 1501 0 1 0.02 GF_Model_IV
0.0133037215287565 982.347028347284 0.0084114258422576 8.52917524772064e-05 no_error _Recombination_Map_Scenario_1_ 1500 1501 0 1 0.02 GF_Model_IV
0.0145358298217388 1018.03991156101 0.00728197082847557 5.99789476857037e-05 no_error _Recombination_Map_Scenario_1_ 1500 1501 0 1 0.02 GF_Model_IV
0.00543476683770221 453.199266090306 0.0262510079360263 0.000238606705874508 no_error _Recombination_Map_Scenario_1_ 1500 1501 0 1 0.02 GF_Model_IV
0.0176262715701989 884.695190722266 0.00386529234368815 9.18748116923029e-05 no_error _Recombination_Map_Scenario_1_ 1500 1501 0 1 0.02 GF_Model_IV
0.0032063417547453 318.216875558942 0.0346830358245781 0.000126830939721202 no_error _Recombination_Map_Scenario_1_ 1500 1501 0 1 0.02 GF_Model_IV
0.0175944774472366 1055.8986345639 0.00523525003537105 7.35687603323546e-05 no_error _Recombination_Map_Scenario_1_ 1500 1501 0 1 0.02 GF_Model_IV
0.0170314977871845 844.694493189305 0.00261330821239155 0.000104986538471807 no_error _Recombination_Map_Scenario_1_ 1500 1501 0 1 0.02 GF_Model_IV
0.017213762497021 815.701083008406 0.00328234533030477 9.00650437983184e-05 no_error _Recombination_Map_Scenario_1_ 1500 1501 0 1 0.02 GF_Model_IV
0.0101017681580581 881.198243915405 0.0148204567688021 0.000135577858905321 no_error _Recombination_Map_Scenario_1_ 1500 1501 0 1 0.02 GF_Model_IV
0.0173683381806171 865.709620553855 0.00455749952685562 0.000103895360401304 no_error _Recombination_Map_Scenario_1_ 1500 1501 0 1 0.02 GF_Model_IV
0.0138505156866801 532.721031809933 0.0108404524059844 0.000361857132155862 no_error _Recombination_Map_Scenario_1_ 1500 1501 0 1 0.02 GF_Model_IV
0.0150330261566456 772.230142602712 0.00273738742436265 0.000107286967227834 no_error _Recombination_Map_Scenario_1_ 1500 1501 0 1 0.02 GF_Model_IV
0.0116895353104769 991.513989127734 0.00857034694162374 5.18783818608807e-05 no_error _Recombination_Map_Scenario_1_ 1500 1501 0 1 0.02 GF_Model_IV
0.013554795864986 812.803856568753 0.00991959683319781 6.26188364342599e-05 no_error _Recombination_Map_Scenario_1_ 1500 1501 0 1 0.02 GF_Model_IV
0.0159107279396185 850.101599612614 0.00627269808543453 4.09895777678096e-05 no_error _Recombination_Map_Scenario_1_ 1500 1501 0 1 0.02 GF_Model_IV
0.0129137580318672 964.195934211752 0.00927915177210055 5.55910145717607e-05 no_error _Recombination_Map_Scenario_1_ 1500 1501 0 1 0.02 GF_Model_IV
0.00411915475860151 539.529997106056 0.0269096402990013 7.95153130551021e-05 no_error _Recombination_Map_Scenario_1_ 1500 1501 0 1 0.02 GF_Model_IV
0.0110845428137235 838.372113056811 0.00926799180032187 0.000123368306201246 no_error _Recombination_Map_Scenario_1_ 1500 1501 0 1 0.02 GF_Model_IV
0.00735586997219035 128.215385460148 0.027414748327155 0.000110617129777103 no_error _Recombination_Map_Scenario_1_ 1500 1501 0 1 0.02 GF_Model_IV
0.00605416459417421 2709.15827883204 0.0383597028303989 4.34810203059561e-05 no_error _Recombination_Map_Scenario_1_ 1500 1501 0 1 0.02 GF_Model_IV
0.0153111051935595 1057.21670219595 0.00642088116417111 4.05289025897552e-05 no_error _Recombination_Map_Scenario_1_ 1500 1501 0 1 0.02 GF_Model_IV
0.0160095286345906 991.511212485768 0.00625963528038075 8.7586018868613e-05 no_error _Recombination_Map_Scenario_1_ 1500 1501 0 1 0.02 GF_Model_IV
0.0132500912169984 942.663110561222 0.00955223736252997 8.88867605870156e-05 no_error _Recombination_Map_Scenario_1_ 1500 1501 0 1 0.02 GF_Model_IV
0.0148147263370775 569.192154798415 0.0162669384358045 0.000243104854143665 no_error _Recombination_Map_Scenario_1_ 1500 1501 0 1 0.02 GF_Model_IV
0.0133677518837878 1053.87920054649 0.00987974224462383 5.36295318049366e-05 no_error _Recombination_Map_Scenario_1_ 1500 1501 0 1 0.02 GF_Model_IV
0.0135476838042908 939.551722136623 0.00362160709154297 5.74199026762287e-05 no_error _Recombination_Map_Scenario_1_ 1500 1501 0 1 0.02 GF_Model_IV
0.0126422203527614 1086.886041619 0.00802315582144063 6.68188809184245e-05 no_error _Recombination_Map_Scenario_1_ 1500 1501 0 1 0.02 GF_Model_IV
0.00682988136844334 1587.29351969128 0.0263616438638459 3.89818632478093e-05 no_error _Recombination_Map_Scenario_1_ 1500 1501 0 1 0.02 GF_Model_IV
0.0113296667702347 855.262041908261 0.0103885439486161 9.57146284683706e-05 no_error _Recombination_Map_Scenario_1_ 1500 1501 0 1 0.02 GF_Model_IV
0.0142378547379064 882.869529951728 0.00856031993416649 0.00011474245191705 no_error _Recombination_Map_Scenario_1_ 1500 1501 0 1 0.02 GF_Model_IV
0.00760885994102677 956.832739525666 0.01964591723328 3.34736922456634e-05 no_error _Recombination_Map_Scenario_1_ 1500 1501 0 1 0.02 GF_Model_IV
0.0146961033187535 1030.01476834255 0.00949439711582974 6.73398483029552e-05 no_error _Recombination_Map_Scenario_1_ 1500 1501 0 1 0.02 GF_Model_IV
0.0149688263345063 881.229580398039 0.00423159674030248 0.000110051926418207 no_error _Recombination_Map_Scenario_1_ 1500 1501 0 1 0.02 GF_Model_IV
0.0173623962490169 890.471626282506 0.0046271234040958 5.3574109988515e-05 no_error _Recombination_Map_Scenario_1_ 1500 1501 0 1 0.02 GF_Model_IV
0.0154179528857427 637.928164167462 0.00331276744490975 0.000161548622710396 no_error _Recombination_Map_Scenario_1_ 1500 1501 0 1 0.02 GF_Model_IV
0.0133218153141562 894.935912724201 0.00628675558736094 9.88042870553162e-05 no_error _Recombination_Map_Scenario_1_ 1500 1501 0 1 0.02 GF_Model_IV
0.0154253967503716 984.403285963457 0.00621125157311049 8.08209060136389e-05 no_error _Recombination_Map_Scenario_1_ 1500 1501 0 1 0.02 GF_Model_IV
0.00981273129983948 356.558653404619 0.0199092820613093 0.000392004672671201 no_error _Recombination_Map_Scenario_1_ 1500 1501 0 1 0.02 GF_Model_IV
0.0146661951846534 897.493731994009 0.00307175924129673 7.79966587466535e-05 no_error _Recombination_Map_Scenario_1_ 1500 1501 0 1 0.02 GF_Model_IV
0.00843484730190363 767.082790937229 0.0170076777635372 8.0756172226163e-05 no_error _Recombination_Map_Scenario_1_ 1500 1501 0 1 0.02 GF_Model_IV
0.0122036990196656 671.523048278567 0.00749330989362132 0.00011761363292172 no_error _Recombination_Map_Scenario_1_ 1500 1501 0 1 0.02 GF_Model_IV
0.0197970572384724 986.631951111976 0.00226749606147898 7.16834108282362e-05 no_error _Recombination_Map_Scenario_1_ 1500 1501 0 1 0.02 GF_Model_IV
0.0186778846866819 837.829545155241 0.00387782449290065 0.00020885982460555 no_error _Recombination_Map_Scenario_1_ 1500 1501 0 1 0.02 GF_Model_IV
0.00968598559042351 594.729501876018 0.0169765888424667 0.000192516796271672 no_error _Recombination_Map_Scenario_1_ 1500 1501 0 1 0.02 GF_Model_IV
0.0125881505451795 882.934849992915 0.0113991348129769 9.32779319049186e-05 no_error _Recombination_Map_Scenario_2_ 750 2250 0 1 0.02 GF_Model_IV
0.0145377282730165 1048.25583201603 0.00343522571964909 8.11188472856835e-05 no_error _Recombination_Map_Scenario_2_ 750 2250 0 1 0.02 GF_Model_IV
0.00992599994653095 732.437747001654 0.0131866172272754 0.000108954096425123 no_error _Recombination_Map_Scenario_2_ 750 2250 0 1 0.02 GF_Model_IV
0.0129829068713985 1115.99544963971 0.0103494775893072 5.19283949140702e-05 no_error _Recombination_Map_Scenario_2_ 750 2250 0 1 0.02 GF_Model_IV
0.0156728690640076 931.319109823369 0.00479058821028554 6.70734162152802e-05 no_error _Recombination_Map_Scenario_2_ 750 2250 0 1 0.02 GF_Model_IV
0.00435497886733086 864.316565614358 0.0264221686291887 6.89863755913865e-05 no_error _Recombination_Map_Scenario_2_ 750 2250 0 1 0.02 GF_Model_IV
0.0156427443442465 881.884087345192 0.00358944018054364 0.000116126143534091 no_error _Recombination_Map_Scenario_2_ 750 2250 0 1 0.02 GF_Model_IV
0.0110868872243802 780.402962526131 0.00693253115552916 8.86438165906287e-05 no_error _Recombination_Map_Scenario_2_ 750 2250 0 1 0.02 GF_Model_IV
0.0156223183897354 1088.46763571188 0.00776940662236941 4.36053055404341e-05 no_error _Recombination_Map_Scenario_2_ 750 2250 0 1 0.02 GF_Model_IV
0.0067769376240309 173.008734952294 0.0319666902111513 7.10611497323834e-05 no_error _Recombination_Map_Scenario_2_ 750 2250 0 1 0.02 GF_Model_IV
0.0167605999048277 858.634249102222 0.00343228671662253 9.26845427845211e-05 no_error _Recombination_Map_Scenario_2_ 750 2250 0 1 0.02 GF_Model_IV
0.0156399332253936 605.063601664968 0.00186160572111209 0.000176457556919292 no_error _Recombination_Map_Scenario_2_ 750 2250 0 1 0.02 GF_Model_IV
0.0151461466826832 788.725110986139 0.0040316804438521 9.59516531697408e-05 no_error _Recombination_Map_Scenario_2_ 750 2250 0 1 0.02 GF_Model_IV
0.0123690699190266 982.171896668825 0.00485316370858204 4.96229616053263e-05 no_error _Recombination_Map_Scenario_2_ 750 2250 0 1 0.02 GF_Model_IV
0.0118576404489236 1138.60605312255 0.0128617737867142 2.39210538146179e-05 no_error _Recombination_Map_Scenario_2_ 750 2250 0 1 0.02 GF_Model_IV
0.0137430327137275 799.564903178738 0.00414960644474042 5.15576802237831e-05 no_error _Recombination_Map_Scenario_2_ 750 2250 0 1 0.02 GF_Model_IV
0.017016663950107 877.561474897073 0.00339734980444716 0.000137244105297622 no_error _Recombination_Map_Scenario_2_ 750 2250 0 1 0.02 GF_Model_IV
0.015928239364218 846.21886079777 0.00635116225166902 0.000136080236103763 no_error _Recombination_Map_Scenario_2_ 750 2250 0 1 0.02 GF_Model_IV
0.0135107490495869 906.049679352608 0.00363515167714862 7.84660796157949e-05 no_error _Recombination_Map_Scenario_2_ 750 2250 0 1 0.02 GF_Model_IV
0.0146443162817044 529.988805169085 0.00866297375916727 0.000280977159093934 no_error _Recombination_Map_Scenario_2_ 750 2250 0 1 0.02 GF_Model_IV
0.0159546436748491 945.984093289668 0.00237771258892792 5.4735450542939e-05 no_error _Recombination_Map_Scenario_2_ 750 2250 0 1 0.02 GF_Model_IV
0.0173759572574081 889.078730522521 0.0020508618709106 0.000104470766486595 no_error _Recombination_Map_Scenario_2_ 750 2250 0 1 0.02 GF_Model_IV
0.0128932228328918 934.600644384231 0.0104468093022888 8.73844943943427e-05 no_error _Recombination_Map_Scenario_2_ 750 2250 0 1 0.02 GF_Model_IV
0.0177367824935628 828.507666445592 0.00121999137478549 9.10494639089932e-05 no_error _Recombination_Map_Scenario_2_ 750 2250 0 1 0.02 GF_Model_IV
0.0137965059326748 908.676243394147 0.00417548461991068 7.1308425112798e-05 no_error _Recombination_Map_Scenario_2_ 750 2250 0 1 0.02 GF_Model_IV
0.0137156757357184 933.764933852775 0.00540090703006373 8.89358867914172e-05 no_error _Recombination_Map_Scenario_2_ 750 2250 0 1 0.02 GF_Model_IV
0.0152016156055681 1143.11080944253 0.00811959710276494 5.37708323251722e-05 no_error _Recombination_Map_Scenario_2_ 750 2250 0 1 0.02 GF_Model_IV
0.0163762453452943 922.546925115635 0.00133408614144333 0.00010710625793209 no_error _Recombination_Map_Scenario_2_ 750 2250 0 1 0.02 GF_Model_IV
0.0115408482519291 748.066132970208 0.00803942545531252 9.54367238419379e-05 no_error _Recombination_Map_Scenario_2_ 750 2250 0 1 0.02 GF_Model_IV
0.0153246963745956 628.199615717787 0.00487498499015548 7.30444556913939e-05 no_error _Recombination_Map_Scenario_2_ 750 2250 0 1 0.02 GF_Model_IV
0.012955238338447 781.961739945501 0.00804842678947918 9.57350402856803e-05 no_error _Recombination_Map_Scenario_2_ 750 2250 0 1 0.02 GF_Model_IV
0.0124614226920633 985.737442447962 0.00857958627810045 2.60190836324671e-05 no_error _Recombination_Map_Scenario_2_ 750 2250 0 1 0.02 GF_Model_IV
0.0118891095761525 895.602863271076 0.00683035705449186 5.28563688286084e-05 no_error _Recombination_Map_Scenario_2_ 750 2250 0 1 0.02 GF_Model_IV
0.0144246975779526 496.921601200667 0.0114661443886139 0.000120061017899572 no_error _Recombination_Map_Scenario_2_ 750 2250 0 1 0.02 GF_Model_IV
0.014318562922472 865.983195419506 0.00912929583525501 6.84620746130779e-05 no_error _Recombination_Map_Scenario_2_ 750 2250 0 1 0.02 GF_Model_IV
0.0161107964534604 953.595856951869 0.00277621587520273 6.92262225583816e-05 no_error _Recombination_Map_Scenario_2_ 750 2250 0 1 0.02 GF_Model_IV
0.0116684553182112 1176.65930936758 0.0114299314746848 3.96233259416385e-05 no_error _Recombination_Map_Scenario_2_ 750 2250 0 1 0.02 GF_Model_IV
0.0126150030814863 1003.89783440508 0.00517507128028995 6.84730064125692e-05 no_error _Recombination_Map_Scenario_2_ 750 2250 0 1 0.02 GF_Model_IV
0.00840627198707596 622.307788430888 0.0141285237374637 8.42426631303749e-05 no_error _Recombination_Map_Scenario_2_ 750 2250 0 1 0.02 GF_Model_IV
0.0153544805494572 456.250473379108 0.00453498979527002 0.000329064506697312 no_error _Recombination_Map_Scenario_2_ 750 2250 0 1 0.02 GF_Model_IV
0.0137682898379301 834.778344200692 0.00570953312751389 0.000118409270488761 no_error _Recombination_Map_Scenario_2_ 750 2250 0 1 0.02 GF_Model_IV
0.0151494571717136 849.228407085196 0.00436957514460134 7.62040040263528e-05 no_error _Recombination_Map_Scenario_2_ 750 2250 0 1 0.02 GF_Model_IV
0.0106860385564788 1064.63432932249 0.00898333208566105 4.45879497960024e-05 no_error _Recombination_Map_Scenario_2_ 750 2250 0 1 0.02 GF_Model_IV
0.00971356168371462 896.414289471381 0.0152817114380162 7.9013128206912e-05 no_error _Recombination_Map_Scenario_2_ 750 2250 0 1 0.02 GF_Model_IV
0.013944255287126 741.128583087824 0.00719889280748428 0.000128435325339647 no_error _Recombination_Map_Scenario_2_ 750 2250 0 1 0.02 GF_Model_IV
0.0144777094508418 928.295911552621 0.00706425601238359 4.47168033392397e-05 no_error _Recombination_Map_Scenario_2_ 750 2250 0 1 0.02 GF_Model_IV
0.0131039596767832 846.885994202825 0.00789442393690399 4.14238358201452e-05 no_error _Recombination_Map_Scenario_2_ 750 2250 0 1 0.02 GF_Model_IV
0.0155001579859588 659.696831406832 0.00437301575282563 0.000194467959394769 no_error _Recombination_Map_Scenario_2_ 750 2250 0 1 0.02 GF_Model_IV
0.0153057304304384 1187.13042262773 0.00473800372695591 5.21595728526324e-05 no_error _Recombination_Map_Scenario_2_ 750 2250 0 1 0.02 GF_Model_IV
0.0113391701560911 728.238021034475 0.0101711614005387 0.000108848013672028 no_error _Recombination_Map_Scenario_2_ 750 2250 0 1 0.02 GF_Model_IV
0.0115322279458403 1025.60819272152 0.0125926562539135 6.49807589883077e-05 no_error _Recombination_Map_Scenario_2_ 750 2250 0 1 0.02 GF_Model_IV
0.0320823664958128 12.186961559713 0.0136190103057545 6.18357564820186e-05 nls_error _Recombination_Map_Scenario_2_ 750 2250 0 1 0.02 GF_Model_IV
0.0105105931335478 1044.15327469397 0.0097767372277228 6.02070312184093e-05 no_error _Recombination_Map_Scenario_2_ 750 2250 0 1 0.02 GF_Model_IV
0.0103328177580601 825.668039265695 0.0133365715386826 8.94062123860429e-05 no_error _Recombination_Map_Scenario_2_ 750 2250 0 1 0.02 GF_Model_IV
0.0107746007489583 635.708277680001 0.0123049521579612 0.000219364159670316 no_error _Recombination_Map_Scenario_2_ 750 2250 0 1 0.02 GF_Model_IV
0.00823084768599128 1177.17557230972 0.018677470977346 3.08913232905996e-05 no_error _Recombination_Map_Scenario_2_ 750 2250 0 1 0.02 GF_Model_IV
0.0134703948414922 960.938358881279 0.0116789811259177 0.00011647135152913 no_error _Recombination_Map_Scenario_2_ 750 2250 0 1 0.02 GF_Model_IV
0.0141241600551963 1011.12538492648 0.00586790148854606 4.66710871907147e-05 no_error _Recombination_Map_Scenario_2_ 750 2250 0 1 0.02 GF_Model_IV
0.0140963842627002 870.960502129787 0.00393332110696873 9.8557273681429e-05 no_error _Recombination_Map_Scenario_2_ 750 2250 0 1 0.02 GF_Model_IV
0.00849954687793002 903.528814529241 0.0124897577815012 3.86017958365335e-05 no_error _Recombination_Map_Scenario_2_ 750 2250 0 1 0.02 GF_Model_IV
0.00767266729889899 494.28049308496 0.0205560687231714 0.000273285768367578 no_error _Recombination_Map_Scenario_2_ 750 2250 0 1 0.02 GF_Model_IV
0.0134188509313284 888.367064706462 0.00471537330701806 9.10977151994628e-05 no_error _Recombination_Map_Scenario_2_ 750 2250 0 1 0.02 GF_Model_IV
0.00996873752235388 1141.51676343021 0.0159908941628498 3.78295029523136e-05 no_error _Recombination_Map_Scenario_2_ 750 2250 0 1 0.02 GF_Model_IV
0.00877248362780468 711.117132854428 0.0149469329410626 0.000193081097539331 no_error _Recombination_Map_Scenario_2_ 750 2250 0 1 0.02 GF_Model_IV
0.0114097671840225 890.86829926204 0.00630485428697967 8.64874679659396e-05 no_error _Recombination_Map_Scenario_2_ 750 2250 0 1 0.02 GF_Model_IV
0.00333114126026405 313.583435212678 0.0291927967218454 0.00014100469124234 no_error _Recombination_Map_Scenario_2_ 750 2250 0 1 0.02 GF_Model_IV
0.0155814947032565 787.42046636141 0.00375009719414785 7.47075222208487e-05 no_error _Recombination_Map_Scenario_2_ 750 2250 0 1 0.02 GF_Model_IV
0.015813195782488 815.699264978003 0.00590349357805348 0.000150686840224605 no_error _Recombination_Map_Scenario_2_ 750 2250 0 1 0.02 GF_Model_IV
0.0130931853338073 866.245254435619 0.0097918700320506 0.000129698419237923 no_error _Recombination_Map_Scenario_2_ 750 2250 0 1 0.02 GF_Model_IV
0.0100947505657342 590.030292824876 0.0115762116875036 0.000188422909996517 no_error _Recombination_Map_Scenario_2_ 750 2250 0 1 0.02 GF_Model_IV
0.0115937967196216 876.667848991312 0.0090368097673413 5.12027469512948e-05 no_error _Recombination_Map_Scenario_2_ 750 2250 0 1 0.02 GF_Model_IV
0.0125089097032433 975.055369276385 0.00819112099261459 6.09673588739404e-05 no_error _Recombination_Map_Scenario_2_ 750 2250 0 1 0.02 GF_Model_IV
0.0131133224923715 955.777236368 0.00350813721168662 5.31204675778956e-05 no_error _Recombination_Map_Scenario_2_ 750 2250 0 1 0.02 GF_Model_IV
0.0160470213831367 828.371094243521 0.00161533845424923 0.000117640941448894 no_error _Recombination_Map_Scenario_2_ 750 2250 0 1 0.02 GF_Model_IV
0.0129820256766371 702.186403024642 0.00722140219372732 5.80109693379798e-05 no_error _Recombination_Map_Scenario_2_ 750 2250 0 1 0.02 GF_Model_IV
0.0106942247046865 1001.60559300086 0.0116108529973875 6.1671684598617e-05 no_error _Recombination_Map_Scenario_2_ 750 2250 0 1 0.02 GF_Model_IV
0.00663668945831988 5956.07100466423 0.0364566131134453 4.39306177586247e-05 no_error _Recombination_Map_Scenario_2_ 750 2250 0 1 0.02 GF_Model_IV
0.0111547566096473 1083.40148604237 0.0108283950034641 4.68419872214694e-05 no_error _Recombination_Map_Scenario_2_ 750 2250 0 1 0.02 GF_Model_IV
0.0159436535023008 955.254202403674 0.00245162857127445 6.19838776195693e-05 no_error _Recombination_Map_Scenario_2_ 750 2250 0 1 0.02 GF_Model_IV
0.0121355735956838 998.29397702864 0.00717290447980731 5.72619660448836e-05 no_error _Recombination_Map_Scenario_2_ 750 2250 0 1 0.02 GF_Model_IV
0.013903545808626 745.995311371912 0.00523665659148997 7.81625847210154e-05 no_error _Recombination_Map_Scenario_2_ 750 2250 0 1 0.02 GF_Model_IV
0.0149129087140759 992.677417390957 0.00196325615114507 5.67243930630086e-05 no_error _Recombination_Map_Scenario_2_ 750 2250 0 1 0.02 GF_Model_IV
0.0184473181616204 941.644587567007 0.00164490946828985 4.4265184817396e-05 no_error _Recombination_Map_Scenario_2_ 750 2250 0 1 0.02 GF_Model_IV
0.0133643202974941 904.590462721033 0.00765307872910526 3.42408966852848e-05 no_error _Recombination_Map_Scenario_2_ 750 2250 0 1 0.02 GF_Model_IV
0.0116740094868895 799.280044964157 0.0155825076398721 4.97998769727653e-05 no_error _Recombination_Map_Scenario_2_ 750 2250 0 1 0.02 GF_Model_IV
0.0143155130101148 1209.07854719023 0.00864417691718133 4.58555002834262e-05 no_error _Recombination_Map_Scenario_2_ 750 2250 0 1 0.02 GF_Model_IV
0.0174803728977198 952.92105532272 0.00185339740693364 8.53667097193945e-05 no_error _Recombination_Map_Scenario_2_ 750 2250 0 1 0.02 GF_Model_IV
0.0103117939558867 1120.02600330197 0.0115109124986976 2.84853756531512e-05 no_error _Recombination_Map_Scenario_2_ 750 2250 0 1 0.02 GF_Model_IV
0.0114557376466347 764.812042843593 0.0125226367362691 0.000155793614602858 no_error _Recombination_Map_Scenario_2_ 750 2250 0 1 0.02 GF_Model_IV
0.012031462197951 867.284168879725 0.00774418811149585 6.81188652566859e-05 no_error _Recombination_Map_Scenario_2_ 750 2250 0 1 0.02 GF_Model_IV
0.0171944710747317 902.11813906117 0.00342378340786651 0.000138619458811451 no_error _Recombination_Map_Scenario_2_ 750 2250 0 1 0.02 GF_Model_IV
0.0124021640956515 1006.52383000764 0.0080589125748949 4.27157279464037e-05 no_error _Recombination_Map_Scenario_2_ 750 2250 0 1 0.02 GF_Model_IV
0.0171851433831406 961.1510738481 0.00236889505832706 9.97609924727765e-05 no_error _Recombination_Map_Scenario_2_ 750 2250 0 1 0.02 GF_Model_IV
0.0112523590554713 923.729796470031 0.0114467809530983 9.6957425267884e-05 no_error _Recombination_Map_Scenario_2_ 750 2250 0 1 0.02 GF_Model_IV
0.0143891883765882 867.606191161447 0.01211760068128 7.94682870364449e-05 no_error _Recombination_Map_Scenario_2_ 750 2250 0 1 0.02 GF_Model_IV
0.0130434207458941 977.428121958533 0.00396798209989412 4.08618842312099e-05 no_error _Recombination_Map_Scenario_2_ 750 2250 0 1 0.02 GF_Model_IV
0.00920339004313009 663.897818537111 0.00658056595460306 0.000143144664607027 no_error _Recombination_Map_Scenario_2_ 750 2250 0 1 0.02 GF_Model_IV
0.0144101254534749 862.515719363878 0.0041063877224308 8.37395692081184e-05 no_error _Recombination_Map_Scenario_2_ 750 2250 0 1 0.02 GF_Model_IV
0.0111339786690548 896.685898190835 0.00769931116555998 7.856444811921e-05 no_error _Recombination_Map_Scenario_2_ 750 2250 0 1 0.02 GF_Model_IV
0.0194624500227488 7.18029938643882 0.0171579672377414 0.000183887598003275 nls_error _Recombination_Map_Scenario_2_ 750 2250 0 1 0.02 GF_Model_IV
