0.000513345649672496 584.789784479445 0.00022506211999147 1.49271873403078e-07 no_error _Recombination_Map_Scenario_1_ 1500 1501 0 1 0.05 GF_Model_IV
0.000673046991834092 882.509555990742 0.000102791311408117 1.19742725787859e-07 no_error _Recombination_Map_Scenario_1_ 1500 1501 0 1 0.05 GF_Model_IV
0.000663272453736895 950.306093352503 0.000298515874792766 8.33930320719206e-08 no_error _Recombination_Map_Scenario_1_ 1500 1501 0 1 0.05 GF_Model_IV
0.000573000883971944 626.355287045782 0.000268669579466947 1.73978812132161e-07 no_error _Recombination_Map_Scenario_1_ 1500 1501 0 1 0.05 GF_Model_IV
0.000655679620337836 804.130261996785 0.000425326284155996 2.09834647823749e-07 no_error _Recombination_Map_Scenario_1_ 1500 1501 0 1 0.05 GF_Model_IV
0.000671603236855556 886.114070277883 0.000233644487828121 7.80478197562706e-08 no_error _Recombination_Map_Scenario_1_ 1500 1501 0 1 0.05 GF_Model_IV
0.000633074895396445 696.324268743884 0.000456940398256571 1.36272378500468e-07 no_error _Recombination_Map_Scenario_1_ 1500 1501 0 1 0.05 GF_Model_IV
0.000680788341264857 627.281514563594 0.000503797099795159 3.17774331426982e-07 no_error _Recombination_Map_Scenario_1_ 1500 1501 0 1 0.05 GF_Model_IV
0.000617768429674366 884.227343369641 6.81156980287789e-05 5.46701185137248e-08 no_error _Recombination_Map_Scenario_1_ 1500 1501 0 1 0.05 GF_Model_IV
0.000640720634399108 902.83669952329 0.000118865608414565 7.42478000247308e-08 no_error _Recombination_Map_Scenario_1_ 1500 1501 0 1 0.05 GF_Model_IV
0.00058342426529 777.772121794059 0.000219461450065659 1.28625220526914e-07 no_error _Recombination_Map_Scenario_1_ 1500 1501 0 1 0.05 GF_Model_IV
0.000527397157378424 655.106671823422 0.000247916697831473 1.21784594046255e-07 no_error _Recombination_Map_Scenario_1_ 1500 1501 0 1 0.05 GF_Model_IV
0.000622739453995627 914.140214140733 0.000131728854799989 5.8826715249947e-08 no_error _Recombination_Map_Scenario_1_ 1500 1501 0 1 0.05 GF_Model_IV
0.000591172575512566 779.130073965256 0.000136091207339766 1.01732470841315e-07 no_error _Recombination_Map_Scenario_1_ 1500 1501 0 1 0.05 GF_Model_IV
0.00063117989804842 927.75549347739 8.27390296686228e-05 4.9816001164873e-08 no_error _Recombination_Map_Scenario_1_ 1500 1501 0 1 0.05 GF_Model_IV
0.000631170129785472 660.548758311495 0.000430880652278057 1.95852290175691e-07 no_error _Recombination_Map_Scenario_1_ 1500 1501 0 1 0.05 GF_Model_IV
0.000662484285642795 926.132721095634 0.000177989787969531 8.14425250252458e-08 no_error _Recombination_Map_Scenario_1_ 1500 1501 0 1 0.05 GF_Model_IV
0.000600692863068234 834.175446318301 0.00012479405492477 1.32846442208856e-07 no_error _Recombination_Map_Scenario_1_ 1500 1501 0 1 0.05 GF_Model_IV
0.000598107204781386 458.347653231478 0.000604269899009824 3.01543916196391e-07 no_error _Recombination_Map_Scenario_1_ 1500 1501 0 1 0.05 GF_Model_IV
0.000553058956209135 748.103106602686 9.49687403061168e-05 9.52448545930679e-08 no_error _Recombination_Map_Scenario_1_ 1500 1501 0 1 0.05 GF_Model_IV
0.000483255986012632 482.958058228682 0.000648622803431836 2.0764452697692e-07 no_error _Recombination_Map_Scenario_1_ 1500 1501 0 1 0.05 GF_Model_IV
0.000615855821395881 474.952199249387 0.000739722557211167 3.96906884656572e-07 no_error _Recombination_Map_Scenario_1_ 1500 1501 0 1 0.05 GF_Model_IV
0.000619043883868522 787.946886606126 0.000134557027237495 7.10208320721435e-08 no_error _Recombination_Map_Scenario_1_ 1500 1501 0 1 0.05 GF_Model_IV
0.000627676489607615 595.369880007528 0.000642797721413566 1.62728755462593e-07 no_error _Recombination_Map_Scenario_1_ 1500 1501 0 1 0.05 GF_Model_IV
0.000641407002503807 341.935380022058 0.000418760306969459 3.51647147052212e-07 no_error _Recombination_Map_Scenario_1_ 1500 1501 0 1 0.05 GF_Model_IV
0.000630277455813814 410.798365087066 0.000709664920669545 4.16179877043957e-07 no_error _Recombination_Map_Scenario_1_ 1500 1501 0 1 0.05 GF_Model_IV
0.000675354349807857 991.090710163698 7.63091406846596e-05 5.76703343393474e-08 no_error _Recombination_Map_Scenario_1_ 1500 1501 0 1 0.05 GF_Model_IV
0.000674486547038312 898.08113635992 0.000198286641130457 7.2514961036754e-08 no_error _Recombination_Map_Scenario_1_ 1500 1501 0 1 0.05 GF_Model_IV
0.000564540516393797 661.725686977341 0.000206773326915355 1.59936191490224e-07 no_error _Recombination_Map_Scenario_1_ 1500 1501 0 1 0.05 GF_Model_IV
0.000586036422740353 723.18715291574 0.000221408351987347 1.29873252299762e-07 no_error _Recombination_Map_Scenario_1_ 1500 1501 0 1 0.05 GF_Model_IV
0.000665713968203503 698.090717460936 0.000143108755785504 1.43025566879397e-07 no_error _Recombination_Map_Scenario_1_ 1500 1501 0 1 0.05 GF_Model_IV
0.000638357066453004 914.223115499933 9.41383619301842e-05 6.45457960200735e-08 no_error _Recombination_Map_Scenario_1_ 1500 1501 0 1 0.05 GF_Model_IV
0.000590454918803299 341.132814706442 0.000940769228164332 3.56991432348241e-07 no_error _Recombination_Map_Scenario_1_ 1500 1501 0 1 0.05 GF_Model_IV
0.000653639673375433 903.250823633515 0.000150429724329859 7.92257003910118e-08 no_error _Recombination_Map_Scenario_1_ 1500 1501 0 1 0.05 GF_Model_IV
0.000668936889207338 877.970048401539 0.000112988919041242 1.23445655036928e-07 no_error _Recombination_Map_Scenario_1_ 1500 1501 0 1 0.05 GF_Model_IV
0.000588824059537099 607.327485126443 0.000407152640344661 1.65099787343992e-07 no_error _Recombination_Map_Scenario_1_ 1500 1501 0 1 0.05 GF_Model_IV
0.000578368811746478 819.934736491552 0.000119677312035712 8.37394493870236e-08 no_error _Recombination_Map_Scenario_1_ 1500 1501 0 1 0.05 GF_Model_IV
0.00066599670920283 665.542630790356 0.000394484811108668 2.28481515162619e-07 no_error _Recombination_Map_Scenario_1_ 1500 1501 0 1 0.05 GF_Model_IV
0.000511184863819328 699.048404013867 0.000500883603240613 1.38126724541493e-07 no_error _Recombination_Map_Scenario_1_ 1500 1501 0 1 0.05 GF_Model_IV
0.000602791359065545 822.873273332567 5.96323207692991e-05 6.77220743153032e-08 no_error _Recombination_Map_Scenario_1_ 1500 1501 0 1 0.05 GF_Model_IV
0.000572694847895357 657.004340171339 0.000578764845855137 1.99658522010475e-07 no_error _Recombination_Map_Scenario_1_ 1500 1501 0 1 0.05 GF_Model_IV
0.000606264953254861 747.96752479752 0.000439373698589312 1.20166789535824e-07 no_error _Recombination_Map_Scenario_1_ 1500 1501 0 1 0.05 GF_Model_IV
0.000612106701598372 798.863981023049 7.72689510262834e-05 4.89110138662269e-08 no_error _Recombination_Map_Scenario_1_ 1500 1501 0 1 0.05 GF_Model_IV
0.000575560001702847 930.571706269114 0.000101089651485856 6.74609293029801e-08 no_error _Recombination_Map_Scenario_1_ 1500 1501 0 1 0.05 GF_Model_IV
0.000635198356806029 838.855711402053 0.000183752792085395 1.01498199298073e-07 no_error _Recombination_Map_Scenario_1_ 1500 1501 0 1 0.05 GF_Model_IV
0.000547425780982128 581.264961177979 0.00071292901475806 2.03257661910827e-07 no_error _Recombination_Map_Scenario_1_ 1500 1501 0 1 0.05 GF_Model_IV
0.000610169303652773 867.638679710616 9.16404545346166e-05 8.71823941215261e-08 no_error _Recombination_Map_Scenario_1_ 1500 1501 0 1 0.05 GF_Model_IV
0.00055029045567779 422.209214101882 0.000851874334554334 3.32027527754349e-07 no_error _Recombination_Map_Scenario_1_ 1500 1501 0 1 0.05 GF_Model_IV
0.000609877196880499 684.567407758366 8.65229603670931e-05 1.54026026359978e-07 no_error _Recombination_Map_Scenario_1_ 1500 1501 0 1 0.05 GF_Model_IV
0.000538204073790159 625.597033909285 0.000719402767641305 2.31839383019732e-07 no_error _Recombination_Map_Scenario_1_ 1500 1501 0 1 0.05 GF_Model_IV
0.000586230025994562 656.781272526131 0.000778468567389947 2.44042154427324e-07 no_error _Recombination_Map_Scenario_1_ 1500 1501 0 1 0.05 GF_Model_IV
0.00060166897744957 834.163887356285 0.000200410195600063 8.7941905770158e-08 no_error _Recombination_Map_Scenario_1_ 1500 1501 0 1 0.05 GF_Model_IV
0.000630987031503487 696.457465752987 0.00012043043216773 7.90705534008187e-08 no_error _Recombination_Map_Scenario_1_ 1500 1501 0 1 0.05 GF_Model_IV
0.000605039708921195 814.691199837345 0.000157764235798303 1.45148830520418e-07 no_error _Recombination_Map_Scenario_1_ 1500 1501 0 1 0.05 GF_Model_IV
0.000719568719575758 414.050388533655 0.000569327564973652 4.65669702350462e-07 no_error _Recombination_Map_Scenario_1_ 1500 1501 0 1 0.05 GF_Model_IV
0.000634432777721307 791.938837984162 0.000297353793858477 1.41397893177541e-07 no_error _Recombination_Map_Scenario_1_ 1500 1501 0 1 0.05 GF_Model_IV
0.000552692965083324 848.382936286782 0.000218867382865773 9.83261034191981e-08 no_error _Recombination_Map_Scenario_1_ 1500 1501 0 1 0.05 GF_Model_IV
0.00064837787629653 835.610234891077 0.000221972254815633 1.15675241193398e-07 no_error _Recombination_Map_Scenario_1_ 1500 1501 0 1 0.05 GF_Model_IV
0.000613382079172809 476.164586762855 0.000897187005210712 4.36431822783549e-07 no_error _Recombination_Map_Scenario_1_ 1500 1501 0 1 0.05 GF_Model_IV
0.000670088703756445 890.870086593158 0.000101938220870272 9.15069701714073e-08 no_error _Recombination_Map_Scenario_1_ 1500 1501 0 1 0.05 GF_Model_IV
0.000696521259348056 398.078817742162 0.0011777055413935 3.93122114080633e-07 no_error _Recombination_Map_Scenario_1_ 1500 1501 0 1 0.05 GF_Model_IV
0.000731814577968961 977.362466435158 0.000155051297595648 9.42438952854193e-08 no_error _Recombination_Map_Scenario_1_ 1500 1501 0 1 0.05 GF_Model_IV
0.000620861281383311 844.59347515277 6.89224257706096e-05 7.05067514599507e-08 no_error _Recombination_Map_Scenario_1_ 1500 1501 0 1 0.05 GF_Model_IV
0.000646789364177328 821.482291102042 8.61676411601626e-05 7.68333732899028e-08 no_error _Recombination_Map_Scenario_1_ 1500 1501 0 1 0.05 GF_Model_IV
0.000521318833226174 608.883143234477 0.000418061722280634 2.21050265807043e-07 no_error _Recombination_Map_Scenario_1_ 1500 1501 0 1 0.05 GF_Model_IV
0.00067073932221441 853.1598599998 0.000120332348511161 8.97578683403782e-08 no_error _Recombination_Map_Scenario_1_ 1500 1501 0 1 0.05 GF_Model_IV
0.000601547825693545 581.656375947055 0.000247823270162164 3.31708752668975e-07 no_error _Recombination_Map_Scenario_1_ 1500 1501 0 1 0.05 GF_Model_IV
0.000550831133645516 776.709683156644 6.86474149993096e-05 6.67065415004889e-08 no_error _Recombination_Map_Scenario_1_ 1500 1501 0 1 0.05 GF_Model_IV
0.000612427056141263 789.455236419907 0.000324980827825494 1.32797656098731e-07 no_error _Recombination_Map_Scenario_1_ 1500 1501 0 1 0.05 GF_Model_IV
0.000681321884804264 734.1440080524 0.000309130788644186 9.30774588283163e-08 no_error _Recombination_Map_Scenario_1_ 1500 1501 0 1 0.05 GF_Model_IV
0.000717211429364445 843.729472912291 0.000181191667377686 6.16636025081882e-08 no_error _Recombination_Map_Scenario_1_ 1500 1501 0 1 0.05 GF_Model_IV
0.000644262934678874 796.633877968053 0.000322866664829242 1.09545481588026e-07 no_error _Recombination_Map_Scenario_1_ 1500 1501 0 1 0.05 GF_Model_IV
0.000548451383871772 439.74213036582 0.00113645235618924 3.13853065601745e-07 no_error _Recombination_Map_Scenario_1_ 1500 1501 0 1 0.05 GF_Model_IV
0.000568862833740463 648.137075136533 0.000347995824810281 2.22623801282955e-07 no_error _Recombination_Map_Scenario_1_ 1500 1501 0 1 0.05 GF_Model_IV
0.000612577499250311 341.456946783084 0.000873062699520289 4.46881198885557e-07 no_error _Recombination_Map_Scenario_1_ 1500 1501 0 1 0.05 GF_Model_IV
0.000646031551584265 515.143814818543 0.00132175608760074 3.80817388475739e-07 no_error _Recombination_Map_Scenario_1_ 1500 1501 0 1 0.05 GF_Model_IV
0.00063539189280093 957.641654762483 0.000181068512902875 5.7423543707937e-08 no_error _Recombination_Map_Scenario_1_ 1500 1501 0 1 0.05 GF_Model_IV
0.000663132775762902 886.958193260009 0.000179661927167932 9.84102993334873e-08 no_error _Recombination_Map_Scenario_1_ 1500 1501 0 1 0.05 GF_Model_IV
0.000556562321281979 789.214667301371 0.000245242769744024 1.11029102099569e-07 no_error _Recombination_Map_Scenario_1_ 1500 1501 0 1 0.05 GF_Model_IV
0.000821147378185486 601.821569155508 0.000432392081899274 3.59286153054967e-07 no_error _Recombination_Map_Scenario_1_ 1500 1501 0 1 0.05 GF_Model_IV
0.000616153253292021 823.201875367258 0.000314370668990502 5.82359902415293e-08 no_error _Recombination_Map_Scenario_1_ 1500 1501 0 1 0.05 GF_Model_IV
0.000593154654445746 842.327308041783 0.000124448115574334 5.10790449824559e-08 no_error _Recombination_Map_Scenario_1_ 1500 1501 0 1 0.05 GF_Model_IV
0.00056321211967328 815.020728743522 0.000272791056585501 1.04835362701835e-07 no_error _Recombination_Map_Scenario_1_ 1500 1501 0 1 0.05 GF_Model_IV
0.000589358822610262 553.630742906346 0.000899911479236482 2.91569031902047e-07 no_error _Recombination_Map_Scenario_1_ 1500 1501 0 1 0.05 GF_Model_IV
0.0006571952929391 664.298217511158 0.000422094749069041 1.92083713944861e-07 no_error _Recombination_Map_Scenario_1_ 1500 1501 0 1 0.05 GF_Model_IV
0.000576241728016059 803.688206925637 0.000214314003672625 1.18575392293161e-07 no_error _Recombination_Map_Scenario_1_ 1500 1501 0 1 0.05 GF_Model_IV
0.000609005486507194 567.037608947959 0.000781138964297949 2.64589460664209e-07 no_error _Recombination_Map_Scenario_1_ 1500 1501 0 1 0.05 GF_Model_IV
0.000633236098070929 838.463305492871 0.000265653275931883 1.21239340656606e-07 no_error _Recombination_Map_Scenario_1_ 1500 1501 0 1 0.05 GF_Model_IV
0.00062213562968352 776.997299098159 0.00013836649717858 1.03699384695646e-07 no_error _Recombination_Map_Scenario_1_ 1500 1501 0 1 0.05 GF_Model_IV
0.000754265142507914 893.070925495209 0.000131894173043247 6.31416664792695e-08 no_error _Recombination_Map_Scenario_1_ 1500 1501 0 1 0.05 GF_Model_IV
0.000556312393085079 668.237440649251 8.04532903190495e-05 1.1164886767927e-07 no_error _Recombination_Map_Scenario_1_ 1500 1501 0 1 0.05 GF_Model_IV
0.000562993707756148 772.819485440735 0.000187668749552401 1.38740219612245e-07 no_error _Recombination_Map_Scenario_1_ 1500 1501 0 1 0.05 GF_Model_IV
0.000586801591345852 886.269881506847 0.000161476728326152 8.83878380003309e-08 no_error _Recombination_Map_Scenario_1_ 1500 1501 0 1 0.05 GF_Model_IV
0.000695624026659893 395.974439221738 0.000684699865856922 6.31448401094615e-07 no_error _Recombination_Map_Scenario_1_ 1500 1501 0 1 0.05 GF_Model_IV
0.000560126259955377 854.545493384142 8.599828586994e-05 4.52514017362772e-08 no_error _Recombination_Map_Scenario_1_ 1500 1501 0 1 0.05 GF_Model_IV
0.000608538309849193 633.809374958337 0.000636294284314514 1.69442264832377e-07 no_error _Recombination_Map_Scenario_1_ 1500 1501 0 1 0.05 GF_Model_IV
0.000599211424471336 616.717977387707 0.000259112649029571 1.69785844178813e-07 no_error _Recombination_Map_Scenario_1_ 1500 1501 0 1 0.05 GF_Model_IV
0.000690563283163056 1027.68523199991 5.22235048326496e-05 5.21267962137144e-08 no_error _Recombination_Map_Scenario_1_ 1500 1501 0 1 0.05 GF_Model_IV
0.000673523563972981 821.18793063229 9.63884192994185e-05 1.55947613279213e-07 no_error _Recombination_Map_Scenario_1_ 1500 1501 0 1 0.05 GF_Model_IV
0.000603173963167545 509.853578309987 0.000492912062582632 3.82326789265346e-07 no_error _Recombination_Map_Scenario_1_ 1500 1501 0 1 0.05 GF_Model_IV
0.000599859867014428 731.173365695468 0.000328320700337159 1.58006944036548e-07 no_error _Recombination_Map_Scenario_2_ 750 2250 0 1 0.05 GF_Model_IV
0.000584098034839066 928.75100149846 0.000108687508615275 7.08663604132455e-08 no_error _Recombination_Map_Scenario_2_ 750 2250 0 1 0.05 GF_Model_IV
0.000626562423222706 608.950893139956 0.000480346914346325 2.03218671217648e-07 no_error _Recombination_Map_Scenario_2_ 750 2250 0 1 0.05 GF_Model_IV
0.000578131424928269 858.702837250725 0.000305498375153532 9.74410286261262e-08 no_error _Recombination_Map_Scenario_2_ 750 2250 0 1 0.05 GF_Model_IV
0.000649808107297068 878.340887738511 0.000141964026791248 6.50867377618265e-08 no_error _Recombination_Map_Scenario_2_ 750 2250 0 1 0.05 GF_Model_IV
0.000555382713751651 524.320534335577 0.000957577300488622 2.46292313157741e-07 no_error _Recombination_Map_Scenario_2_ 750 2250 0 1 0.05 GF_Model_IV
0.000640940550686966 824.058510898755 0.000108986391077983 1.16740707415949e-07 no_error _Recombination_Map_Scenario_2_ 750 2250 0 1 0.05 GF_Model_IV
0.000536288321072225 671.592818986736 0.000226405189473487 9.74452339949239e-08 no_error _Recombination_Map_Scenario_2_ 750 2250 0 1 0.05 GF_Model_IV
0.000764644771751746 964.593691873086 0.00024460130133399 1.14853052714466e-07 no_error _Recombination_Map_Scenario_2_ 750 2250 0 1 0.05 GF_Model_IV
0.000819477934412753 324.693417150271 0.0013812356678327 3.07850784091456e-07 no_error _Recombination_Map_Scenario_2_ 750 2250 0 1 0.05 GF_Model_IV
0.000608767390575732 857.90006793619 8.35953807320632e-05 6.01269109620199e-08 no_error _Recombination_Map_Scenario_2_ 750 2250 0 1 0.05 GF_Model_IV
0.000539259202310046 640.683391228804 4.50779898722009e-05 9.84780942221764e-08 no_error _Recombination_Map_Scenario_2_ 750 2250 0 1 0.05 GF_Model_IV
0.000625415552542817 782.650996488048 0.000111029066559953 1.02885947932748e-07 no_error _Recombination_Map_Scenario_2_ 750 2250 0 1 0.05 GF_Model_IV
0.000560398559697644 862.541799900585 0.000165959008226141 7.17912906691553e-08 no_error _Recombination_Map_Scenario_2_ 750 2250 0 1 0.05 GF_Model_IV
0.000585597709321475 806.148245570909 0.000373189525105283 9.32847642347003e-08 no_error _Recombination_Map_Scenario_2_ 750 2250 0 1 0.05 GF_Model_IV
0.000613013171444229 794.632537273315 0.000126605094500707 5.3765948363529e-08 no_error _Recombination_Map_Scenario_2_ 750 2250 0 1 0.05 GF_Model_IV
0.000611205700015338 840.778178653844 8.7346676403344e-05 1.09039187530585e-07 no_error _Recombination_Map_Scenario_2_ 750 2250 0 1 0.05 GF_Model_IV
0.000671333557292469 798.175761279255 0.000174013394077574 1.63166574723036e-07 no_error _Recombination_Map_Scenario_2_ 750 2250 0 1 0.05 GF_Model_IV
0.000559195558158462 835.687597213336 0.000113085642890812 7.43222068269081e-08 no_error _Recombination_Map_Scenario_2_ 750 2250 0 1 0.05 GF_Model_IV
0.000732406993736031 569.173510117351 0.000258637984178646 4.03484171976843e-07 no_error _Recombination_Map_Scenario_2_ 750 2250 0 1 0.05 GF_Model_IV
0.000606856908967924 955.880576657397 6.12859525302911e-05 3.71421694845908e-08 no_error _Recombination_Map_Scenario_2_ 750 2250 0 1 0.05 GF_Model_IV
0.000638609232620477 902.791844933113 5.30398132095458e-05 8.36683331367151e-08 no_error _Recombination_Map_Scenario_2_ 750 2250 0 1 0.05 GF_Model_IV
0.000575414203097517 728.245068307201 0.000285679039765027 1.39433108817794e-07 no_error _Recombination_Map_Scenario_2_ 750 2250 0 1 0.05 GF_Model_IV
0.000596973358339794 888.039899785256 2.7882221888591e-05 5.41682016029669e-08 no_error _Recombination_Map_Scenario_2_ 750 2250 0 1 0.05 GF_Model_IV
0.000611670814666703 842.249700122892 0.000135103397312071 7.09550560487712e-08 no_error _Recombination_Map_Scenario_2_ 750 2250 0 1 0.05 GF_Model_IV
0.000547534994230805 822.188144956106 0.000155784823247813 9.36478760255743e-08 no_error _Recombination_Map_Scenario_2_ 750 2250 0 1 0.05 GF_Model_IV
0.000628023164643 959.684504219059 0.000215038845577918 7.64151263501646e-08 no_error _Recombination_Map_Scenario_2_ 750 2250 0 1 0.05 GF_Model_IV
0.000627101176597093 887.909238810916 3.86571167795119e-05 7.82806094205184e-08 no_error _Recombination_Map_Scenario_2_ 750 2250 0 1 0.05 GF_Model_IV
0.000586640786195383 637.472146535678 0.00027720398448319 1.72653753669784e-07 no_error _Recombination_Map_Scenario_2_ 750 2250 0 1 0.05 GF_Model_IV
0.000698427214820888 663.984046389381 0.000146849956468648 8.17537304248841e-08 no_error _Recombination_Map_Scenario_2_ 750 2250 0 1 0.05 GF_Model_IV
0.000616918113460612 708.896580699634 0.000247176944211249 1.18969741730602e-07 no_error _Recombination_Map_Scenario_2_ 750 2250 0 1 0.05 GF_Model_IV
0.000601740321791128 821.881260020698 0.000258703971585209 5.87528048976194e-08 no_error _Recombination_Map_Scenario_2_ 750 2250 0 1 0.05 GF_Model_IV
0.000567733112239866 753.678902122143 0.000219714323684313 6.71371001457235e-07 no_error _Recombination_Map_Scenario_2_ 750 2250 0 1 0.05 GF_Model_IV
0.000786085721598867 519.554674970025 0.000352931826700256 1.74750746274601e-07 no_error _Recombination_Map_Scenario_2_ 750 2250 0 1 0.05 GF_Model_IV
0.00065519711644094 801.993935989598 0.00024489643208093 1.15960911351679e-07 no_error _Recombination_Map_Scenario_2_ 750 2250 0 1 0.05 GF_Model_IV
0.000599662767307376 945.085689461058 7.35220788232515e-05 5.49980745759983e-08 no_error _Recombination_Map_Scenario_2_ 750 2250 0 1 0.05 GF_Model_IV
0.000491627423285156 861.339045683143 0.00028808676582807 5.15146558669069e-08 no_error _Recombination_Map_Scenario_2_ 750 2250 0 1 0.05 GF_Model_IV
0.000562800459229824 825.129622100836 0.000175985807700847 8.65017402364444e-08 no_error _Recombination_Map_Scenario_2_ 750 2250 0 1 0.05 GF_Model_IV
0.00058969507217179 522.91764277149 0.000591917718945223 1.86466011385428e-07 no_error _Recombination_Map_Scenario_2_ 750 2250 0 1 0.05 GF_Model_IV
0.000603056487541181 502.434645675614 0.000117216731226118 2.26937200177442e-07 no_error _Recombination_Map_Scenario_2_ 750 2250 0 1 0.05 GF_Model_IV
0.00055617596634641 760.061152379718 0.000157214745989727 1.09589417997718e-07 no_error _Recombination_Map_Scenario_2_ 750 2250 0 1 0.05 GF_Model_IV
0.000618243836195961 818.66449131811 0.000122684402920731 6.72802028780072e-08 no_error _Recombination_Map_Scenario_2_ 750 2250 0 1 0.05 GF_Model_IV
0.000566993204978849 787.483906381252 0.000350669347954498 1.21188620517e-07 no_error _Recombination_Map_Scenario_2_ 750 2250 0 1 0.05 GF_Model_IV
0.000552003167876657 616.320114395467 0.000511737555220946 1.89799530565555e-07 no_error _Recombination_Map_Scenario_2_ 750 2250 0 1 0.05 GF_Model_IV
0.000610678217272539 710.193572096883 0.000198158771294755 1.11731926782519e-07 no_error _Recombination_Map_Scenario_2_ 750 2250 0 1 0.05 GF_Model_IV
0.000636007636378112 905.170719145765 0.000186353613915042 5.77432019555651e-08 no_error _Recombination_Map_Scenario_2_ 750 2250 0 1 0.05 GF_Model_IV
0.000630051234419673 759.723760500383 0.000235157312583414 6.58523687723861e-08 no_error _Recombination_Map_Scenario_2_ 750 2250 0 1 0.05 GF_Model_IV
0.000633294130561913 656.213870944927 0.000119147628862516 1.5452777660929e-07 no_error _Recombination_Map_Scenario_2_ 750 2250 0 1 0.05 GF_Model_IV
0.000655273292599377 1025.04511156308 0.000158011382748703 9.09494928960441e-08 no_error _Recombination_Map_Scenario_2_ 750 2250 0 1 0.05 GF_Model_IV
0.000562592426700417 671.321630605162 0.000293984518721832 1.55250953408128e-07 no_error _Recombination_Map_Scenario_2_ 750 2250 0 1 0.05 GF_Model_IV
0.000630874734605655 821.423398142159 0.000376107551013857 1.39927733729137e-07 no_error _Recombination_Map_Scenario_2_ 750 2250 0 1 0.05 GF_Model_IV
0.00103878884643963 182.319425150637 0.00250934095339499 6.14433295034978e-07 no_error _Recombination_Map_Scenario_2_ 750 2250 0 1 0.05 GF_Model_IV
0.000539876201703518 807.818344947185 0.000346971033410102 1.01921713106151e-07 no_error _Recombination_Map_Scenario_2_ 750 2250 0 1 0.05 GF_Model_IV
0.000612255434222201 594.641094835211 0.000482293286515185 2.17793590849342e-07 no_error _Recombination_Map_Scenario_2_ 750 2250 0 1 0.05 GF_Model_IV
0.000583307019877089 595.762313004635 0.000335523720960056 2.15242931299448e-07 no_error _Recombination_Map_Scenario_2_ 750 2250 0 1 0.05 GF_Model_IV
0.000586183038962323 628.294546473836 0.00083872160765346 2.32107007861e-07 no_error _Recombination_Map_Scenario_2_ 750 2250 0 1 0.05 GF_Model_IV
0.000582990725281427 727.487060313174 0.000296027973469779 1.47473299572359e-07 no_error _Recombination_Map_Scenario_2_ 750 2250 0 1 0.05 GF_Model_IV
0.000679033683695959 918.218555459641 0.000197811742182587 9.44827350661014e-08 no_error _Recombination_Map_Scenario_2_ 750 2250 0 1 0.05 GF_Model_IV
0.000537052431201945 805.811907629133 0.000106260078086017 9.02211975628256e-08 no_error _Recombination_Map_Scenario_2_ 750 2250 0 1 0.05 GF_Model_IV
0.000564666429182312 646.00877458818 0.00054709947234151 1.48525176981415e-07 no_error _Recombination_Map_Scenario_2_ 750 2250 0 1 0.05 GF_Model_IV
0.000578022181814839 489.123543780627 0.000553892862805539 3.81463911110793e-07 no_error _Recombination_Map_Scenario_2_ 750 2250 0 1 0.05 GF_Model_IV
0.000617792921289196 807.424320142832 0.000160451557165449 1.11413375734921e-07 no_error _Recombination_Map_Scenario_2_ 750 2250 0 1 0.05 GF_Model_IV
0.000559613043097589 714.475573711641 0.000493290600636276 1.3191293229678e-07 no_error _Recombination_Map_Scenario_2_ 750 2250 0 1 0.05 GF_Model_IV
0.000531964876562948 528.730692553903 0.000451422199120756 2.89036368339242e-07 no_error _Recombination_Map_Scenario_2_ 750 2250 0 1 0.05 GF_Model_IV
0.000501619252837717 742.064911379368 0.000204163967956769 9.216562866018e-08 no_error _Recombination_Map_Scenario_2_ 750 2250 0 1 0.05 GF_Model_IV
0.000579651141206871 383.09541417395 0.00100617740490183 4.15276138117876e-07 no_error _Recombination_Map_Scenario_2_ 750 2250 0 1 0.05 GF_Model_IV
0.000690189527132346 798.193139388402 0.000115694721455958 1.04708888124273e-07 no_error _Recombination_Map_Scenario_2_ 750 2250 0 1 0.05 GF_Model_IV
0.000612611403629748 747.327155012196 0.000147676349198405 1.12049808633324e-07 no_error _Recombination_Map_Scenario_2_ 750 2250 0 1 0.05 GF_Model_IV
0.000590691071089371 718.768448233145 0.000285104921217302 1.42099383292433e-07 no_error _Recombination_Map_Scenario_2_ 750 2250 0 1 0.05 GF_Model_IV
0.000509787089173151 542.774523313439 0.000312662147132981 1.97583951371952e-07 no_error _Recombination_Map_Scenario_2_ 750 2250 0 1 0.05 GF_Model_IV
0.000556769083775517 742.119718440054 0.00027694914688727 7.56377495882063e-08 no_error _Recombination_Map_Scenario_2_ 750 2250 0 1 0.05 GF_Model_IV
0.000589261770192663 815.063658202699 0.000256098281793091 7.47090148736401e-08 no_error _Recombination_Map_Scenario_2_ 750 2250 0 1 0.05 GF_Model_IV
0.00069628052860891 885.694003400676 0.00014656661761383 9.72967493590729e-08 no_error _Recombination_Map_Scenario_2_ 750 2250 0 1 0.05 GF_Model_IV
0.000618461941626631 830.409845210219 4.63373532414271e-05 9.62945600383836e-08 no_error _Recombination_Map_Scenario_2_ 750 2250 0 1 0.05 GF_Model_IV
0.000596561446357373 661.268464100408 0.000212042114852259 8.40306626478601e-08 no_error _Recombination_Map_Scenario_2_ 750 2250 0 1 0.05 GF_Model_IV
0.000574546075021042 718.678813143281 0.000416945790884818 1.72646733856508e-07 no_error _Recombination_Map_Scenario_2_ 750 2250 0 1 0.05 GF_Model_IV
0.000505968033937692 417.664547851293 0.00160725880144322 3.50293917880667e-07 no_error _Recombination_Map_Scenario_2_ 750 2250 0 1 0.05 GF_Model_IV
0.000542611354405883 782.078973281153 0.000347044337109116 1.14195626138909e-07 no_error _Recombination_Map_Scenario_2_ 750 2250 0 1 0.05 GF_Model_IV
0.000676067839203576 942.981307539831 7.63003171005993e-05 7.1948822572742e-08 no_error _Recombination_Map_Scenario_2_ 750 2250 0 1 0.05 GF_Model_IV
0.000559700281656152 820.065001660634 0.000236475318802577 6.49188217458679e-08 no_error _Recombination_Map_Scenario_2_ 750 2250 0 1 0.05 GF_Model_IV
0.000624252842892139 707.457941299604 0.00015925048290787 8.61407472095408e-08 no_error _Recombination_Map_Scenario_2_ 750 2250 0 1 0.05 GF_Model_IV
0.000597529979950869 954.685294901155 6.03130489373197e-05 3.77723960144365e-08 no_error _Recombination_Map_Scenario_2_ 750 2250 0 1 0.05 GF_Model_IV
0.000683539803731993 992.869975543406 4.09366469150093e-05 3.64819660595742e-08 no_error _Recombination_Map_Scenario_2_ 750 2250 0 1 0.05 GF_Model_IV
0.000734017305031138 812.310732513005 0.00027166264933955 9.19639192371878e-08 no_error _Recombination_Map_Scenario_2_ 750 2250 0 1 0.05 GF_Model_IV
0.000722939807594699 677.523960259491 0.000506144281834987 1.43071448686466e-07 no_error _Recombination_Map_Scenario_2_ 750 2250 0 1 0.05 GF_Model_IV
0.000642661073364761 937.086746871256 0.000261548193753734 1.07615530476919e-07 no_error _Recombination_Map_Scenario_2_ 750 2250 0 1 0.05 GF_Model_IV
0.000611273715350975 941.501402494797 4.57436658649126e-05 4.75503014011831e-08 no_error _Recombination_Map_Scenario_2_ 750 2250 0 1 0.05 GF_Model_IV
0.000586608115376409 824.864689325171 0.000474991776920399 9.62768804606435e-08 no_error _Recombination_Map_Scenario_2_ 750 2250 0 1 0.05 GF_Model_IV
0.000580447647380312 651.333454317123 0.000364604620281822 1.47102222685906e-07 no_error _Recombination_Map_Scenario_2_ 750 2250 0 1 0.05 GF_Model_IV
0.000582906948291859 723.609796693126 0.000263269489621619 1.03840981879106e-07 no_error _Recombination_Map_Scenario_2_ 750 2250 0 1 0.05 GF_Model_IV
0.000666513062282724 858.769080102205 9.49187085393269e-05 1.28287597618219e-07 no_error _Recombination_Map_Scenario_2_ 750 2250 0 1 0.05 GF_Model_IV
0.000614607430707379 845.713925583698 0.000264005579708039 1.24527512107001e-07 no_error _Recombination_Map_Scenario_2_ 750 2250 0 1 0.05 GF_Model_IV
0.000650870950843333 907.400904556341 6.67963036843467e-05 7.95449900093313e-08 no_error _Recombination_Map_Scenario_2_ 750 2250 0 1 0.05 GF_Model_IV
0.000526073249176667 732.773956472216 0.000303333003753823 1.30987105564672e-07 no_error _Recombination_Map_Scenario_2_ 750 2250 0 1 0.05 GF_Model_IV
0.000739933931615365 768.335802218155 0.000341925483073461 1.96579046108465e-07 no_error _Recombination_Map_Scenario_2_ 750 2250 0 1 0.05 GF_Model_IV
0.000568529197778841 892.591991680991 0.00013208645269225 3.89253902509097e-08 no_error _Recombination_Map_Scenario_2_ 750 2250 0 1 0.05 GF_Model_IV
0.000491962577508413 537.317183345189 0.00026623698740075 2.05587375799266e-07 no_error _Recombination_Map_Scenario_2_ 750 2250 0 1 0.05 GF_Model_IV
0.000611620910847545 836.401511358784 0.000117789000382437 7.84163287167236e-08 no_error _Recombination_Map_Scenario_2_ 750 2250 0 1 0.05 GF_Model_IV
0.000617051489109648 737.108983933904 0.000334138113895193 1.61240585560745e-07 no_error _Recombination_Map_Scenario_2_ 750 2250 0 1 0.05 GF_Model_IV
0.000529798051241122 331.43067343511 0.00102449081708975 4.68561268921931e-07 no_error _Recombination_Map_Scenario_2_ 750 2250 0 1 0.05 GF_Model_IV
