0.10030743882491 820.617179425559 0.090087734789169 0.000884556601149888 no_error _Recombination_Map_and_Complex_Demographies_Scenario_1_ 1500 1501 0 1 0.02 GF_Model_IV
0.131258566780066 684.670920547889 0.033367013685026 0.0016375934742148 no_error _Recombination_Map_and_Complex_Demographies_Scenario_1_ 1500 1501 0 1 0.02 GF_Model_IV
0.0847619304987776 1004.27254405752 0.124943587096932 0.00390144551610932 no_error _Recombination_Map_and_Complex_Demographies_Scenario_1_ 1500 1501 0 1 0.02 GF_Model_IV
0.0962317998144223 862.134734100323 0.0622400090449313 0.000385355724419772 no_error _Recombination_Map_and_Complex_Demographies_Scenario_1_ 1500 1501 0 1 0.02 GF_Model_IV
0.0885932403433188 984.289012608378 0.11940914816403 0.00173990482720078 no_error _Recombination_Map_and_Complex_Demographies_Scenario_1_ 1500 1501 0 1 0.02 GF_Model_IV
0.0892332696268435 880.121305036451 0.11421268682464 0.00119751802785312 no_error _Recombination_Map_and_Complex_Demographies_Scenario_1_ 1500 1501 0 1 0.02 GF_Model_IV
0.148117782489486 616.648791786077 0.0155720894625373 0.0011899672826164 no_error _Recombination_Map_and_Complex_Demographies_Scenario_1_ 1500 1501 0 1 0.02 GF_Model_IV
0.127059544586562 621.527977519157 0.0297509235911581 0.00255462204456657 no_error _Recombination_Map_and_Complex_Demographies_Scenario_1_ 1500 1501 0 1 0.02 GF_Model_IV
0.0913647124277007 865.773531412984 0.088789730033033 0.00135119087607098 no_error _Recombination_Map_and_Complex_Demographies_Scenario_1_ 1500 1501 0 1 0.02 GF_Model_IV
0.0766577566882033 1028.55522114093 0.127499381433228 0.00257042601403538 no_error _Recombination_Map_and_Complex_Demographies_Scenario_1_ 1500 1501 0 1 0.02 GF_Model_IV
0.133901689284899 557.567324400312 0.0105133998799419 0.00240828741780657 no_error _Recombination_Map_and_Complex_Demographies_Scenario_1_ 1500 1501 0 1 0.02 GF_Model_IV
0.0813586653939917 898.599431475045 0.0901254267940958 0.000447105389417709 no_error _Recombination_Map_and_Complex_Demographies_Scenario_1_ 1500 1501 0 1 0.02 GF_Model_IV
0.134789819123042 762.258787397321 0.0460892908700898 0.000566164091694602 no_error _Recombination_Map_and_Complex_Demographies_Scenario_1_ 1500 1501 0 1 0.02 GF_Model_IV
0.144730334536368 623.080878244891 0.0179466296173501 0.00148575776052273 no_error _Recombination_Map_and_Complex_Demographies_Scenario_1_ 1500 1501 0 1 0.02 GF_Model_IV
0.0850870146109766 967.663528486004 0.102889256572436 0.00117273647736212 no_error _Recombination_Map_and_Complex_Demographies_Scenario_1_ 1500 1501 0 1 0.02 GF_Model_IV
0.132431568763427 633.471867287562 0.0273807230952878 0.00120818705140619 no_error _Recombination_Map_and_Complex_Demographies_Scenario_1_ 1500 1501 0 1 0.02 GF_Model_IV
0.0894652818658036 784.6035630673 0.0652057434470131 0.000735169995561699 no_error _Recombination_Map_and_Complex_Demographies_Scenario_1_ 1500 1501 0 1 0.02 GF_Model_IV
0.134900554178376 597.009829595413 0.022085267727386 0.000662855686770865 no_error _Recombination_Map_and_Complex_Demographies_Scenario_1_ 1500 1501 0 1 0.02 GF_Model_IV
0.119986480956297 761.26337181571 0.0533102935870534 0.00125735595989866 no_error _Recombination_Map_and_Complex_Demographies_Scenario_1_ 1500 1501 0 1 0.02 GF_Model_IV
0.0967714190798619 969.632032123084 0.0904880655743793 0.00153789754185041 no_error _Recombination_Map_and_Complex_Demographies_Scenario_1_ 1500 1501 0 1 0.02 GF_Model_IV
0.108739806100823 764.134810048015 0.0543496459192728 0.000833302147207678 no_error _Recombination_Map_and_Complex_Demographies_Scenario_1_ 1500 1501 0 1 0.02 GF_Model_IV
0.0903685060005451 905.766432124567 0.0982670868180448 0.00159846210108834 no_error _Recombination_Map_and_Complex_Demographies_Scenario_1_ 1500 1501 0 1 0.02 GF_Model_IV
0.114914784747398 615.398162988315 0.0503319313936677 0.00329302701588936 no_error _Recombination_Map_and_Complex_Demographies_Scenario_1_ 1500 1501 0 1 0.02 GF_Model_IV
0.0889588826140695 747.595015550421 0.0540325673717624 0.00117758084792521 no_error _Recombination_Map_and_Complex_Demographies_Scenario_1_ 1500 1501 0 1 0.02 GF_Model_IV
0.118902945323111 664.869294048332 0.0667806731468363 0.00128681991733528 no_error _Recombination_Map_and_Complex_Demographies_Scenario_1_ 1500 1501 0 1 0.02 GF_Model_IV
0.148291850221936 687.95104954743 0.0226348617230831 0.000767132052821088 no_error _Recombination_Map_and_Complex_Demographies_Scenario_1_ 1500 1501 0 1 0.02 GF_Model_IV
0.0543563175306088 869.152005227303 0.177289077201751 0.00233153116190775 no_error _Recombination_Map_and_Complex_Demographies_Scenario_1_ 1500 1501 0 1 0.02 GF_Model_IV
0.105424531409891 661.534680188746 0.071910244881367 0.00152003659680854 no_error _Recombination_Map_and_Complex_Demographies_Scenario_1_ 1500 1501 0 1 0.02 GF_Model_IV
0.0634426883287329 991.758521823875 0.123474815546558 0.000759596333098881 no_error _Recombination_Map_and_Complex_Demographies_Scenario_1_ 1500 1501 0 1 0.02 GF_Model_IV
0.10997051175156 681.473886809544 0.0549982793158551 0.000788182477722434 no_error _Recombination_Map_and_Complex_Demographies_Scenario_1_ 1500 1501 0 1 0.02 GF_Model_IV
0.130812453341639 621.292716366025 0.0437227837149637 0.000992026835694071 no_error _Recombination_Map_and_Complex_Demographies_Scenario_1_ 1500 1501 0 1 0.02 GF_Model_IV
0.129662697772727 736.907336652897 0.0430930990366847 0.000815447132671958 no_error _Recombination_Map_and_Complex_Demographies_Scenario_1_ 1500 1501 0 1 0.02 GF_Model_IV
0.108541670900732 679.351882402159 0.0480848101442253 0.0012454628375876 no_error _Recombination_Map_and_Complex_Demographies_Scenario_1_ 1500 1501 0 1 0.02 GF_Model_IV
0.117376600704632 651.572101180644 0.0648871871771849 0.00371279128500967 no_error _Recombination_Map_and_Complex_Demographies_Scenario_1_ 1500 1501 0 1 0.02 GF_Model_IV
0.103863799252749 688.237698309796 0.0359886116478735 0.000702025732706372 no_error _Recombination_Map_and_Complex_Demographies_Scenario_1_ 1500 1501 0 1 0.02 GF_Model_IV
0.133941771925977 589.471157959564 0.0205562917994513 0.00202150280499492 no_error _Recombination_Map_and_Complex_Demographies_Scenario_1_ 1500 1501 0 1 0.02 GF_Model_IV
0.0576453941832097 396.648875455872 0.120802497452397 0.00182410590502347 no_error _Recombination_Map_and_Complex_Demographies_Scenario_1_ 1500 1501 0 1 0.02 GF_Model_IV
0.122981626268418 632.693745077371 0.0552265898963806 0.000870870099875094 no_error _Recombination_Map_and_Complex_Demographies_Scenario_1_ 1500 1501 0 1 0.02 GF_Model_IV
0.109450457886548 675.236675008168 0.0397762893051028 0.0011385051265681 no_error _Recombination_Map_and_Complex_Demographies_Scenario_1_ 1500 1501 0 1 0.02 GF_Model_IV
0.131882809644044 554.401055355203 0.0391113929421924 0.00270808293824472 no_error _Recombination_Map_and_Complex_Demographies_Scenario_1_ 1500 1501 0 1 0.02 GF_Model_IV
0.0887609158433536 834.936900060867 0.0858085267624229 0.000910555131275079 no_error _Recombination_Map_and_Complex_Demographies_Scenario_1_ 1500 1501 0 1 0.02 GF_Model_IV
0.119291719862252 688.169655750657 0.0398095253599582 0.000754075985145374 no_error _Recombination_Map_and_Complex_Demographies_Scenario_1_ 1500 1501 0 1 0.02 GF_Model_IV
0.112965966744198 821.396350520748 0.0571767084371457 0.000596097339756325 no_error _Recombination_Map_and_Complex_Demographies_Scenario_1_ 1500 1501 0 1 0.02 GF_Model_IV
0.0846242867990172 775.299811151523 0.0878267991717664 0.000737732178244647 no_error _Recombination_Map_and_Complex_Demographies_Scenario_1_ 1500 1501 0 1 0.02 GF_Model_IV
0.0545347716163599 927.169012644957 0.11799701102474 0.000420500997130953 no_error _Recombination_Map_and_Complex_Demographies_Scenario_1_ 1500 1501 0 1 0.02 GF_Model_IV
0.109067725127396 653.494853100297 0.0586343572589387 0.00283829642863434 no_error _Recombination_Map_and_Complex_Demographies_Scenario_1_ 1500 1501 0 1 0.02 GF_Model_IV
0.113683846512547 761.929836943191 0.0484729788068862 0.00122409561626924 no_error _Recombination_Map_and_Complex_Demographies_Scenario_1_ 1500 1501 0 1 0.02 GF_Model_IV
0.134699345124153 620.436452152983 0.0326521105049872 0.00152126186697092 no_error _Recombination_Map_and_Complex_Demographies_Scenario_1_ 1500 1501 0 1 0.02 GF_Model_IV
0.119204264786774 830.046963208993 0.0368340089776317 0.000602238766343781 no_error _Recombination_Map_and_Complex_Demographies_Scenario_1_ 1500 1501 0 1 0.02 GF_Model_IV
0.0441800021131748 867.151744571531 0.157618429726608 0.00225234466395098 no_error _Recombination_Map_and_Complex_Demographies_Scenario_1_ 1500 1501 0 1 0.02 GF_Model_IV
0.0794384202019579 770.221896941675 0.0628943032671588 0.000529462391521357 no_error _Recombination_Map_and_Complex_Demographies_Scenario_1_ 1500 1501 0 1 0.02 GF_Model_IV
0.134680255460536 514.012770019687 0.0341889881171896 0.00177639735863074 no_error _Recombination_Map_and_Complex_Demographies_Scenario_1_ 1500 1501 0 1 0.02 GF_Model_IV
0.109499967749548 379.802909262219 0.0774295154497031 0.00621322530059432 no_error _Recombination_Map_and_Complex_Demographies_Scenario_1_ 1500 1501 0 1 0.02 GF_Model_IV
0.0380328487179174 1421.07022144126 0.168427557044489 0.00367974313207961 no_error _Recombination_Map_and_Complex_Demographies_Scenario_1_ 1500 1501 0 1 0.02 GF_Model_IV
0.114201917705351 602.058650333419 0.0193478259978371 0.00114303507986068 no_error _Recombination_Map_and_Complex_Demographies_Scenario_1_ 1500 1501 0 1 0.02 GF_Model_IV
0.0852447519470648 876.344784627641 0.0674320791234329 0.000226936242820229 no_error _Recombination_Map_and_Complex_Demographies_Scenario_1_ 1500 1501 0 1 0.02 GF_Model_IV
0.0902543428144264 602.435608479268 0.100768873210064 0.00108600375203267 no_error _Recombination_Map_and_Complex_Demographies_Scenario_1_ 1500 1501 0 1 0.02 GF_Model_IV
0.119839556154494 672.484204931285 0.0339818554585895 0.00142978521178891 no_error _Recombination_Map_and_Complex_Demographies_Scenario_1_ 1500 1501 0 1 0.02 GF_Model_IV
0.0854096317548409 928.799165012679 0.101359579250236 0.00129440661842827 no_error _Recombination_Map_and_Complex_Demographies_Scenario_1_ 1500 1501 0 1 0.02 GF_Model_IV
0.095596007240028 848.672518306468 0.0925735981594528 0.00106004717271442 no_error _Recombination_Map_and_Complex_Demographies_Scenario_1_ 1500 1501 0 1 0.02 GF_Model_IV
0.140266943579965 616.191617098049 0.0199613468663825 0.00105393053439591 no_error _Recombination_Map_and_Complex_Demographies_Scenario_1_ 1500 1501 0 1 0.02 GF_Model_IV
0.110427077528359 697.224442310349 0.0550272041283279 0.00105185845730801 no_error _Recombination_Map_and_Complex_Demographies_Scenario_1_ 1500 1501 0 1 0.02 GF_Model_IV
0.140507771584287 669.783416944077 0.030750213850518 0.00106899549775126 no_error _Recombination_Map_and_Complex_Demographies_Scenario_1_ 1500 1501 0 1 0.02 GF_Model_IV
0.0910680991497022 967.619194119163 0.0866814852453251 0.00224795934977314 no_error _Recombination_Map_and_Complex_Demographies_Scenario_1_ 1500 1501 0 1 0.02 GF_Model_IV
0.127578162286633 615.709017786763 0.035812259951493 0.00108854882680874 no_error _Recombination_Map_and_Complex_Demographies_Scenario_1_ 1500 1501 0 1 0.02 GF_Model_IV
0.0647653308763116 1056.69183190328 0.121884491190012 0.000696708593198837 no_error _Recombination_Map_and_Complex_Demographies_Scenario_1_ 1500 1501 0 1 0.02 GF_Model_IV
0.0739496034599619 1142.49754497459 0.112857291454494 0.00123429085295107 no_error _Recombination_Map_and_Complex_Demographies_Scenario_1_ 1500 1501 0 1 0.02 GF_Model_IV
0.132495699316507 658.62116875965 0.047296200269956 0.00111745639134281 no_error _Recombination_Map_and_Complex_Demographies_Scenario_1_ 1500 1501 0 1 0.02 GF_Model_IV
0.138392196407205 663.548846531124 0.0236129551097349 0.000771379693743891 no_error _Recombination_Map_and_Complex_Demographies_Scenario_1_ 1500 1501 0 1 0.02 GF_Model_IV
0.117634162115578 667.167025779017 0.0487861740584156 0.000701495591364358 no_error _Recombination_Map_and_Complex_Demographies_Scenario_1_ 1500 1501 0 1 0.02 GF_Model_IV
0.0556167626088907 1840.50750149284 0.169791098873278 0.0115307715158485 no_error _Recombination_Map_and_Complex_Demographies_Scenario_1_ 1500 1501 0 1 0.02 GF_Model_IV
0.0797201552274094 330.681980993391 0.09281666953536 0.0115417144812 no_error _Recombination_Map_and_Complex_Demographies_Scenario_1_ 1500 1501 0 1 0.02 GF_Model_IV
0.12330282785038 741.374967396439 0.0417216731098198 0.000701588846298227 no_error _Recombination_Map_and_Complex_Demographies_Scenario_1_ 1500 1501 0 1 0.02 GF_Model_IV
0.128632653821343 725.773482863341 0.0472654369586245 0.000751544958232968 no_error _Recombination_Map_and_Complex_Demographies_Scenario_1_ 1500 1501 0 1 0.02 GF_Model_IV
0.113664404410402 787.000155411588 0.0588438442696238 0.000945974886423266 no_error _Recombination_Map_and_Complex_Demographies_Scenario_1_ 1500 1501 0 1 0.02 GF_Model_IV
0.112230498671552 876.008247073999 0.0690320555715693 0.000874859292223529 no_error _Recombination_Map_and_Complex_Demographies_Scenario_1_ 1500 1501 0 1 0.02 GF_Model_IV
0.0431229554820788 1102.7917300569 0.193938829363093 0.00182134053935867 no_error _Recombination_Map_and_Complex_Demographies_Scenario_1_ 1500 1501 0 1 0.02 GF_Model_IV
0.0928213823148289 1068.91254591133 0.0856724977959057 0.00172111310455573 no_error _Recombination_Map_and_Complex_Demographies_Scenario_1_ 1500 1501 0 1 0.02 GF_Model_IV
0.0885062883775959 926.689365810526 0.102594531921643 0.00117091607307832 no_error _Recombination_Map_and_Complex_Demographies_Scenario_1_ 1500 1501 0 1 0.02 GF_Model_IV
0.110747672691593 787.936749633773 0.0301096208506294 0.00103205845715396 no_error _Recombination_Map_and_Complex_Demographies_Scenario_1_ 1500 1501 0 1 0.02 GF_Model_IV
0.119409044695204 694.545136265881 0.0347020150831756 0.0011760186337298 no_error _Recombination_Map_and_Complex_Demographies_Scenario_1_ 1500 1501 0 1 0.02 GF_Model_IV
0.0920508677556221 894.296762454312 0.0811004681933743 0.00116034201845084 no_error _Recombination_Map_and_Complex_Demographies_Scenario_1_ 1500 1501 0 1 0.02 GF_Model_IV
0.110247262271799 708.024697026593 0.0401466890109673 0.000985655101845238 no_error _Recombination_Map_and_Complex_Demographies_Scenario_1_ 1500 1501 0 1 0.02 GF_Model_IV
0.108365923296581 736.527899494997 0.0389979585014575 0.000904509555310733 no_error _Recombination_Map_and_Complex_Demographies_Scenario_1_ 1500 1501 0 1 0.02 GF_Model_IV
0.109007573885977 694.712662230382 0.0500104771812238 0.000753854292622861 no_error _Recombination_Map_and_Complex_Demographies_Scenario_1_ 1500 1501 0 1 0.02 GF_Model_IV
0.0978272331699065 785.50197583696 0.0627387591135443 0.00101967963282712 no_error _Recombination_Map_and_Complex_Demographies_Scenario_1_ 1500 1501 0 1 0.02 GF_Model_IV
0.120670649513504 646.514383035224 0.0417233632449024 0.00109661149714692 no_error _Recombination_Map_and_Complex_Demographies_Scenario_1_ 1500 1501 0 1 0.02 GF_Model_IV
0.11291614856079 641.668556512577 0.0248149217486254 0.00249043986921276 no_error _Recombination_Map_and_Complex_Demographies_Scenario_1_ 1500 1501 0 1 0.02 GF_Model_IV
0.0986580509095447 921.908736605731 0.0893259763216149 0.000972678118349469 no_error _Recombination_Map_and_Complex_Demographies_Scenario_1_ 1500 1501 0 1 0.02 GF_Model_IV
0.118787201528752 498.91711820667 0.0407169347446448 0.00670007357051046 no_error _Recombination_Map_and_Complex_Demographies_Scenario_1_ 1500 1501 0 1 0.02 GF_Model_IV
0.0693321802455915 1185.38429244292 0.121967008288894 0.0025136682145053 no_error _Recombination_Map_and_Complex_Demographies_Scenario_1_ 1500 1501 0 1 0.02 GF_Model_IV
0.0852150660865145 708.290635280842 0.077497915436435 0.000902422291624347 no_error _Recombination_Map_and_Complex_Demographies_Scenario_1_ 1500 1501 0 1 0.02 GF_Model_IV
0.108918940143812 728.950724486287 0.0585107520259615 0.00062594633662727 no_error _Recombination_Map_and_Complex_Demographies_Scenario_1_ 1500 1501 0 1 0.02 GF_Model_IV
0.123860996156242 741.622182085979 0.0633975108840942 0.000982949556574731 no_error _Recombination_Map_and_Complex_Demographies_Scenario_1_ 1500 1501 0 1 0.02 GF_Model_IV
0.138015702552196 752.25702862883 0.0318018266658745 0.000752701793757526 no_error _Recombination_Map_and_Complex_Demographies_Scenario_1_ 1500 1501 0 1 0.02 GF_Model_IV
0.0670342566827333 1052.59225959492 0.107346141103447 0.00226250141190859 no_error _Recombination_Map_and_Complex_Demographies_Scenario_1_ 1500 1501 0 1 0.02 GF_Model_IV
0.111863560374317 581.890473458717 0.0550932712658885 0.00326987143345418 no_error _Recombination_Map_and_Complex_Demographies_Scenario_1_ 1500 1501 0 1 0.02 GF_Model_IV
0.125000592130963 692.387345125741 0.0474503736952392 0.00129655969201381 no_error _Recombination_Map_and_Complex_Demographies_Scenario_1_ 1500 1501 0 1 0.02 GF_Model_IV
0.11761786587763 865.108062221296 0.0545384842069534 0.00124499742652855 no_error _Recombination_Map_and_Complex_Demographies_Scenario_1_ 1500 1501 0 1 0.02 GF_Model_IV
0.136479103508 604.283783809842 0.0215970458154536 0.00186960677197412 no_error _Recombination_Map_and_Complex_Demographies_Scenario_1_ 1500 1501 0 1 0.02 GF_Model_IV
0.10145700813275 706.92003175247 0.0646160291480569 0.00132664352684154 no_error _Recombination_Map_and_Complex_Demographies_Scenario_2_ 750 2250 0 1 0.02 GF_Model_IV
0.0816879396783017 934.904936871014 0.0924090554119496 0.00107264127770106 no_error _Recombination_Map_and_Complex_Demographies_Scenario_2_ 750 2250 0 1 0.02 GF_Model_IV
0.0518031173555486 806.931720853944 0.121787157124087 0.00131516798385269 no_error _Recombination_Map_and_Complex_Demographies_Scenario_2_ 750 2250 0 1 0.02 GF_Model_IV
0.086464262524152 777.234719301771 0.0744954865822905 0.00082875702840563 no_error _Recombination_Map_and_Complex_Demographies_Scenario_2_ 750 2250 0 1 0.02 GF_Model_IV
0.0803495130727827 763.766981590474 0.0673344919165274 0.000927644198694319 no_error _Recombination_Map_and_Complex_Demographies_Scenario_2_ 750 2250 0 1 0.02 GF_Model_IV
0.108711625582559 731.491930603174 0.0330654270124357 0.000930894350854429 no_error _Recombination_Map_and_Complex_Demographies_Scenario_2_ 750 2250 0 1 0.02 GF_Model_IV
0.0927250556539408 785.401609984925 0.0583233356455356 0.000715216931722941 no_error _Recombination_Map_and_Complex_Demographies_Scenario_2_ 750 2250 0 1 0.02 GF_Model_IV
0.0737985396281428 711.664474275718 0.0801447336676061 0.00113083574632987 no_error _Recombination_Map_and_Complex_Demographies_Scenario_2_ 750 2250 0 1 0.02 GF_Model_IV
0.106516581752163 740.673465926941 0.0371834669429864 0.000896216553810573 no_error _Recombination_Map_and_Complex_Demographies_Scenario_2_ 750 2250 0 1 0.02 GF_Model_IV
0.106080391371713 697.89857414246 0.045646701536848 0.000903791716895817 no_error _Recombination_Map_and_Complex_Demographies_Scenario_2_ 750 2250 0 1 0.02 GF_Model_IV
0.130046964620418 592.527910296442 0.00419267914864246 0.00100125993439631 no_error _Recombination_Map_and_Complex_Demographies_Scenario_2_ 750 2250 0 1 0.02 GF_Model_IV
0.0780578371339018 811.477980165749 0.0620212306348654 0.000404719187311941 no_error _Recombination_Map_and_Complex_Demographies_Scenario_2_ 750 2250 0 1 0.02 GF_Model_IV
1.00000000000487e-06 4999.99999974346 0.376865335599329 0.0817349608692571 nls_error _Recombination_Map_and_Complex_Demographies_Scenario_2_ 750 2250 0 1 0.02 GF_Model_IV
0.0242261149202178 1974.12937031434 0.199734987895327 0.00217411509699397 no_error _Recombination_Map_and_Complex_Demographies_Scenario_2_ 750 2250 0 1 0.02 GF_Model_IV
0.11567915788726 711.094970154844 0.0377452572095478 0.00113144886654691 no_error _Recombination_Map_and_Complex_Demographies_Scenario_2_ 750 2250 0 1 0.02 GF_Model_IV
0.105875171524679 599.062624857831 0.0484871733625788 0.0010214320553438 no_error _Recombination_Map_and_Complex_Demographies_Scenario_2_ 750 2250 0 1 0.02 GF_Model_IV
0.12484654404029 637.004573944151 0.0305347219477004 0.00140477991906107 no_error _Recombination_Map_and_Complex_Demographies_Scenario_2_ 750 2250 0 1 0.02 GF_Model_IV
0.109390106193562 548.174433411963 0.0327617507488254 0.00173547031230399 no_error _Recombination_Map_and_Complex_Demographies_Scenario_2_ 750 2250 0 1 0.02 GF_Model_IV
0.135923343821466 633.749431459574 0.014871596730675 0.00219247804658068 no_error _Recombination_Map_and_Complex_Demographies_Scenario_2_ 750 2250 0 1 0.02 GF_Model_IV
0.092434396691215 660.04434507916 0.0223069155052204 0.0017401216015871 no_error _Recombination_Map_and_Complex_Demographies_Scenario_2_ 750 2250 0 1 0.02 GF_Model_IV
0.0791021508340498 620.823116041247 0.0788820106895289 0.00172113981987582 no_error _Recombination_Map_and_Complex_Demographies_Scenario_2_ 750 2250 0 1 0.02 GF_Model_IV
0.0488086527395013 1333.74170424074 0.135744154882814 0.00226475110893367 no_error _Recombination_Map_and_Complex_Demographies_Scenario_2_ 750 2250 0 1 0.02 GF_Model_IV
0.112500186680758 660.896069190151 0.0220298504325807 0.00143289822118991 no_error _Recombination_Map_and_Complex_Demographies_Scenario_2_ 750 2250 0 1 0.02 GF_Model_IV
0.0808790940618605 661.684586851215 0.0443865394738519 0.00113089037437497 no_error _Recombination_Map_and_Complex_Demographies_Scenario_2_ 750 2250 0 1 0.02 GF_Model_IV
0.11686830704036 644.312057053931 0.0269321129785661 0.00124644058915005 no_error _Recombination_Map_and_Complex_Demographies_Scenario_2_ 750 2250 0 1 0.02 GF_Model_IV
0.0639311569468888 855.97282300613 0.0891243038205289 0.000268004551196849 no_error _Recombination_Map_and_Complex_Demographies_Scenario_2_ 750 2250 0 1 0.02 GF_Model_IV
0.0785345964548944 1143.17008625905 0.120771844994501 0.00662856968898051 no_error _Recombination_Map_and_Complex_Demographies_Scenario_2_ 750 2250 0 1 0.02 GF_Model_IV
0.13800580100132 558.977973990443 0.012592653748923 0.00287520500135716 no_error _Recombination_Map_and_Complex_Demographies_Scenario_2_ 750 2250 0 1 0.02 GF_Model_IV
0.10532414650514 692.449979722186 0.0524292543921379 0.000837981331013795 no_error _Recombination_Map_and_Complex_Demographies_Scenario_2_ 750 2250 0 1 0.02 GF_Model_IV
0.0763817452416544 812.70483974149 0.0686464413710883 0.00045840495451531 no_error _Recombination_Map_and_Complex_Demographies_Scenario_2_ 750 2250 0 1 0.02 GF_Model_IV
0.106618012720076 664.689966474325 0.0342346555991618 0.0010448425291213 no_error _Recombination_Map_and_Complex_Demographies_Scenario_2_ 750 2250 0 1 0.02 GF_Model_IV
0.104911823433886 603.378350126138 0.0324491507396479 0.00131392615074934 no_error _Recombination_Map_and_Complex_Demographies_Scenario_2_ 750 2250 0 1 0.02 GF_Model_IV
0.0954705099025537 739.79561856104 0.0665289181559659 0.00099544448158127 no_error _Recombination_Map_and_Complex_Demographies_Scenario_2_ 750 2250 0 1 0.02 GF_Model_IV
0.0751475382180454 896.330641285261 0.0803254457260324 0.000787287081923615 no_error _Recombination_Map_and_Complex_Demographies_Scenario_2_ 750 2250 0 1 0.02 GF_Model_IV
0.110414802324178 783.080219511928 0.0396355466109347 0.000816599323416566 no_error _Recombination_Map_and_Complex_Demographies_Scenario_2_ 750 2250 0 1 0.02 GF_Model_IV
0.0954189045012797 711.850041567118 0.0434394711609971 0.000641297830176968 no_error _Recombination_Map_and_Complex_Demographies_Scenario_2_ 750 2250 0 1 0.02 GF_Model_IV
0.134665869340553 575.3693941848 0.00668170258095131 0.00147317367908211 no_error _Recombination_Map_and_Complex_Demographies_Scenario_2_ 750 2250 0 1 0.02 GF_Model_IV
0.102730953154166 600.247051355664 0.0464426176525797 0.00163625744719597 no_error _Recombination_Map_and_Complex_Demographies_Scenario_2_ 750 2250 0 1 0.02 GF_Model_IV
0.109792508648704 716.941484508913 0.0392425662763185 0.000981686776017681 no_error _Recombination_Map_and_Complex_Demographies_Scenario_2_ 750 2250 0 1 0.02 GF_Model_IV
0.0961341000994379 671.004110314099 0.0244689818562743 0.000708855169731839 no_error _Recombination_Map_and_Complex_Demographies_Scenario_2_ 750 2250 0 1 0.02 GF_Model_IV
0.127851412520427 631.725315190216 0.021677862913597 0.00112341787985611 no_error _Recombination_Map_and_Complex_Demographies_Scenario_2_ 750 2250 0 1 0.02 GF_Model_IV
0.0767492315279237 981.297784539537 0.072399836230827 0.000549177584807861 no_error _Recombination_Map_and_Complex_Demographies_Scenario_2_ 750 2250 0 1 0.02 GF_Model_IV
0.0745316812899731 746.930993675534 0.0529972258788386 0.000497768712682933 no_error _Recombination_Map_and_Complex_Demographies_Scenario_2_ 750 2250 0 1 0.02 GF_Model_IV
0.0837767570056113 710.958918964081 0.0631931568164733 0.000890339296815266 no_error _Recombination_Map_and_Complex_Demographies_Scenario_2_ 750 2250 0 1 0.02 GF_Model_IV
0.115027367659817 693.479610366013 0.0337741567682111 0.000457429263347047 no_error _Recombination_Map_and_Complex_Demographies_Scenario_2_ 750 2250 0 1 0.02 GF_Model_IV
0.0712070311693663 742.521485092562 0.0763836116802497 0.000885347914071127 no_error _Recombination_Map_and_Complex_Demographies_Scenario_2_ 750 2250 0 1 0.02 GF_Model_IV
0.107378399702202 660.568910146161 0.0325604887385595 0.000765261901048246 no_error _Recombination_Map_and_Complex_Demographies_Scenario_2_ 750 2250 0 1 0.02 GF_Model_IV
0.0620657605392341 958.094940730282 0.132455592276919 0.00187719410637505 no_error _Recombination_Map_and_Complex_Demographies_Scenario_2_ 750 2250 0 1 0.02 GF_Model_IV
0.101361693692075 645.338420355463 0.0439740636024757 0.000727403778156615 no_error _Recombination_Map_and_Complex_Demographies_Scenario_2_ 750 2250 0 1 0.02 GF_Model_IV
0.080255400248495 647.308615648916 0.0590739619497278 0.000468344335185679 no_error _Recombination_Map_and_Complex_Demographies_Scenario_2_ 750 2250 0 1 0.02 GF_Model_IV
0.113723465685935 644.848218255989 0.024646601237951 0.00090359149528822 no_error _Recombination_Map_and_Complex_Demographies_Scenario_2_ 750 2250 0 1 0.02 GF_Model_IV
0.0990240739799458 650.455528210173 0.0582020506066623 0.00139268235046439 no_error _Recombination_Map_and_Complex_Demographies_Scenario_2_ 750 2250 0 1 0.02 GF_Model_IV
0.0640323311721423 690.981812774031 0.111233743796095 0.00345194085183704 no_error _Recombination_Map_and_Complex_Demographies_Scenario_2_ 750 2250 0 1 0.02 GF_Model_IV
0.108539964251394 701.407688077154 0.034791979533815 0.00101461174958289 no_error _Recombination_Map_and_Complex_Demographies_Scenario_2_ 750 2250 0 1 0.02 GF_Model_IV
0.0802214022336739 893.230846043881 0.0630364568348041 0.000455706564530007 no_error _Recombination_Map_and_Complex_Demographies_Scenario_2_ 750 2250 0 1 0.02 GF_Model_IV
0.0987397270757856 689.155966855528 0.0259074514479205 0.000864408582333948 no_error _Recombination_Map_and_Complex_Demographies_Scenario_2_ 750 2250 0 1 0.02 GF_Model_IV
0.0564799680677353 808.628671320334 0.114308577756784 0.000570133971319361 no_error _Recombination_Map_and_Complex_Demographies_Scenario_2_ 750 2250 0 1 0.02 GF_Model_IV
0.121343935030223 689.043083080258 0.0337334393880326 0.000678474617421621 no_error _Recombination_Map_and_Complex_Demographies_Scenario_2_ 750 2250 0 1 0.02 GF_Model_IV
0.113507966228521 677.029710174627 0.0240397227887596 0.00115374474082161 no_error _Recombination_Map_and_Complex_Demographies_Scenario_2_ 750 2250 0 1 0.02 GF_Model_IV
0.100787554958603 603.448585935178 0.0371616951924603 0.00147556620092165 no_error _Recombination_Map_and_Complex_Demographies_Scenario_2_ 750 2250 0 1 0.02 GF_Model_IV
0.0997682114364975 682.834888750332 0.0506087568073821 0.000589885629489485 no_error _Recombination_Map_and_Complex_Demographies_Scenario_2_ 750 2250 0 1 0.02 GF_Model_IV
0.103060031688498 639.530426966554 0.0355347755048124 0.000687626407967335 no_error _Recombination_Map_and_Complex_Demographies_Scenario_2_ 750 2250 0 1 0.02 GF_Model_IV
0.119124163956683 630.184980986127 0.0258947694996996 0.00219521447391528 no_error _Recombination_Map_and_Complex_Demographies_Scenario_2_ 750 2250 0 1 0.02 GF_Model_IV
0.112863008524713 650.471733938918 0.0340694276414992 0.00128611880122883 no_error _Recombination_Map_and_Complex_Demographies_Scenario_2_ 750 2250 0 1 0.02 GF_Model_IV
0.106953283213835 646.71836153249 0.0247622747245987 0.000826186478183674 no_error _Recombination_Map_and_Complex_Demographies_Scenario_2_ 750 2250 0 1 0.02 GF_Model_IV
0.103560465413649 620.049133946131 0.0369008978293563 0.000744664579859561 no_error _Recombination_Map_and_Complex_Demographies_Scenario_2_ 750 2250 0 1 0.02 GF_Model_IV
0.0376490089064784 2116.23864804175 0.156643871333748 0.00530766114371389 no_error _Recombination_Map_and_Complex_Demographies_Scenario_2_ 750 2250 0 1 0.02 GF_Model_IV
0.0761971687089069 782.736226015363 0.0722591981093655 0.000386193973376191 no_error _Recombination_Map_and_Complex_Demographies_Scenario_2_ 750 2250 0 1 0.02 GF_Model_IV
0.0723976081209825 840.484898842777 0.071872092467448 0.000521651620397152 no_error _Recombination_Map_and_Complex_Demographies_Scenario_2_ 750 2250 0 1 0.02 GF_Model_IV
0.0953414213088007 790.143890052743 0.0698846704913998 0.000765826330389685 no_error _Recombination_Map_and_Complex_Demographies_Scenario_2_ 750 2250 0 1 0.02 GF_Model_IV
0.105924168140365 743.764392420996 0.0650736925601492 0.000623820386189823 no_error _Recombination_Map_and_Complex_Demographies_Scenario_2_ 750 2250 0 1 0.02 GF_Model_IV
0.0686716434032358 874.157969183963 0.102830761455478 0.00134718110983966 no_error _Recombination_Map_and_Complex_Demographies_Scenario_2_ 750 2250 0 1 0.02 GF_Model_IV
0.0753362413239716 735.793696972655 0.0542044000381072 0.000465014387982114 no_error _Recombination_Map_and_Complex_Demographies_Scenario_2_ 750 2250 0 1 0.02 GF_Model_IV
0.12037189392257 671.409133195469 0.0353882742810488 0.00150021082016302 no_error _Recombination_Map_and_Complex_Demographies_Scenario_2_ 750 2250 0 1 0.02 GF_Model_IV
0.112070640472757 688.079736231264 0.045059672768035 0.000539155016228285 no_error _Recombination_Map_and_Complex_Demographies_Scenario_2_ 750 2250 0 1 0.02 GF_Model_IV
0.0443439787921818 2176.37684734605 0.184775257721433 0.00424771273902102 no_error _Recombination_Map_and_Complex_Demographies_Scenario_2_ 750 2250 0 1 0.02 GF_Model_IV
0.111387061232234 644.693159392927 0.0322215862580366 0.000775791101583121 no_error _Recombination_Map_and_Complex_Demographies_Scenario_2_ 750 2250 0 1 0.02 GF_Model_IV
0.120247631144296 625.261302282831 0.0273455559588595 0.0014274247530728 no_error _Recombination_Map_and_Complex_Demographies_Scenario_2_ 750 2250 0 1 0.02 GF_Model_IV
0.108622465615497 656.091754864155 0.0352525452721058 0.00134111156704683 no_error _Recombination_Map_and_Complex_Demographies_Scenario_2_ 750 2250 0 1 0.02 GF_Model_IV
0.112186321412501 723.849693364126 0.038591438148571 0.000719270973381035 no_error _Recombination_Map_and_Complex_Demographies_Scenario_2_ 750 2250 0 1 0.02 GF_Model_IV
0.106381790269207 592.302139944809 0.0312263609341537 0.00199430022188017 no_error _Recombination_Map_and_Complex_Demographies_Scenario_2_ 750 2250 0 1 0.02 GF_Model_IV
0.0982026210227126 706.283409258369 0.0282799405597616 0.00123471650501058 no_error _Recombination_Map_and_Complex_Demographies_Scenario_2_ 750 2250 0 1 0.02 GF_Model_IV
0.111810003558957 597.713954553827 0.0474143818811255 0.001308087685781 no_error _Recombination_Map_and_Complex_Demographies_Scenario_2_ 750 2250 0 1 0.02 GF_Model_IV
0.055473690021331 699.076747759746 0.0674349007522788 0.000790806794209203 no_error _Recombination_Map_and_Complex_Demographies_Scenario_2_ 750 2250 0 1 0.02 GF_Model_IV
0.0532056799704867 865.850242784711 0.0859999380469401 0.00042321456591869 no_error _Recombination_Map_and_Complex_Demographies_Scenario_2_ 750 2250 0 1 0.02 GF_Model_IV
0.118251115278908 593.366881096277 0.0182771980353515 0.000599275368077904 no_error _Recombination_Map_and_Complex_Demographies_Scenario_2_ 750 2250 0 1 0.02 GF_Model_IV
0.0949165829609775 868.648529820873 0.0564984169205722 0.000710721208416815 no_error _Recombination_Map_and_Complex_Demographies_Scenario_2_ 750 2250 0 1 0.02 GF_Model_IV
0.0985725075218317 722.720545145425 0.0436136675027237 0.00066151067525983 no_error _Recombination_Map_and_Complex_Demographies_Scenario_2_ 750 2250 0 1 0.02 GF_Model_IV
0.0765434390632734 732.489117826494 0.024398324031599 0.000475298830559673 no_error _Recombination_Map_and_Complex_Demographies_Scenario_2_ 750 2250 0 1 0.02 GF_Model_IV
0.125382181308114 629.958791511348 0.0260268843639366 0.000550748838382735 no_error _Recombination_Map_and_Complex_Demographies_Scenario_2_ 750 2250 0 1 0.02 GF_Model_IV
0.0607047142640036 1220.60180706018 0.127577388717776 0.00392196960408029 no_error _Recombination_Map_and_Complex_Demographies_Scenario_2_ 750 2250 0 1 0.02 GF_Model_IV
0.0661675208925903 823.037347823525 0.0964417223402524 0.000667471838545155 no_error _Recombination_Map_and_Complex_Demographies_Scenario_2_ 750 2250 0 1 0.02 GF_Model_IV
0.110002145596689 644.116334250813 0.0216849109096184 0.00254110862363156 no_error _Recombination_Map_and_Complex_Demographies_Scenario_2_ 750 2250 0 1 0.02 GF_Model_IV
0.0892014266382 737.394356114355 0.0503111011244241 0.000858441595596492 no_error _Recombination_Map_and_Complex_Demographies_Scenario_2_ 750 2250 0 1 0.02 GF_Model_IV
0.101470721824946 691.114372225548 0.0377183134388514 0.000554965720893744 no_error _Recombination_Map_and_Complex_Demographies_Scenario_2_ 750 2250 0 1 0.02 GF_Model_IV
0.077471164532919 850.345268418538 0.1010064148971 0.000822215566762537 no_error _Recombination_Map_and_Complex_Demographies_Scenario_2_ 750 2250 0 1 0.02 GF_Model_IV
0.0759972715602025 843.139524917882 0.084895388468469 0.00150581187541971 no_error _Recombination_Map_and_Complex_Demographies_Scenario_2_ 750 2250 0 1 0.02 GF_Model_IV
0.09703834281542 791.676929250388 0.0450497068144611 0.00105367465116512 no_error _Recombination_Map_and_Complex_Demographies_Scenario_2_ 750 2250 0 1 0.02 GF_Model_IV
0.0747490824069934 1020.52598650525 0.0983743126483844 0.00123034609819719 no_error _Recombination_Map_and_Complex_Demographies_Scenario_2_ 750 2250 0 1 0.02 GF_Model_IV
0.0758515379196216 843.497965637164 0.0304044380731153 0.000331085993788524 no_error _Recombination_Map_and_Complex_Demographies_Scenario_2_ 750 2250 0 1 0.02 GF_Model_IV
