0.0108904331178115 687.843866730642 0.0040928027483707 1.79026333034789e-05 no_error _Recombination_Map_and_Complex_Demographies_Scenario_1_ 1500 1501 0 1 0.05 GF_Model_IV
0.0129372273697585 749.050153770439 0.00153158718567419 2.03619698411924e-05 no_error _Recombination_Map_and_Complex_Demographies_Scenario_1_ 1500 1501 0 1 0.05 GF_Model_IV
0.0121537168407498 683.286836425643 0.00683963703647151 2.33079112073259e-05 no_error _Recombination_Map_and_Complex_Demographies_Scenario_1_ 1500 1501 0 1 0.05 GF_Model_IV
0.010729136201745 752.630587673166 0.00365608748025993 8.25155726899659e-06 no_error _Recombination_Map_and_Complex_Demographies_Scenario_1_ 1500 1501 0 1 0.05 GF_Model_IV
0.0128172809428078 702.926774528536 0.0069875478067427 2.14141729014459e-05 no_error _Recombination_Map_and_Complex_Demographies_Scenario_1_ 1500 1501 0 1 0.05 GF_Model_IV
0.0123655103984187 617.16325429782 0.0062958235650313 2.46766664609538e-05 no_error _Recombination_Map_and_Complex_Demographies_Scenario_1_ 1500 1501 0 1 0.05 GF_Model_IV
0.0122633811779716 747.758823471308 0.000666601754913081 8.4771457456825e-06 no_error _Recombination_Map_and_Complex_Demographies_Scenario_1_ 1500 1501 0 1 0.05 GF_Model_IV
0.0105170528472863 713.979301140407 0.00118125984389473 1.57349586964398e-05 no_error _Recombination_Map_and_Complex_Demographies_Scenario_1_ 1500 1501 0 1 0.05 GF_Model_IV
0.0112598700973324 654.698825940967 0.00432581221533037 1.83583442283149e-05 no_error _Recombination_Map_and_Complex_Demographies_Scenario_1_ 1500 1501 0 1 0.05 GF_Model_IV
0.0110787515319421 619.617907821121 0.00700600087956263 2.75595372031315e-05 no_error _Recombination_Map_and_Complex_Demographies_Scenario_1_ 1500 1501 0 1 0.05 GF_Model_IV
0.0112108839068301 687.846802681115 0.000469292885921971 1.14991019293164e-05 no_error _Recombination_Map_and_Complex_Demographies_Scenario_1_ 1500 1501 0 1 0.05 GF_Model_IV
0.0105733894453002 677.778111741055 0.00570272921858429 1.5617763075402e-05 no_error _Recombination_Map_and_Complex_Demographies_Scenario_1_ 1500 1501 0 1 0.05 GF_Model_IV
0.0129740423465908 787.221129827521 0.00205283294886004 1.12174624883151e-05 no_error _Recombination_Map_and_Complex_Demographies_Scenario_1_ 1500 1501 0 1 0.05 GF_Model_IV
0.0129215597264604 730.322940002489 0.000840388898452377 1.37197989112991e-05 no_error _Recombination_Map_and_Complex_Demographies_Scenario_1_ 1500 1501 0 1 0.05 GF_Model_IV
0.0123423254678195 678.842028650814 0.00697233957002488 1.85848419030317e-05 no_error _Recombination_Map_and_Complex_Demographies_Scenario_1_ 1500 1501 0 1 0.05 GF_Model_IV
0.0122000297573548 719.251020415436 0.00122321362333004 1.18089045345695e-05 no_error _Recombination_Map_and_Complex_Demographies_Scenario_1_ 1500 1501 0 1 0.05 GF_Model_IV
0.0106308506061004 672.484132255666 0.00379972709001922 1.65209572177136e-05 no_error _Recombination_Map_and_Complex_Demographies_Scenario_1_ 1500 1501 0 1 0.05 GF_Model_IV
0.0114765672484874 706.111818541067 0.000965647576270471 6.32388934863079e-06 no_error _Recombination_Map_and_Complex_Demographies_Scenario_1_ 1500 1501 0 1 0.05 GF_Model_IV
0.00989765762238859 769.902207594796 0.0018197055310237 6.78017414480507e-06 no_error _Recombination_Map_and_Complex_Demographies_Scenario_1_ 1500 1501 0 1 0.05 GF_Model_IV
0.0121717651060389 768.492424096818 0.00540607442896088 1.47625636892218e-05 no_error _Recombination_Map_and_Complex_Demographies_Scenario_1_ 1500 1501 0 1 0.05 GF_Model_IV
0.0119476419306217 711.141590951729 0.00300153424878318 1.58728685871841e-05 no_error _Recombination_Map_and_Complex_Demographies_Scenario_1_ 1500 1501 0 1 0.05 GF_Model_IV
0.0120999174600992 762.520058062585 0.00487030668252622 1.71014141595944e-05 no_error _Recombination_Map_and_Complex_Demographies_Scenario_1_ 1500 1501 0 1 0.05 GF_Model_IV
0.0106798507357291 659.57740386519 0.00206685450839148 2.02156514441066e-05 no_error _Recombination_Map_and_Complex_Demographies_Scenario_1_ 1500 1501 0 1 0.05 GF_Model_IV
0.0105457902114575 684.954518265132 0.00342273697665343 1.97401736719656e-05 no_error _Recombination_Map_and_Complex_Demographies_Scenario_1_ 1500 1501 0 1 0.05 GF_Model_IV
0.0110399852047268 661.853512965641 0.00261515511563763 1.55902404519378e-05 no_error _Recombination_Map_and_Complex_Demographies_Scenario_1_ 1500 1501 0 1 0.05 GF_Model_IV
0.0118728864168563 816.840978830071 0.000848453792747867 7.65992852600149e-06 no_error _Recombination_Map_and_Complex_Demographies_Scenario_1_ 1500 1501 0 1 0.05 GF_Model_IV
0.0120691899425468 427.024773224891 0.0107211747864453 9.11506464503476e-05 no_error _Recombination_Map_and_Complex_Demographies_Scenario_1_ 1500 1501 0 1 0.05 GF_Model_IV
0.0109176777822749 652.95872770259 0.00283173164793388 1.26215699863168e-05 no_error _Recombination_Map_and_Complex_Demographies_Scenario_1_ 1500 1501 0 1 0.05 GF_Model_IV
0.0112109979474169 533.592934961018 0.00922759787204945 5.21389317106657e-05 no_error _Recombination_Map_and_Complex_Demographies_Scenario_1_ 1500 1501 0 1 0.05 GF_Model_IV
0.0115653146237554 675.614023789729 0.00273294127238203 1.24433370911708e-05 no_error _Recombination_Map_and_Complex_Demographies_Scenario_1_ 1500 1501 0 1 0.05 GF_Model_IV
0.0132182584729686 695.727721731769 0.00198209917461694 1.4729451785453e-05 no_error _Recombination_Map_and_Complex_Demographies_Scenario_1_ 1500 1501 0 1 0.05 GF_Model_IV
0.011480088758821 740.333521534674 0.00186608540905465 1.07945214597537e-05 no_error _Recombination_Map_and_Complex_Demographies_Scenario_1_ 1500 1501 0 1 0.05 GF_Model_IV
0.0104730000306877 684.879201057245 0.00224990100134589 1.45049826093155e-05 no_error _Recombination_Map_and_Complex_Demographies_Scenario_1_ 1500 1501 0 1 0.05 GF_Model_IV
0.0125013496103562 644.482662608064 0.00288745425969875 4.13139117530048e-05 no_error _Recombination_Map_and_Complex_Demographies_Scenario_1_ 1500 1501 0 1 0.05 GF_Model_IV
0.0106120468336149 706.991930368733 0.00203919927688707 8.32194650456918e-06 no_error _Recombination_Map_and_Complex_Demographies_Scenario_1_ 1500 1501 0 1 0.05 GF_Model_IV
0.0101046468327443 731.283240722947 0.000732504789141119 1.15331285138305e-05 no_error _Recombination_Map_and_Complex_Demographies_Scenario_1_ 1500 1501 0 1 0.05 GF_Model_IV
0.0121501893230087 354.00752290412 0.00901305274871473 2.77008807221884e-05 no_error _Recombination_Map_and_Complex_Demographies_Scenario_1_ 1500 1501 0 1 0.05 GF_Model_IV
0.013126812863724 679.304754503211 0.00271529596338887 1.03758126359654e-05 no_error _Recombination_Map_and_Complex_Demographies_Scenario_1_ 1500 1501 0 1 0.05 GF_Model_IV
0.010222155526855 692.605911225444 0.0017725625210839 7.99270081269575e-06 no_error _Recombination_Map_and_Complex_Demographies_Scenario_1_ 1500 1501 0 1 0.05 GF_Model_IV
0.013159740573493 664.882131640178 0.00166738558211699 2.37891269847964e-05 no_error _Recombination_Map_and_Complex_Demographies_Scenario_1_ 1500 1501 0 1 0.05 GF_Model_IV
0.0104751710954091 689.77361233533 0.00455667976449918 1.34612765071723e-05 no_error _Recombination_Map_and_Complex_Demographies_Scenario_1_ 1500 1501 0 1 0.05 GF_Model_IV
0.0117944251957283 739.973174272031 0.00192997167729043 7.52230544554704e-06 no_error _Recombination_Map_and_Complex_Demographies_Scenario_1_ 1500 1501 0 1 0.05 GF_Model_IV
0.0112298844469632 744.759886533455 0.00274654856899503 1.0797188510268e-05 no_error _Recombination_Map_and_Complex_Demographies_Scenario_1_ 1500 1501 0 1 0.05 GF_Model_IV
0.0113511862842038 645.836816728098 0.00512203967414873 2.43649281923589e-05 no_error _Recombination_Map_and_Complex_Demographies_Scenario_1_ 1500 1501 0 1 0.05 GF_Model_IV
0.010417735391513 605.601514591707 0.0105975890979412 2.71970796348365e-05 no_error _Recombination_Map_and_Complex_Demographies_Scenario_1_ 1500 1501 0 1 0.05 GF_Model_IV
0.0107724991083227 648.880574766545 0.00263328906474381 2.79768930426508e-05 no_error _Recombination_Map_and_Complex_Demographies_Scenario_1_ 1500 1501 0 1 0.05 GF_Model_IV
0.00973379607402987 737.704397406661 0.00199131890091713 9.02561457686899e-06 no_error _Recombination_Map_and_Complex_Demographies_Scenario_1_ 1500 1501 0 1 0.05 GF_Model_IV
0.0120064465625691 705.567286985989 0.00139860712762692 9.97235474149815e-06 no_error _Recombination_Map_and_Complex_Demographies_Scenario_1_ 1500 1501 0 1 0.05 GF_Model_IV
0.0111964089845767 857.113590984614 0.00165976959462194 5.98909633340357e-06 no_error _Recombination_Map_and_Complex_Demographies_Scenario_1_ 1500 1501 0 1 0.05 GF_Model_IV
0.0105530085417272 393.423105367333 0.00992261568709164 7.14230882240771e-05 no_error _Recombination_Map_and_Complex_Demographies_Scenario_1_ 1500 1501 0 1 0.05 GF_Model_IV
0.0130453248298265 662.136884516519 0.0066179787025049 1.67877601892523e-05 no_error _Recombination_Map_and_Complex_Demographies_Scenario_1_ 1500 1501 0 1 0.05 GF_Model_IV
0.0127066185024574 630.599219646205 0.00152799935670344 1.42098576727664e-05 no_error _Recombination_Map_and_Complex_Demographies_Scenario_1_ 1500 1501 0 1 0.05 GF_Model_IV
0.0130622421293345 453.185117929908 0.00389220502144263 5.57653255156195e-05 no_error _Recombination_Map_and_Complex_Demographies_Scenario_1_ 1500 1501 0 1 0.05 GF_Model_IV
0.00967147542154645 521.772440327812 0.0133798796058813 2.96854715349684e-05 no_error _Recombination_Map_and_Complex_Demographies_Scenario_1_ 1500 1501 0 1 0.05 GF_Model_IV
0.011699701926243 674.293014289046 0.00111560804508592 7.88711728021176e-06 no_error _Recombination_Map_and_Complex_Demographies_Scenario_1_ 1500 1501 0 1 0.05 GF_Model_IV
0.0118835990136535 735.519821219446 0.00515765954454012 2.2927418501663e-05 no_error _Recombination_Map_and_Complex_Demographies_Scenario_1_ 1500 1501 0 1 0.05 GF_Model_IV
0.0130684254120674 541.626584038292 0.00519084396278793 1.278084767752e-05 no_error _Recombination_Map_and_Complex_Demographies_Scenario_1_ 1500 1501 0 1 0.05 GF_Model_IV
0.0120629435721512 708.826437274503 0.00178554306678455 1.64333423117467e-05 no_error _Recombination_Map_and_Complex_Demographies_Scenario_1_ 1500 1501 0 1 0.05 GF_Model_IV
0.0113528211178824 675.860845852186 0.00573941989591341 1.71652443689681e-05 no_error _Recombination_Map_and_Complex_Demographies_Scenario_1_ 1500 1501 0 1 0.05 GF_Model_IV
0.010221501258626 631.819022662737 0.00405000583700832 1.9008828230895e-05 no_error _Recombination_Map_and_Complex_Demographies_Scenario_1_ 1500 1501 0 1 0.05 GF_Model_IV
0.0106827844711293 731.385533997807 0.000684309700619361 5.11801903062522e-06 no_error _Recombination_Map_and_Complex_Demographies_Scenario_1_ 1500 1501 0 1 0.05 GF_Model_IV
0.0117836190051112 669.421613087666 0.00294140440484235 2.07363443382485e-05 no_error _Recombination_Map_and_Complex_Demographies_Scenario_1_ 1500 1501 0 1 0.05 GF_Model_IV
0.011712044162241 767.390724512029 0.001155843476612 9.26555064225487e-06 no_error _Recombination_Map_and_Complex_Demographies_Scenario_1_ 1500 1501 0 1 0.05 GF_Model_IV
0.0106086753659889 739.267860772359 0.00460862099123602 1.14176755910491e-05 no_error _Recombination_Map_and_Complex_Demographies_Scenario_1_ 1500 1501 0 1 0.05 GF_Model_IV
0.0116445321506369 708.72237595201 0.00147517761290302 1.16730171992065e-05 no_error _Recombination_Map_and_Complex_Demographies_Scenario_1_ 1500 1501 0 1 0.05 GF_Model_IV
0.0103745258275515 566.61459925824 0.0088792772114498 4.05308433191613e-05 no_error _Recombination_Map_and_Complex_Demographies_Scenario_1_ 1500 1501 0 1 0.05 GF_Model_IV
0.0103213085510884 667.391792036944 0.00699485139036461 1.90011299105638e-05 no_error _Recombination_Map_and_Complex_Demographies_Scenario_1_ 1500 1501 0 1 0.05 GF_Model_IV
0.013871066657558 739.339532194803 0.00220388252325801 7.95109784836924e-06 no_error _Recombination_Map_and_Complex_Demographies_Scenario_1_ 1500 1501 0 1 0.05 GF_Model_IV
0.0113739519756053 765.013680232885 0.000897552848606811 7.06848081801938e-06 no_error _Recombination_Map_and_Complex_Demographies_Scenario_1_ 1500 1501 0 1 0.05 GF_Model_IV
0.0121139931431682 741.514102462057 0.00212000465185011 1.10915108161546e-05 no_error _Recombination_Map_and_Complex_Demographies_Scenario_1_ 1500 1501 0 1 0.05 GF_Model_IV
0.00957937034294219 640.309291960593 0.0113329958681992 1.93076633874705e-05 no_error _Recombination_Map_and_Complex_Demographies_Scenario_1_ 1500 1501 0 1 0.05 GF_Model_IV
0.0127149246905239 367.632283978754 0.00581763853472434 9.73370323399225e-05 no_error _Recombination_Map_and_Complex_Demographies_Scenario_1_ 1500 1501 0 1 0.05 GF_Model_IV
0.0106057428407718 783.711887879967 0.0017521833747993 6.91890731345269e-06 no_error _Recombination_Map_and_Complex_Demographies_Scenario_1_ 1500 1501 0 1 0.05 GF_Model_IV
0.0123976352793766 770.008639462761 0.00202774403835506 1.59752494624129e-05 no_error _Recombination_Map_and_Complex_Demographies_Scenario_1_ 1500 1501 0 1 0.05 GF_Model_IV
0.0120107521919299 728.743898199314 0.00292408796819746 1.17136823132216e-05 no_error _Recombination_Map_and_Complex_Demographies_Scenario_1_ 1500 1501 0 1 0.05 GF_Model_IV
0.0119061431048192 794.275811936768 0.00309279270114986 1.58640143065102e-05 no_error _Recombination_Map_and_Complex_Demographies_Scenario_1_ 1500 1501 0 1 0.05 GF_Model_IV
0.010556608260537 413.849961919519 0.01045547048996 5.71413893360675e-05 no_error _Recombination_Map_and_Complex_Demographies_Scenario_1_ 1500 1501 0 1 0.05 GF_Model_IV
0.0101232535678055 736.84654594086 0.00416783024930486 1.34730282558209e-05 no_error _Recombination_Map_and_Complex_Demographies_Scenario_1_ 1500 1501 0 1 0.05 GF_Model_IV
0.0121665814748929 682.541244518879 0.00601374453910686 1.65680845244806e-05 no_error _Recombination_Map_and_Complex_Demographies_Scenario_1_ 1500 1501 0 1 0.05 GF_Model_IV
0.0109462637068046 786.056441017235 0.0016862894531837 1.45605737838751e-05 no_error _Recombination_Map_and_Complex_Demographies_Scenario_1_ 1500 1501 0 1 0.05 GF_Model_IV
0.0116824027178743 726.100483768807 0.00169328459071986 1.31976386115488e-05 no_error _Recombination_Map_and_Complex_Demographies_Scenario_1_ 1500 1501 0 1 0.05 GF_Model_IV
0.00996763789231095 705.306214790146 0.00380964718176042 1.11473248217058e-05 no_error _Recombination_Map_and_Complex_Demographies_Scenario_1_ 1500 1501 0 1 0.05 GF_Model_IV
0.0105774738492334 725.349499397599 0.00195922046931289 1.07034048150084e-05 no_error _Recombination_Map_and_Complex_Demographies_Scenario_1_ 1500 1501 0 1 0.05 GF_Model_IV
0.00915839027139345 758.456157339408 0.00168781508827596 6.60887320531117e-06 no_error _Recombination_Map_and_Complex_Demographies_Scenario_1_ 1500 1501 0 1 0.05 GF_Model_IV
0.011088365767951 673.138986517628 0.00233958825505952 1.09583558601466e-05 no_error _Recombination_Map_and_Complex_Demographies_Scenario_1_ 1500 1501 0 1 0.05 GF_Model_IV
0.0105374614202284 697.784752103794 0.00331105885221711 1.28765503417893e-05 no_error _Recombination_Map_and_Complex_Demographies_Scenario_1_ 1500 1501 0 1 0.05 GF_Model_IV
0.0117423169775166 690.688921829675 0.00191322127083038 1.37707670122762e-05 no_error _Recombination_Map_and_Complex_Demographies_Scenario_1_ 1500 1501 0 1 0.05 GF_Model_IV
0.0112783634738595 663.770170595758 0.00144496436659654 2.02769303570462e-05 no_error _Recombination_Map_and_Complex_Demographies_Scenario_1_ 1500 1501 0 1 0.05 GF_Model_IV
0.010118841397488 694.005122751871 0.00391985492553492 2.20242297796281e-05 no_error _Recombination_Map_and_Complex_Demographies_Scenario_1_ 1500 1501 0 1 0.05 GF_Model_IV
0.0118804011809577 544.081806590704 0.00202627144647198 4.57648171591914e-05 no_error _Recombination_Map_and_Complex_Demographies_Scenario_1_ 1500 1501 0 1 0.05 GF_Model_IV
0.0118062568403306 687.089617999904 0.00922009197020463 2.4552835971073e-05 no_error _Recombination_Map_and_Complex_Demographies_Scenario_1_ 1500 1501 0 1 0.05 GF_Model_IV
0.0110076701340798 584.476891505549 0.00495719180309609 2.20459248674738e-05 no_error _Recombination_Map_and_Complex_Demographies_Scenario_1_ 1500 1501 0 1 0.05 GF_Model_IV
0.0117944638899135 715.213204148467 0.00308882823782884 1.3473582404153e-05 no_error _Recombination_Map_and_Complex_Demographies_Scenario_1_ 1500 1501 0 1 0.05 GF_Model_IV
0.0119321649935203 717.657885027473 0.00250608140142167 1.14740383724975e-05 no_error _Recombination_Map_and_Complex_Demographies_Scenario_1_ 1500 1501 0 1 0.05 GF_Model_IV
0.0114164567308044 816.116242611725 0.00122945945044016 8.38588098886319e-06 no_error _Recombination_Map_and_Complex_Demographies_Scenario_1_ 1500 1501 0 1 0.05 GF_Model_IV
0.00997441186168373 639.816490357594 0.00720938204996855 1.66100697573843e-05 no_error _Recombination_Map_and_Complex_Demographies_Scenario_1_ 1500 1501 0 1 0.05 GF_Model_IV
0.0127247956136528 592.30256240926 0.00285044731723969 3.58713191175176e-05 no_error _Recombination_Map_and_Complex_Demographies_Scenario_1_ 1500 1501 0 1 0.05 GF_Model_IV
0.012155516808396 712.619777851157 0.00211096936255656 1.38601291406756e-05 no_error _Recombination_Map_and_Complex_Demographies_Scenario_1_ 1500 1501 0 1 0.05 GF_Model_IV
0.0112777890434636 785.427555597067 0.00230250576060205 7.52137007043465e-06 no_error _Recombination_Map_and_Complex_Demographies_Scenario_1_ 1500 1501 0 1 0.05 GF_Model_IV
0.01161511141727 726.362382656905 0.000882451270682213 1.14005958259654e-05 no_error _Recombination_Map_and_Complex_Demographies_Scenario_1_ 1500 1501 0 1 0.05 GF_Model_IV
0.0116620159096136 656.024130188055 0.00320374726442018 2.81224364270562e-05 no_error _Recombination_Map_and_Complex_Demographies_Scenario_2_ 750 2250 0 1 0.05 GF_Model_IV
0.0117133870617512 691.379060984741 0.00562536152809061 1.47996918556121e-05 no_error _Recombination_Map_and_Complex_Demographies_Scenario_2_ 750 2250 0 1 0.05 GF_Model_IV
0.0106908742785315 473.513287768128 0.00952745303814881 4.95685928872138e-05 no_error _Recombination_Map_and_Complex_Demographies_Scenario_2_ 750 2250 0 1 0.05 GF_Model_IV
0.0111467195783824 660.324135458875 0.00395437521338569 1.55029734621703e-05 no_error _Recombination_Map_and_Complex_Demographies_Scenario_2_ 750 2250 0 1 0.05 GF_Model_IV
0.0110012128198578 641.881488720394 0.00461012161190903 1.77082664426713e-05 no_error _Recombination_Map_and_Complex_Demographies_Scenario_2_ 750 2250 0 1 0.05 GF_Model_IV
0.0107252162071587 739.959902514519 0.00165481027429633 1.04386638302135e-05 no_error _Recombination_Map_and_Complex_Demographies_Scenario_2_ 750 2250 0 1 0.05 GF_Model_IV
0.0114829665672471 696.321998239027 0.00354066402543819 1.76760761700816e-05 no_error _Recombination_Map_and_Complex_Demographies_Scenario_2_ 750 2250 0 1 0.05 GF_Model_IV
0.0121264953225363 576.004991673564 0.00637094976972329 3.26793599495279e-05 no_error _Recombination_Map_and_Complex_Demographies_Scenario_2_ 750 2250 0 1 0.05 GF_Model_IV
0.0119801861200161 744.840989396785 0.00216794510803873 1.33023949570438e-05 no_error _Recombination_Map_and_Complex_Demographies_Scenario_2_ 750 2250 0 1 0.05 GF_Model_IV
0.0101777342795609 715.319457514231 0.00196107615911988 5.8648222371185e-06 no_error _Recombination_Map_and_Complex_Demographies_Scenario_2_ 750 2250 0 1 0.05 GF_Model_IV
0.0109929910244396 737.726616052984 0.000211817993209905 6.61372836457035e-06 no_error _Recombination_Map_and_Complex_Demographies_Scenario_2_ 750 2250 0 1 0.05 GF_Model_IV
0.0115403073675383 688.643005633602 0.00517147733367092 1.44254524275883e-05 no_error _Recombination_Map_and_Complex_Demographies_Scenario_2_ 750 2250 0 1 0.05 GF_Model_IV
0.0106232843284076 239.618876590609 0.0688896716104155 0.000230153036222197 no_error _Recombination_Map_and_Complex_Demographies_Scenario_2_ 750 2250 0 1 0.05 GF_Model_IV
0.0113365545721901 398.387649558994 0.0252129833464611 4.32919231463551e-05 no_error _Recombination_Map_and_Complex_Demographies_Scenario_2_ 750 2250 0 1 0.05 GF_Model_IV
0.0123670890206683 744.911312850603 0.00203740918941313 1.68795514419047e-05 no_error _Recombination_Map_and_Complex_Demographies_Scenario_2_ 750 2250 0 1 0.05 GF_Model_IV
0.0117147468352766 635.859277722016 0.00240733670901609 1.27340391990178e-05 no_error _Recombination_Map_and_Complex_Demographies_Scenario_2_ 750 2250 0 1 0.05 GF_Model_IV
0.01199537847905 762.879959757144 0.00133178100601429 1.15047699536495e-05 no_error _Recombination_Map_and_Complex_Demographies_Scenario_2_ 750 2250 0 1 0.05 GF_Model_IV
0.0117825150946686 625.033080621929 0.00165559323058748 1.36024693367712e-05 no_error _Recombination_Map_and_Complex_Demographies_Scenario_2_ 750 2250 0 1 0.05 GF_Model_IV
0.0127570166900824 745.715075256802 0.000781945479253549 1.95987004764514e-05 no_error _Recombination_Map_and_Complex_Demographies_Scenario_2_ 750 2250 0 1 0.05 GF_Model_IV
0.0110936016493775 675.243227426811 0.00160952627475063 1.16413503320495e-05 no_error _Recombination_Map_and_Complex_Demographies_Scenario_2_ 750 2250 0 1 0.05 GF_Model_IV
0.0114963887359102 548.820780025179 0.00494298778524506 2.82256670824599e-05 no_error _Recombination_Map_and_Complex_Demographies_Scenario_2_ 750 2250 0 1 0.05 GF_Model_IV
0.0102610105419431 591.61136205404 0.0107517576459244 3.06707181846778e-05 no_error _Recombination_Map_and_Complex_Demographies_Scenario_2_ 750 2250 0 1 0.05 GF_Model_IV
0.0115888909980738 702.513846599294 0.00135373196482454 1.26242569981917e-05 no_error _Recombination_Map_and_Complex_Demographies_Scenario_2_ 750 2250 0 1 0.05 GF_Model_IV
0.0113365221743033 607.096735551451 0.0036546808928832 2.19464140866046e-05 no_error _Recombination_Map_and_Complex_Demographies_Scenario_2_ 750 2250 0 1 0.05 GF_Model_IV
0.0099471925016477 715.233895855655 0.00111647419587988 9.56211921803499e-06 no_error _Recombination_Map_and_Complex_Demographies_Scenario_2_ 750 2250 0 1 0.05 GF_Model_IV
0.0098698780679815 605.80938856157 0.00667126178124415 1.98257272283943e-05 no_error _Recombination_Map_and_Complex_Demographies_Scenario_2_ 750 2250 0 1 0.05 GF_Model_IV
0.0133812311450051 681.97084600424 0.00793803512135692 2.29579957603626e-05 no_error _Recombination_Map_and_Complex_Demographies_Scenario_2_ 750 2250 0 1 0.05 GF_Model_IV
0.0108434873760492 680.92965920363 0.000512800943580718 1.16133510085269e-05 no_error _Recombination_Map_and_Complex_Demographies_Scenario_2_ 750 2250 0 1 0.05 GF_Model_IV
0.0132147007851358 682.387757744319 0.0031971822424045 2.22858160300323e-05 no_error _Recombination_Map_and_Complex_Demographies_Scenario_2_ 750 2250 0 1 0.05 GF_Model_IV
0.0113438054121335 648.085040926063 0.0053028573377957 1.61679293179983e-05 no_error _Recombination_Map_and_Complex_Demographies_Scenario_2_ 750 2250 0 1 0.05 GF_Model_IV
0.0107142622231099 695.793702872173 0.00175233530829603 1.06367974643115e-05 no_error _Recombination_Map_and_Complex_Demographies_Scenario_2_ 750 2250 0 1 0.05 GF_Model_IV
0.0113439870661465 635.892322121834 0.00187698544031635 1.67057361264062e-05 no_error _Recombination_Map_and_Complex_Demographies_Scenario_2_ 750 2250 0 1 0.05 GF_Model_IV
0.011835349182429 657.926656162722 0.00364821577785607 2.68291709979226e-05 no_error _Recombination_Map_and_Complex_Demographies_Scenario_2_ 750 2250 0 1 0.05 GF_Model_IV
0.0108353103501304 670.524979680241 0.00580341030302144 1.38489049163062e-05 no_error _Recombination_Map_and_Complex_Demographies_Scenario_2_ 750 2250 0 1 0.05 GF_Model_IV
0.0113341957065654 789.147423655819 0.00203887758882228 9.43928226783391e-06 no_error _Recombination_Map_and_Complex_Demographies_Scenario_2_ 750 2250 0 1 0.05 GF_Model_IV
0.0124945024624455 674.837472784792 0.003142617948159 1.58405011715479e-05 no_error _Recombination_Map_and_Complex_Demographies_Scenario_2_ 750 2250 0 1 0.05 GF_Model_IV
0.0108718361835194 717.701080767727 0.000307268535096183 8.6316306896375e-06 no_error _Recombination_Map_and_Complex_Demographies_Scenario_2_ 750 2250 0 1 0.05 GF_Model_IV
0.0115766143041934 616.920648703963 0.00267666915583959 1.72273620079316e-05 no_error _Recombination_Map_and_Complex_Demographies_Scenario_2_ 750 2250 0 1 0.05 GF_Model_IV
0.0125745891606322 729.336924936236 0.00226179494020001 1.45971308570123e-05 no_error _Recombination_Map_and_Complex_Demographies_Scenario_2_ 750 2250 0 1 0.05 GF_Model_IV
0.010640451378112 701.643961796699 0.00156724911804538 7.90596113097119e-06 no_error _Recombination_Map_and_Complex_Demographies_Scenario_2_ 750 2250 0 1 0.05 GF_Model_IV
0.0120321330018649 711.48004470854 0.0011417532871356 1.22141823145178e-05 no_error _Recombination_Map_and_Complex_Demographies_Scenario_2_ 750 2250 0 1 0.05 GF_Model_IV
0.0110903550588765 674.023853621982 0.00514921330682652 1.80680461820489e-05 no_error _Recombination_Map_and_Complex_Demographies_Scenario_2_ 750 2250 0 1 0.05 GF_Model_IV
0.0118165981807472 643.213494397233 0.0050500556940716 1.84048011725206e-05 no_error _Recombination_Map_and_Complex_Demographies_Scenario_2_ 750 2250 0 1 0.05 GF_Model_IV
0.0113688558864771 628.391236175095 0.00427818041223983 1.51060413621967e-05 no_error _Recombination_Map_and_Complex_Demographies_Scenario_2_ 750 2250 0 1 0.05 GF_Model_IV
0.011531341014045 741.955593295764 0.00165975675687442 7.9799011381563e-06 no_error _Recombination_Map_and_Complex_Demographies_Scenario_2_ 750 2250 0 1 0.05 GF_Model_IV
0.00987811818665381 616.583064932319 0.00541647592629066 1.80618772759604e-05 no_error _Recombination_Map_and_Complex_Demographies_Scenario_2_ 750 2250 0 1 0.05 GF_Model_IV
0.0123456333732481 689.670086879254 0.00195990929493202 1.18406259124728e-05 no_error _Recombination_Map_and_Complex_Demographies_Scenario_2_ 750 2250 0 1 0.05 GF_Model_IV
0.0111210649901201 488.736336626467 0.00725603435486622 5.54771375003391e-05 no_error _Recombination_Map_and_Complex_Demographies_Scenario_2_ 750 2250 0 1 0.05 GF_Model_IV
0.0105219646237687 676.024574476644 0.00225344580323857 1.06339912204109e-05 no_error _Recombination_Map_and_Complex_Demographies_Scenario_2_ 750 2250 0 1 0.05 GF_Model_IV
0.0117506323013888 610.231356240943 0.0046235926205119 1.46414712014165e-05 no_error _Recombination_Map_and_Complex_Demographies_Scenario_2_ 750 2250 0 1 0.05 GF_Model_IV
0.0120510875053548 713.328026035559 0.0013657904608445 9.94673024362774e-06 no_error _Recombination_Map_and_Complex_Demographies_Scenario_2_ 750 2250 0 1 0.05 GF_Model_IV
0.0118386469005085 604.821779498951 0.00321467400359431 1.91399415550868e-05 no_error _Recombination_Map_and_Complex_Demographies_Scenario_2_ 750 2250 0 1 0.05 GF_Model_IV
0.0126419415290998 466.927838046295 0.00881139364204926 8.2120957098888e-05 no_error _Recombination_Map_and_Complex_Demographies_Scenario_2_ 750 2250 0 1 0.05 GF_Model_IV
0.010962641977589 708.499816976804 0.00182221148313429 1.01289496322783e-05 no_error _Recombination_Map_and_Complex_Demographies_Scenario_2_ 750 2250 0 1 0.05 GF_Model_IV
0.0100158434513456 688.046529468751 0.00417112006093839 1.48216283341633e-05 no_error _Recombination_Map_and_Complex_Demographies_Scenario_2_ 750 2250 0 1 0.05 GF_Model_IV
0.0125567562469073 708.867421484824 0.00195101886260454 1.35262915776726e-05 no_error _Recombination_Map_and_Complex_Demographies_Scenario_2_ 750 2250 0 1 0.05 GF_Model_IV
0.0109983181308815 512.540578846066 0.00961053265702308 2.45580241765454e-05 no_error _Recombination_Map_and_Complex_Demographies_Scenario_2_ 750 2250 0 1 0.05 GF_Model_IV
0.0113486070877828 744.166917354598 0.00147094094328251 8.24883994914171e-06 no_error _Recombination_Map_and_Complex_Demographies_Scenario_2_ 750 2250 0 1 0.05 GF_Model_IV
0.0114133628312088 720.427239126834 0.00137680095962128 1.00348263098413e-05 no_error _Recombination_Map_and_Complex_Demographies_Scenario_2_ 750 2250 0 1 0.05 GF_Model_IV
0.0111877929762442 620.794240274209 0.0021137951914445 2.20783498607643e-05 no_error _Recombination_Map_and_Complex_Demographies_Scenario_2_ 750 2250 0 1 0.05 GF_Model_IV
0.0125875924818293 679.116395107843 0.00313427844084927 1.29827475691332e-05 no_error _Recombination_Map_and_Complex_Demographies_Scenario_2_ 750 2250 0 1 0.05 GF_Model_IV
0.0111301992051392 648.2293426867 0.00212678248377871 1.25576467701087e-05 no_error _Recombination_Map_and_Complex_Demographies_Scenario_2_ 750 2250 0 1 0.05 GF_Model_IV
0.0119318227272534 693.953591813198 0.00134861033561723 1.63067684052438e-05 no_error _Recombination_Map_and_Complex_Demographies_Scenario_2_ 750 2250 0 1 0.05 GF_Model_IV
0.0118772908395176 676.253276236152 0.00187956289519417 1.75054759114809e-05 no_error _Recombination_Map_and_Complex_Demographies_Scenario_2_ 750 2250 0 1 0.05 GF_Model_IV
0.0117995856151508 708.143764335421 0.00139782923595612 1.16091905551717e-05 no_error _Recombination_Map_and_Complex_Demographies_Scenario_2_ 750 2250 0 1 0.05 GF_Model_IV
0.0120906947838317 663.339264987128 0.00223325837291733 1.28805163058419e-05 no_error _Recombination_Map_and_Complex_Demographies_Scenario_2_ 750 2250 0 1 0.05 GF_Model_IV
0.00878233504609513 558.743051314775 0.0130477065118829 3.54892926540506e-05 no_error _Recombination_Map_and_Complex_Demographies_Scenario_2_ 750 2250 0 1 0.05 GF_Model_IV
0.0110391314303628 620.743888197286 0.00522402099632901 2.30506297921017e-05 no_error _Recombination_Map_and_Complex_Demographies_Scenario_2_ 750 2250 0 1 0.05 GF_Model_IV
0.0110549717272959 626.324664153294 0.00578495231923971 2.5454696250178e-05 no_error _Recombination_Map_and_Complex_Demographies_Scenario_2_ 750 2250 0 1 0.05 GF_Model_IV
0.0117549212699661 670.323233676609 0.00405758930905863 1.16223894796764e-05 no_error _Recombination_Map_and_Complex_Demographies_Scenario_2_ 750 2250 0 1 0.05 GF_Model_IV
0.0111259393957116 714.638386850665 0.00301773063203143 6.95341519861225e-06 no_error _Recombination_Map_and_Complex_Demographies_Scenario_2_ 750 2250 0 1 0.05 GF_Model_IV
0.0108989064785252 542.527066038251 0.00639964959391181 4.05597322345166e-05 no_error _Recombination_Map_and_Complex_Demographies_Scenario_2_ 750 2250 0 1 0.05 GF_Model_IV
0.0106485471268173 667.611534778774 0.00437164317920754 1.01996919415156e-05 no_error _Recombination_Map_and_Complex_Demographies_Scenario_2_ 750 2250 0 1 0.05 GF_Model_IV
0.0119644715783357 713.804794354768 0.00174911850798131 1.54802452421837e-05 no_error _Recombination_Map_and_Complex_Demographies_Scenario_2_ 750 2250 0 1 0.05 GF_Model_IV
0.0132029974427757 705.831535796114 0.00262048215037181 9.7916372102049e-06 no_error _Recombination_Map_and_Complex_Demographies_Scenario_2_ 750 2250 0 1 0.05 GF_Model_IV
0.0110042512195585 517.113611460614 0.017520492841933 5.95119244837203e-05 no_error _Recombination_Map_and_Complex_Demographies_Scenario_2_ 750 2250 0 1 0.05 GF_Model_IV
0.012065317749576 687.419047755148 0.00180625599857089 7.1957474365165e-06 no_error _Recombination_Map_and_Complex_Demographies_Scenario_2_ 750 2250 0 1 0.05 GF_Model_IV
0.0116112357891298 696.872096390681 0.00135927732770444 1.55226771375799e-05 no_error _Recombination_Map_and_Complex_Demographies_Scenario_2_ 750 2250 0 1 0.05 GF_Model_IV
0.0104841374901612 692.240422987468 0.00174746965676344 1.03381796426777e-05 no_error _Recombination_Map_and_Complex_Demographies_Scenario_2_ 750 2250 0 1 0.05 GF_Model_IV
0.0116513962044934 728.63009922674 0.00191830920866732 7.74755348759746e-06 no_error _Recombination_Map_and_Complex_Demographies_Scenario_2_ 750 2250 0 1 0.05 GF_Model_IV
0.0115635267503514 632.976687572033 0.00189424108637628 1.96816969177325e-05 no_error _Recombination_Map_and_Complex_Demographies_Scenario_2_ 750 2250 0 1 0.05 GF_Model_IV
0.0109154820085295 681.858624663485 0.00187846410303996 1.23781974513455e-05 no_error _Recombination_Map_and_Complex_Demographies_Scenario_2_ 750 2250 0 1 0.05 GF_Model_IV
0.0124388894279391 640.246164369925 0.00236919721795918 1.64758362802791e-05 no_error _Recombination_Map_and_Complex_Demographies_Scenario_2_ 750 2250 0 1 0.05 GF_Model_IV
0.0107952731623862 551.929939940064 0.00769757489342556 2.7759506247397e-05 no_error _Recombination_Map_and_Complex_Demographies_Scenario_2_ 750 2250 0 1 0.05 GF_Model_IV
0.0100212728983664 523.564042428564 0.0085917607901109 3.54020939743929e-05 no_error _Recombination_Map_and_Complex_Demographies_Scenario_2_ 750 2250 0 1 0.05 GF_Model_IV
0.0114646240272994 692.565999823037 0.000949960774993064 5.92437401065436e-06 no_error _Recombination_Map_and_Complex_Demographies_Scenario_2_ 750 2250 0 1 0.05 GF_Model_IV
0.0101420633508245 763.490414852294 0.00275804711712515 7.56795557549615e-06 no_error _Recombination_Map_and_Complex_Demographies_Scenario_2_ 750 2250 0 1 0.05 GF_Model_IV
0.0119444470323733 679.158971783094 0.00276468946557452 1.49189068045128e-05 no_error _Recombination_Map_and_Complex_Demographies_Scenario_2_ 750 2250 0 1 0.05 GF_Model_IV
0.0120451857610036 714.052426342457 0.00261527186578892 9.10117456819679e-06 no_error _Recombination_Map_and_Complex_Demographies_Scenario_2_ 750 2250 0 1 0.05 GF_Model_IV
0.0129567870589477 746.288589529469 0.00120367533449417 5.42945006458357e-06 no_error _Recombination_Map_and_Complex_Demographies_Scenario_2_ 750 2250 0 1 0.05 GF_Model_IV
0.0109451916088669 632.280861979443 0.00875614476956872 2.10485093619935e-05 no_error _Recombination_Map_and_Complex_Demographies_Scenario_2_ 750 2250 0 1 0.05 GF_Model_IV
0.0114041668624049 605.428113144292 0.00761458013078845 3.18870238710654e-05 no_error _Recombination_Map_and_Complex_Demographies_Scenario_2_ 750 2250 0 1 0.05 GF_Model_IV
0.012442110763703 691.590303035627 0.00143226472649036 2.51168191663867e-05 no_error _Recombination_Map_and_Complex_Demographies_Scenario_2_ 750 2250 0 1 0.05 GF_Model_IV
0.0105335854262742 685.321247067715 0.00302189452872003 1.38753224002623e-05 no_error _Recombination_Map_and_Complex_Demographies_Scenario_2_ 750 2250 0 1 0.05 GF_Model_IV
0.0118880529757926 703.600082983472 0.00221605623971049 1.01489175032724e-05 no_error _Recombination_Map_and_Complex_Demographies_Scenario_2_ 750 2250 0 1 0.05 GF_Model_IV
0.0137562698150777 637.77789671144 0.00768086197127442 2.53631137356924e-05 no_error _Recombination_Map_and_Complex_Demographies_Scenario_2_ 750 2250 0 1 0.05 GF_Model_IV
0.0101436501893712 638.885740133683 0.00528318833508177 8.05237115875229e-06 no_error _Recombination_Map_and_Complex_Demographies_Scenario_2_ 750 2250 0 1 0.05 GF_Model_IV
0.0116035328024265 716.338598652557 0.00298083264070699 2.17685022101102e-05 no_error _Recombination_Map_and_Complex_Demographies_Scenario_2_ 750 2250 0 1 0.05 GF_Model_IV
0.0103319717368106 696.985160404741 0.00545400708241987 1.55077001857018e-05 no_error _Recombination_Map_and_Complex_Demographies_Scenario_2_ 750 2250 0 1 0.05 GF_Model_IV
0.010818593631595 763.614500257377 0.00286370799623552 1.09993312996749e-05 no_error _Recombination_Map_and_Complex_Demographies_Scenario_2_ 750 2250 0 1 0.05 GF_Model_IV
