0.101473894489485 829.004874465016 0.0901239547487016 0.000860844478179347 no_error _Recombination_Map_and_Complex_Demographies_Scenario_1_ 1500 1501 0 1 0.05 GF_Model_IV
0.125152293284765 650.166492137348 0.0329870902711629 0.000996719860636491 no_error _Recombination_Map_and_Complex_Demographies_Scenario_1_ 1500 1501 0 1 0.05 GF_Model_IV
0.0875273219158549 1029.31870555276 0.124990973564632 0.0038468041057578 no_error _Recombination_Map_and_Complex_Demographies_Scenario_1_ 1500 1501 0 1 0.05 GF_Model_IV
0.092849697674993 834.1997774593 0.0621271228878545 0.000266200456541452 no_error _Recombination_Map_and_Complex_Demographies_Scenario_1_ 1500 1501 0 1 0.05 GF_Model_IV
0.0942328762399602 1032.70317957529 0.119510636186438 0.00155040701373122 no_error _Recombination_Map_and_Complex_Demographies_Scenario_1_ 1500 1501 0 1 0.05 GF_Model_IV
0.0885864999837351 874.237054068099 0.114192404944977 0.00117342166903879 no_error _Recombination_Map_and_Complex_Demographies_Scenario_1_ 1500 1501 0 1 0.05 GF_Model_IV
0.142766107974419 591.137420798899 0.0151592647391717 0.000525267755119958 no_error _Recombination_Map_and_Complex_Demographies_Scenario_1_ 1500 1501 0 1 0.05 GF_Model_IV
0.119116574295465 575.63894563191 0.0290883807261563 0.00112756919101007 no_error _Recombination_Map_and_Complex_Demographies_Scenario_1_ 1500 1501 0 1 0.05 GF_Model_IV
0.0919448012326106 869.923969904976 0.0888017693549737 0.00132651891931199 no_error _Recombination_Map_and_Complex_Demographies_Scenario_1_ 1500 1501 0 1 0.05 GF_Model_IV
0.0807607303440799 1071.04391929691 0.127569407368306 0.00247327437346692 no_error _Recombination_Map_and_Complex_Demographies_Scenario_1_ 1500 1501 0 1 0.05 GF_Model_IV
0.12716369152171 521.559832135982 0.00978426544718138 0.00104008358020981 no_error _Recombination_Map_and_Complex_Demographies_Scenario_1_ 1500 1501 0 1 0.05 GF_Model_IV
0.0782515504304167 867.06577089072 0.0900275328104256 0.000342791204791057 no_error _Recombination_Map_and_Complex_Demographies_Scenario_1_ 1500 1501 0 1 0.05 GF_Model_IV
0.132825897382724 751.441929568129 0.0460051236317154 0.000504740518254688 no_error _Recombination_Map_and_Complex_Demographies_Scenario_1_ 1500 1501 0 1 0.05 GF_Model_IV
0.138531782446587 592.422171093308 0.0174671337030763 0.000648330289801095 no_error _Recombination_Map_and_Complex_Demographies_Scenario_1_ 1500 1501 0 1 0.05 GF_Model_IV
0.0878507972173958 992.496215875191 0.102943298738708 0.00111843704919656 no_error _Recombination_Map_and_Complex_Demographies_Scenario_1_ 1500 1501 0 1 0.05 GF_Model_IV
0.126779085092836 602.888300604724 0.0269650826024548 0.00050542850511208 no_error _Recombination_Map_and_Complex_Demographies_Scenario_1_ 1500 1501 0 1 0.05 GF_Model_IV
0.0861445173985426 755.808679369079 0.0650612304351973 0.000579553775903596 no_error _Recombination_Map_and_Complex_Demographies_Scenario_1_ 1500 1501 0 1 0.05 GF_Model_IV
0.131873062953703 581.250386653539 0.0218341296668259 0.000381165834390103 no_error _Recombination_Map_and_Complex_Demographies_Scenario_1_ 1500 1501 0 1 0.05 GF_Model_IV
0.117103841422071 743.380414719268 0.0531855225428076 0.00111825743126134 no_error _Recombination_Map_and_Complex_Demographies_Scenario_1_ 1500 1501 0 1 0.05 GF_Model_IV
0.0951331020778043 955.828891181296 0.090450115001138 0.0015096256212707 no_error _Recombination_Map_and_Complex_Demographies_Scenario_1_ 1500 1501 0 1 0.05 GF_Model_IV
0.103354935779608 726.321187694522 0.0541001529238117 0.000443124497437527 no_error _Recombination_Map_and_Complex_Demographies_Scenario_1_ 1500 1501 0 1 0.05 GF_Model_IV
0.0895431170208569 898.386556796966 0.098243496262599 0.00158245378204083 no_error _Recombination_Map_and_Complex_Demographies_Scenario_1_ 1500 1501 0 1 0.05 GF_Model_IV
0.107604220380034 568.113847773467 0.049685590801076 0.00211198904474136 no_error _Recombination_Map_and_Complex_Demographies_Scenario_1_ 1500 1501 0 1 0.05 GF_Model_IV
0.0823785995558194 689.797787345088 0.0536807486872116 0.000585324697393121 no_error _Recombination_Map_and_Complex_Demographies_Scenario_1_ 1500 1501 0 1 0.05 GF_Model_IV
0.11495283952124 640.883781133476 0.0665296720067898 0.00093330046452198 no_error _Recombination_Map_and_Complex_Demographies_Scenario_1_ 1500 1501 0 1 0.05 GF_Model_IV
0.144351937200578 668.599033059609 0.0224072554422685 0.000449911284458611 no_error _Recombination_Map_and_Complex_Demographies_Scenario_1_ 1500 1501 0 1 0.05 GF_Model_IV
0.0520686055505113 834.321390015835 0.177207222776729 0.00226355754552898 no_error _Recombination_Map_and_Complex_Demographies_Scenario_1_ 1500 1501 0 1 0.05 GF_Model_IV
0.100830084652391 629.740529566267 0.071603957599983 0.00108054921030553 no_error _Recombination_Map_and_Complex_Demographies_Scenario_1_ 1500 1501 0 1 0.05 GF_Model_IV
0.0623605293112137 977.471635529394 0.123450387215744 0.000744980998757191 no_error _Recombination_Map_and_Complex_Demographies_Scenario_1_ 1500 1501 0 1 0.05 GF_Model_IV
0.106423467741528 658.165726238137 0.0547896781456511 0.000526117496810955 no_error _Recombination_Map_and_Complex_Demographies_Scenario_1_ 1500 1501 0 1 0.05 GF_Model_IV
0.1271582377037 601.733400424995 0.0434538092937188 0.000685548290274403 no_error _Recombination_Map_and_Complex_Demographies_Scenario_1_ 1500 1501 0 1 0.05 GF_Model_IV
0.125158613649033 710.884695212921 0.0428701783787618 0.000490167353167778 no_error _Recombination_Map_and_Complex_Demographies_Scenario_1_ 1500 1501 0 1 0.05 GF_Model_IV
0.102458042737326 638.027069902938 0.0476993158457268 0.000580608109535176 no_error _Recombination_Map_and_Complex_Demographies_Scenario_1_ 1500 1501 0 1 0.05 GF_Model_IV
0.110716743518394 608.516209568458 0.0643738627943418 0.00290026154040424 no_error _Recombination_Map_and_Complex_Demographies_Scenario_1_ 1500 1501 0 1 0.05 GF_Model_IV
0.0988883870835243 652.93139145894 0.0356892396558491 0.00022797938704672 no_error _Recombination_Map_and_Complex_Demographies_Scenario_1_ 1500 1501 0 1 0.05 GF_Model_IV
0.127714747299469 556.106146994109 0.0199827856690987 0.000985452259619204 no_error _Recombination_Map_and_Complex_Demographies_Scenario_1_ 1500 1501 0 1 0.05 GF_Model_IV
0.0547480830603395 357.841836886338 0.119939442411615 0.00111436049856121 no_error _Recombination_Map_and_Complex_Demographies_Scenario_1_ 1500 1501 0 1 0.05 GF_Model_IV
0.121336559625903 623.329027685555 0.0551140930670624 0.000788633214858791 no_error _Recombination_Map_and_Complex_Demographies_Scenario_1_ 1500 1501 0 1 0.05 GF_Model_IV
0.103784144725425 637.108282363667 0.0394127607735384 0.000521359430140569 no_error _Recombination_Map_and_Complex_Demographies_Scenario_1_ 1500 1501 0 1 0.05 GF_Model_IV
0.126614105151957 526.011646060047 0.038543840604662 0.00192788169938161 no_error _Recombination_Map_and_Complex_Demographies_Scenario_1_ 1500 1501 0 1 0.05 GF_Model_IV
0.0839273147554889 791.788096258511 0.085628721004931 0.000621200093514469 no_error _Recombination_Map_and_Complex_Demographies_Scenario_1_ 1500 1501 0 1 0.05 GF_Model_IV
0.115097213035435 662.280259658035 0.0395599879177749 0.000407646780698945 no_error _Recombination_Map_and_Complex_Demographies_Scenario_1_ 1500 1501 0 1 0.05 GF_Model_IV
0.110107483553628 801.843396612516 0.0570720487032052 0.000495127703168868 no_error _Recombination_Map_and_Complex_Demographies_Scenario_1_ 1500 1501 0 1 0.05 GF_Model_IV
0.0814854101978852 746.755637037489 0.0876876178929195 0.000583937817760638 no_error _Recombination_Map_and_Complex_Demographies_Scenario_1_ 1500 1501 0 1 0.05 GF_Model_IV
0.0512588435021448 876.106219189532 0.1178961335688 0.000329067283667013 no_error _Recombination_Map_and_Complex_Demographies_Scenario_1_ 1500 1501 0 1 0.05 GF_Model_IV
0.102316286561038 606.766692279263 0.0581227735185565 0.00196684673410567 no_error _Recombination_Map_and_Complex_Demographies_Scenario_1_ 1500 1501 0 1 0.05 GF_Model_IV
0.10854033770844 728.008758399469 0.0482428889900079 0.000869863540466178 no_error _Recombination_Map_and_Complex_Demographies_Scenario_1_ 1500 1501 0 1 0.05 GF_Model_IV
0.128695687434099 588.810242533594 0.0321905589583781 0.000666797298804665 no_error _Recombination_Map_and_Complex_Demographies_Scenario_1_ 1500 1501 0 1 0.05 GF_Model_IV
0.114162467604271 796.674708203367 0.0366447498796739 0.000322417137115356 no_error _Recombination_Map_and_Complex_Demographies_Scenario_1_ 1500 1501 0 1 0.05 GF_Model_IV
0.0379150611085477 738.847845834743 0.15731710877172 0.00195582494915325 no_error _Recombination_Map_and_Complex_Demographies_Scenario_1_ 1500 1501 0 1 0.05 GF_Model_IV
0.0748743549646459 725.817047342232 0.062681880327273 0.000246651616651812 no_error _Recombination_Map_and_Complex_Demographies_Scenario_1_ 1500 1501 0 1 0.05 GF_Model_IV
0.129896307837634 489.282762766518 0.033580791910706 0.000859021501368331 no_error _Recombination_Map_and_Complex_Demographies_Scenario_1_ 1500 1501 0 1 0.05 GF_Model_IV
0.103774388549599 336.172086978101 0.0752906482197879 0.00328460834885806 no_error _Recombination_Map_and_Complex_Demographies_Scenario_1_ 1500 1501 0 1 0.05 GF_Model_IV
0.0445242351478421 1557.22819830936 0.168454764616587 0.00358182801692484 no_error _Recombination_Map_and_Complex_Demographies_Scenario_1_ 1500 1501 0 1 0.05 GF_Model_IV
0.108453414350675 566.246742183795 0.0188590343465819 0.000246142179535462 no_error _Recombination_Map_and_Complex_Demographies_Scenario_1_ 1500 1501 0 1 0.05 GF_Model_IV
0.0834481107384639 859.52514750053 0.0673748685065433 0.000193560394344728 no_error _Recombination_Map_and_Complex_Demographies_Scenario_1_ 1500 1501 0 1 0.05 GF_Model_IV
0.0886503063301761 590.160170341178 0.100644336715657 0.0010050850957324 no_error _Recombination_Map_and_Complex_Demographies_Scenario_1_ 1500 1501 0 1 0.05 GF_Model_IV
0.113434075535147 633.149467893028 0.0335646258882736 0.000695817811451523 no_error _Recombination_Map_and_Complex_Demographies_Scenario_1_ 1500 1501 0 1 0.05 GF_Model_IV
0.0853266212849634 928.003698004767 0.101357364240778 0.00128778520750665 no_error _Recombination_Map_and_Complex_Demographies_Scenario_1_ 1500 1501 0 1 0.05 GF_Model_IV
0.0950467400074403 843.834621706396 0.0925527913076026 0.00103170718856629 no_error _Recombination_Map_and_Complex_Demographies_Scenario_1_ 1500 1501 0 1 0.05 GF_Model_IV
0.136075807021273 594.937996968065 0.0196357867567933 0.000541263483070975 no_error _Recombination_Map_and_Complex_Demographies_Scenario_1_ 1500 1501 0 1 0.05 GF_Model_IV
0.106002450838563 667.21012598001 0.0547644530708012 0.000660229531079964 no_error _Recombination_Map_and_Complex_Demographies_Scenario_1_ 1500 1501 0 1 0.05 GF_Model_IV
0.135465986646377 643.730595458018 0.0304315946846716 0.000591355508058938 no_error _Recombination_Map_and_Complex_Demographies_Scenario_1_ 1500 1501 0 1 0.05 GF_Model_IV
0.0912907580244327 968.330582716406 0.0866797861369177 0.00221208726418631 no_error _Recombination_Map_and_Complex_Demographies_Scenario_1_ 1500 1501 0 1 0.05 GF_Model_IV
0.123353558582753 592.324574635155 0.0354859286482679 0.000650169848997053 no_error _Recombination_Map_and_Complex_Demographies_Scenario_1_ 1500 1501 0 1 0.05 GF_Model_IV
0.0615845357415559 1012.88688522467 0.121815808593909 0.000628745793913812 no_error _Recombination_Map_and_Complex_Demographies_Scenario_1_ 1500 1501 0 1 0.05 GF_Model_IV
0.0747934241434386 1151.61688266962 0.112867615614325 0.00121977284672174 no_error _Recombination_Map_and_Complex_Demographies_Scenario_1_ 1500 1501 0 1 0.05 GF_Model_IV
0.131232550444078 651.86272326387 0.0472185627012441 0.00105288910131169 no_error _Recombination_Map_and_Complex_Demographies_Scenario_1_ 1500 1501 0 1 0.05 GF_Model_IV
0.134304035395824 642.15795544556 0.0233502099134792 0.000421693264632381 no_error _Recombination_Map_and_Complex_Demographies_Scenario_1_ 1500 1501 0 1 0.05 GF_Model_IV
0.116369268734868 659.219567466326 0.0487055056033984 0.00061518577466396 no_error _Recombination_Map_and_Complex_Demographies_Scenario_1_ 1500 1501 0 1 0.05 GF_Model_IV
0.0754107947158283 2152.76653853443 0.169830329414949 0.0112533597076723 no_error _Recombination_Map_and_Complex_Demographies_Scenario_1_ 1500 1501 0 1 0.05 GF_Model_IV
0.074963991698728 254.643298410605 0.0882653977712987 0.00695817034641676 no_error _Recombination_Map_and_Complex_Demographies_Scenario_1_ 1500 1501 0 1 0.05 GF_Model_IV
0.118820972154843 713.976488048579 0.0415012210904727 0.000377323507319375 no_error _Recombination_Map_and_Complex_Demographies_Scenario_1_ 1500 1501 0 1 0.05 GF_Model_IV
0.126066491825654 711.064964849021 0.0471373497984183 0.000640985169598009 no_error _Recombination_Map_and_Complex_Demographies_Scenario_1_ 1500 1501 0 1 0.05 GF_Model_IV
0.112227105297736 777.571366850003 0.0587881188178329 0.000908828282492299 no_error _Recombination_Map_and_Complex_Demographies_Scenario_1_ 1500 1501 0 1 0.05 GF_Model_IV
0.111311382651889 869.388634926148 0.0690023724477913 0.000854952534476261 no_error _Recombination_Map_and_Complex_Demographies_Scenario_1_ 1500 1501 0 1 0.05 GF_Model_IV
0.0452346572365298 1144.06042442905 0.193971797800377 0.00178131419755845 no_error _Recombination_Map_and_Complex_Demographies_Scenario_1_ 1500 1501 0 1 0.05 GF_Model_IV
0.0945526269402807 1083.74948676866 0.0856988121800706 0.00169827909068346 no_error _Recombination_Map_and_Complex_Demographies_Scenario_1_ 1500 1501 0 1 0.05 GF_Model_IV
0.0889755053097345 929.968524411577 0.102601074734181 0.0011438054472436 no_error _Recombination_Map_and_Complex_Demographies_Scenario_1_ 1500 1501 0 1 0.05 GF_Model_IV
0.103563337884354 737.129273576937 0.0297874062811887 0.000435369259739892 no_error _Recombination_Map_and_Complex_Demographies_Scenario_1_ 1500 1501 0 1 0.05 GF_Model_IV
0.113467990757444 657.301164090338 0.0343423193781269 0.00051592735309134 no_error _Recombination_Map_and_Complex_Demographies_Scenario_1_ 1500 1501 0 1 0.05 GF_Model_IV
0.0902666146274949 878.461235495297 0.0810460346239141 0.00110010806025958 no_error _Recombination_Map_and_Complex_Demographies_Scenario_1_ 1500 1501 0 1 0.05 GF_Model_IV
0.104672496371378 670.106568206837 0.0398275886319657 0.000461076469019886 no_error _Recombination_Map_and_Complex_Demographies_Scenario_1_ 1500 1501 0 1 0.05 GF_Model_IV
0.103305213819175 701.023887260668 0.0387366604077133 0.000494263002018924 no_error _Recombination_Map_and_Complex_Demographies_Scenario_1_ 1500 1501 0 1 0.05 GF_Model_IV
0.104680314606656 665.535117216385 0.0497612139055916 0.000385147952602789 no_error _Recombination_Map_and_Complex_Demographies_Scenario_1_ 1500 1501 0 1 0.05 GF_Model_IV
0.092327534868108 742.129091794649 0.0625016107763707 0.000576212553318273 no_error _Recombination_Map_and_Complex_Demographies_Scenario_1_ 1500 1501 0 1 0.05 GF_Model_IV
0.115836219817132 617.41188536313 0.0413819746002266 0.000526985211366744 no_error _Recombination_Map_and_Complex_Demographies_Scenario_1_ 1500 1501 0 1 0.05 GF_Model_IV
0.10533306661126 591.172044724371 0.0242098996900129 0.00128726431577677 no_error _Recombination_Map_and_Complex_Demographies_Scenario_1_ 1500 1501 0 1 0.05 GF_Model_IV
0.0982643187605458 918.24387467192 0.0893124793064378 0.00095664011881628 no_error _Recombination_Map_and_Complex_Demographies_Scenario_1_ 1500 1501 0 1 0.05 GF_Model_IV
0.110274479368696 445.113573802247 0.0393092860761013 0.00385538569928556 no_error _Recombination_Map_and_Complex_Demographies_Scenario_1_ 1500 1501 0 1 0.05 GF_Model_IV
0.074855274326842 1250.93469576752 0.12202712389493 0.00240106776966342 no_error _Recombination_Map_and_Complex_Demographies_Scenario_1_ 1500 1501 0 1 0.05 GF_Model_IV
0.0803071047477703 665.11236315057 0.0772159864028094 0.000500494521702971 no_error _Recombination_Map_and_Complex_Demographies_Scenario_1_ 1500 1501 0 1 0.05 GF_Model_IV
0.104978945214447 701.826263251657 0.0583084164385814 0.000352110224489744 no_error _Recombination_Map_and_Complex_Demographies_Scenario_1_ 1500 1501 0 1 0.05 GF_Model_IV
0.122867776989413 735.597841586117 0.063350555527662 0.00094314824467512 no_error _Recombination_Map_and_Complex_Demographies_Scenario_1_ 1500 1501 0 1 0.05 GF_Model_IV
0.133260984056288 725.985030605 0.0315739465299184 0.000364633860605072 no_error _Recombination_Map_and_Complex_Demographies_Scenario_1_ 1500 1501 0 1 0.05 GF_Model_IV
0.0707719148025509 1095.4105229607 0.107399629255973 0.0021764795816645 no_error _Recombination_Map_and_Complex_Demographies_Scenario_1_ 1500 1501 0 1 0.05 GF_Model_IV
0.105341511217265 538.908981053885 0.0544265204506944 0.00217832978845043 no_error _Recombination_Map_and_Complex_Demographies_Scenario_1_ 1500 1501 0 1 0.05 GF_Model_IV
0.119859623423081 662.07640628499 0.0471486574594376 0.00078729570793179 no_error _Recombination_Map_and_Complex_Demographies_Scenario_1_ 1500 1501 0 1 0.05 GF_Model_IV
0.116356331935079 856.661431923391 0.0544989489009455 0.00121594222282527 no_error _Recombination_Map_and_Complex_Demographies_Scenario_1_ 1500 1501 0 1 0.05 GF_Model_IV
0.129322549233539 566.599098230256 0.0209812317096383 0.000522132505044259 no_error _Recombination_Map_and_Complex_Demographies_Scenario_1_ 1500 1501 0 1 0.05 GF_Model_IV
0.0962344424208026 668.655833159752 0.06432108133109 0.000868631105232259 no_error _Recombination_Map_and_Complex_Demographies_Scenario_2_ 750 2250 0 1 0.05 GF_Model_IV
0.0779531796572859 897.113144088472 0.0923066683830741 0.000931987650431883 no_error _Recombination_Map_and_Complex_Demographies_Scenario_2_ 750 2250 0 1 0.05 GF_Model_IV
0.0466094837861394 722.346896801407 0.121526030499125 0.00100813464354553 no_error _Recombination_Map_and_Complex_Demographies_Scenario_2_ 750 2250 0 1 0.05 GF_Model_IV
0.08390475736707 754.762043632459 0.0743872077667664 0.000714168549136598 no_error _Recombination_Map_and_Complex_Demographies_Scenario_2_ 750 2250 0 1 0.05 GF_Model_IV
0.0747463011748607 709.734045478398 0.0670625903858172 0.000481407960384147 no_error _Recombination_Map_and_Complex_Demographies_Scenario_2_ 750 2250 0 1 0.05 GF_Model_IV
0.104501071473241 702.416690609325 0.0328511019691666 0.000606174778109692 no_error _Recombination_Map_and_Complex_Demographies_Scenario_2_ 750 2250 0 1 0.05 GF_Model_IV
0.0887056827464178 751.924154334558 0.0581495365099959 0.000516205557823163 no_error _Recombination_Map_and_Complex_Demographies_Scenario_2_ 750 2250 0 1 0.05 GF_Model_IV
0.0691385229269835 663.605253263394 0.079870385021304 0.000798031070095315 no_error _Recombination_Map_and_Complex_Demographies_Scenario_2_ 750 2250 0 1 0.05 GF_Model_IV
0.10075761578185 699.709024857489 0.0368926504274413 0.000373052472425452 no_error _Recombination_Map_and_Complex_Demographies_Scenario_2_ 750 2250 0 1 0.05 GF_Model_IV
0.102711300569125 674.74757050113 0.045459970712723 0.000681007116174883 no_error _Recombination_Map_and_Complex_Demographies_Scenario_2_ 750 2250 0 1 0.05 GF_Model_IV
0.125241682510383 566.425309533624 0.00377449266386698 0.000366317584331144 no_error _Recombination_Map_and_Complex_Demographies_Scenario_2_ 750 2250 0 1 0.05 GF_Model_IV
0.0750131420581334 781.175727002057 0.0619025974840707 0.000284537962721398 no_error _Recombination_Map_and_Complex_Demographies_Scenario_2_ 750 2250 0 1 0.05 GF_Model_IV
1.00000000010965e-06 1.12522037490271 0.377510232436488 0.068741879735645 nls_error _Recombination_Map_and_Complex_Demographies_Scenario_2_ 750 2250 0 1 0.05 GF_Model_IV
0.0350520588528834 2359.34165949304 0.199748894174014 0.00211182627536377 no_error _Recombination_Map_and_Complex_Demographies_Scenario_2_ 750 2250 0 1 0.05 GF_Model_IV
0.109528266971541 671.159385228082 0.0373958370923831 0.000522378388144526 no_error _Recombination_Map_and_Complex_Demographies_Scenario_2_ 750 2250 0 1 0.05 GF_Model_IV
0.102427904092413 575.810617413414 0.0481918435072563 0.0006796723320392 no_error _Recombination_Map_and_Complex_Demographies_Scenario_2_ 750 2250 0 1 0.05 GF_Model_IV
0.119072715768951 603.944088337204 0.0301190590322717 0.000641616649639344 no_error _Recombination_Map_and_Complex_Demographies_Scenario_2_ 750 2250 0 1 0.05 GF_Model_IV
0.104437506737249 515.909318061293 0.0322068957536701 0.00090835453326066 no_error _Recombination_Map_and_Complex_Demographies_Scenario_2_ 750 2250 0 1 0.05 GF_Model_IV
0.128263075707932 592.737922774411 0.0142826704399833 0.000995934914739875 no_error _Recombination_Map_and_Complex_Demographies_Scenario_2_ 750 2250 0 1 0.05 GF_Model_IV
0.0846660102888668 596.653438438667 0.0217284099996885 0.000495447912496861 no_error _Recombination_Map_and_Complex_Demographies_Scenario_2_ 750 2250 0 1 0.05 GF_Model_IV
0.0742149137584951 574.611173327285 0.0784569179517266 0.00118300017162329 no_error _Recombination_Map_and_Complex_Demographies_Scenario_2_ 750 2250 0 1 0.05 GF_Model_IV
0.054945335525042 1438.56366685892 0.135787072182525 0.00217025103890641 no_error _Recombination_Map_and_Complex_Demographies_Scenario_2_ 750 2250 0 1 0.05 GF_Model_IV
0.105377708166611 614.143786439363 0.0215337584323624 0.000388443178224156 no_error _Recombination_Map_and_Complex_Demographies_Scenario_2_ 750 2250 0 1 0.05 GF_Model_IV
0.0753729138352307 610.488803271642 0.0439867706397095 0.00055332960179827 no_error _Recombination_Map_and_Complex_Demographies_Scenario_2_ 750 2250 0 1 0.05 GF_Model_IV
0.11090739244374 607.185897084231 0.0264996507411169 0.000485510206679155 no_error _Recombination_Map_and_Complex_Demographies_Scenario_2_ 750 2250 0 1 0.05 GF_Model_IV
0.0618191314252474 829.463682074888 0.0890506950933724 0.000215638601860936 no_error _Recombination_Map_and_Complex_Demographies_Scenario_2_ 750 2250 0 1 0.05 GF_Model_IV
0.087328921720704 1229.3069223265 0.120859589490448 0.0063076970057929 no_error _Recombination_Map_and_Complex_Demographies_Scenario_2_ 750 2250 0 1 0.05 GF_Model_IV
0.130099192175128 517.802695991235 0.0117312465497501 0.000904412981587229 no_error _Recombination_Map_and_Complex_Demographies_Scenario_2_ 750 2250 0 1 0.05 GF_Model_IV
0.10149324034912 665.870576577754 0.0522076384174744 0.000602242296499033 no_error _Recombination_Map_and_Complex_Demographies_Scenario_2_ 750 2250 0 1 0.05 GF_Model_IV
0.0724454667246012 771.999583719232 0.0684872885693681 0.000244209216756161 no_error _Recombination_Map_and_Complex_Demographies_Scenario_2_ 750 2250 0 1 0.05 GF_Model_IV
0.100840300556009 624.773423793194 0.0338442232466513 0.000376974830967321 no_error _Recombination_Map_and_Complex_Demographies_Scenario_2_ 750 2250 0 1 0.05 GF_Model_IV
0.0994231490026277 565.505660016316 0.031967638735928 0.000514995164397923 no_error _Recombination_Map_and_Complex_Demographies_Scenario_2_ 750 2250 0 1 0.05 GF_Model_IV
0.0915044709322496 708.272100040973 0.066327455882409 0.000778041927078366 no_error _Recombination_Map_and_Complex_Demographies_Scenario_2_ 750 2250 0 1 0.05 GF_Model_IV
0.0728592249239891 872.320739771243 0.080260320285611 0.000737642420928068 no_error _Recombination_Map_and_Complex_Demographies_Scenario_2_ 750 2250 0 1 0.05 GF_Model_IV
0.106487217823856 755.755661767231 0.0394681198307656 0.00058436255009437 no_error _Recombination_Map_and_Complex_Demographies_Scenario_2_ 750 2250 0 1 0.05 GF_Model_IV
0.0910803651186463 677.776519815429 0.0431972353899309 0.00030368804554065 no_error _Recombination_Map_and_Complex_Demographies_Scenario_2_ 750 2250 0 1 0.05 GF_Model_IV
0.129545868737094 548.349636556115 0.0061888126790317 0.000723848465405172 no_error _Recombination_Map_and_Complex_Demographies_Scenario_2_ 750 2250 0 1 0.05 GF_Model_IV
0.0966742478207363 557.699970425733 0.0459029351021085 0.000668059310651078 no_error _Recombination_Map_and_Complex_Demographies_Scenario_2_ 750 2250 0 1 0.05 GF_Model_IV
0.104768809608285 682.909424557955 0.0389730325735881 0.000546478531607286 no_error _Recombination_Map_and_Complex_Demographies_Scenario_2_ 750 2250 0 1 0.05 GF_Model_IV
0.0912133368950128 633.261521236485 0.0241463873194011 0.000225450724267014 no_error _Recombination_Map_and_Complex_Demographies_Scenario_2_ 750 2250 0 1 0.05 GF_Model_IV
0.123262985430624 605.874130580802 0.0213354319387161 0.000664887726422039 no_error _Recombination_Map_and_Complex_Demographies_Scenario_2_ 750 2250 0 1 0.05 GF_Model_IV
0.0745799037146341 957.271605078903 0.0723467046550922 0.000504083593988749 no_error _Recombination_Map_and_Complex_Demographies_Scenario_2_ 750 2250 0 1 0.05 GF_Model_IV
0.070686110106433 707.321634827732 0.0528028505688116 0.000265380015226348 no_error _Recombination_Map_and_Complex_Demographies_Scenario_2_ 750 2250 0 1 0.05 GF_Model_IV
0.0788533721714458 667.011483317999 0.0629156473565172 0.000465932413761798 no_error _Recombination_Map_and_Complex_Demographies_Scenario_2_ 750 2250 0 1 0.05 GF_Model_IV
0.112252189297647 675.800968243208 0.033616673754714 0.000279056689665837 no_error _Recombination_Map_and_Complex_Demographies_Scenario_2_ 750 2250 0 1 0.05 GF_Model_IV
0.0665062589514065 692.151444636983 0.076142044024932 0.000553448466642915 no_error _Recombination_Map_and_Complex_Demographies_Scenario_2_ 750 2250 0 1 0.05 GF_Model_IV
0.102578766832782 628.077982312043 0.0322414432375567 0.000280240209809054 no_error _Recombination_Map_and_Complex_Demographies_Scenario_2_ 750 2250 0 1 0.05 GF_Model_IV
0.0609372396548238 942.471525018595 0.132424908971921 0.00184587186914861 no_error _Recombination_Map_and_Complex_Demographies_Scenario_2_ 750 2250 0 1 0.05 GF_Model_IV
0.0976942480001875 619.269309068981 0.0437184938772705 0.000414677083089437 no_error _Recombination_Map_and_Complex_Demographies_Scenario_2_ 750 2250 0 1 0.05 GF_Model_IV
0.0778506211088522 625.742100146204 0.058909461337694 0.000315052686257679 no_error _Recombination_Map_and_Complex_Demographies_Scenario_2_ 750 2250 0 1 0.05 GF_Model_IV
0.10850782478402 611.986533383781 0.0242827474908556 0.000344738487794864 no_error _Recombination_Map_and_Complex_Demographies_Scenario_2_ 750 2250 0 1 0.05 GF_Model_IV
0.0940837559942178 613.736510979071 0.0578456435982338 0.000909344116320127 no_error _Recombination_Map_and_Complex_Demographies_Scenario_2_ 750 2250 0 1 0.05 GF_Model_IV
0.0598063187997926 638.31399353121 0.110930112345425 0.00316609860909616 no_error _Recombination_Map_and_Complex_Demographies_Scenario_2_ 750 2250 0 1 0.05 GF_Model_IV
0.102642381067485 661.01664829467 0.0344498386786041 0.000414159405294598 no_error _Recombination_Map_and_Complex_Demographies_Scenario_2_ 750 2250 0 1 0.05 GF_Model_IV
0.0767892194547843 858.383169107912 0.0629288703128657 0.000345857126406591 no_error _Recombination_Map_and_Complex_Demographies_Scenario_2_ 750 2250 0 1 0.05 GF_Model_IV
0.0932274143131025 647.460104758316 0.0255648023708714 0.000321432615928631 no_error _Recombination_Map_and_Complex_Demographies_Scenario_2_ 750 2250 0 1 0.05 GF_Model_IV
0.0543918862379304 779.748142198124 0.114226107962169 0.000487096937947477 no_error _Recombination_Map_and_Complex_Demographies_Scenario_2_ 750 2250 0 1 0.05 GF_Model_IV
0.118231923178037 670.508673840672 0.0335576452373302 0.000486039417203639 no_error _Recombination_Map_and_Complex_Demographies_Scenario_2_ 750 2250 0 1 0.05 GF_Model_IV
0.107062921349122 635.07605740247 0.0236255170597608 0.000352679195748258 no_error _Recombination_Map_and_Complex_Demographies_Scenario_2_ 750 2250 0 1 0.05 GF_Model_IV
0.0959044734221549 568.494750274491 0.0367373842230006 0.000867884428770466 no_error _Recombination_Map_and_Complex_Demographies_Scenario_2_ 750 2250 0 1 0.05 GF_Model_IV
0.0967969082718993 661.342031954219 0.0504359176802493 0.000411103735189223 no_error _Recombination_Map_and_Complex_Demographies_Scenario_2_ 750 2250 0 1 0.05 GF_Model_IV
0.0989898570626554 611.026705295722 0.0352409767822104 0.000308033873029691 no_error _Recombination_Map_and_Complex_Demographies_Scenario_2_ 750 2250 0 1 0.05 GF_Model_IV
0.112028948247829 586.118763475482 0.0253201833266575 0.00106415427900427 no_error _Recombination_Map_and_Complex_Demographies_Scenario_2_ 750 2250 0 1 0.05 GF_Model_IV
0.106866504853371 611.585485086231 0.0336418298762174 0.000517761601674459 no_error _Recombination_Map_and_Complex_Demographies_Scenario_2_ 750 2250 0 1 0.05 GF_Model_IV
0.102262764857801 614.654741007161 0.0244255724601249 0.000303880852869072 no_error _Recombination_Map_and_Complex_Demographies_Scenario_2_ 750 2250 0 1 0.05 GF_Model_IV
0.100046924028719 595.637822744868 0.0366251762723645 0.000419897768376335 no_error _Recombination_Map_and_Complex_Demographies_Scenario_2_ 750 2250 0 1 0.05 GF_Model_IV
0.0533120637778226 2492.68551281219 0.156661424104716 0.00520338583973785 no_error _Recombination_Map_and_Complex_Demographies_Scenario_2_ 750 2250 0 1 0.05 GF_Model_IV
0.0731899395626144 752.017980300164 0.0721265496510657 0.000244465702360958 no_error _Recombination_Map_and_Complex_Demographies_Scenario_2_ 750 2250 0 1 0.05 GF_Model_IV
0.0678210192340694 788.814229328212 0.0716906939557546 0.000307552004114024 no_error _Recombination_Map_and_Complex_Demographies_Scenario_2_ 750 2250 0 1 0.05 GF_Model_IV
0.092206375115664 765.083686551282 0.0697572840596128 0.000630259761650064 no_error _Recombination_Map_and_Complex_Demographies_Scenario_2_ 750 2250 0 1 0.05 GF_Model_IV
0.105224101113327 738.80493579382 0.0650409475685991 0.000602300709852576 no_error _Recombination_Map_and_Complex_Demographies_Scenario_2_ 750 2250 0 1 0.05 GF_Model_IV
0.068439053699305 870.646482935192 0.102819322026269 0.00132294387770278 no_error _Recombination_Map_and_Complex_Demographies_Scenario_2_ 750 2250 0 1 0.05 GF_Model_IV
0.0716569911617588 698.898650611383 0.0540165609238714 0.000238511130120178 no_error _Recombination_Map_and_Complex_Demographies_Scenario_2_ 750 2250 0 1 0.05 GF_Model_IV
0.114011530449948 632.514279665322 0.0349730568488248 0.000710807761427862 no_error _Recombination_Map_and_Complex_Demographies_Scenario_2_ 750 2250 0 1 0.05 GF_Model_IV
0.109330697771374 670.33064544163 0.0449027415260439 0.000388193056482676 no_error _Recombination_Map_and_Complex_Demographies_Scenario_2_ 750 2250 0 1 0.05 GF_Model_IV
0.0718969059625368 2747.57930139812 0.184811195511804 0.00401205239786044 no_error _Recombination_Map_and_Complex_Demographies_Scenario_2_ 750 2250 0 1 0.05 GF_Model_IV
0.106811091398756 615.381126152921 0.0319076348680861 0.000276794853143563 no_error _Recombination_Map_and_Complex_Demographies_Scenario_2_ 750 2250 0 1 0.05 GF_Model_IV
0.114857889396676 592.716851248026 0.0269207570523995 0.000758213535108061 no_error _Recombination_Map_and_Complex_Demographies_Scenario_2_ 750 2250 0 1 0.05 GF_Model_IV
0.102646072462138 615.58186951745 0.0348311098113546 0.000638259726593198 no_error _Recombination_Map_and_Complex_Demographies_Scenario_2_ 750 2250 0 1 0.05 GF_Model_IV
0.110625954767981 713.500515002328 0.0385130395930225 0.000644224333011235 no_error _Recombination_Map_and_Complex_Demographies_Scenario_2_ 750 2250 0 1 0.05 GF_Model_IV
0.0998947487913764 547.838205047965 0.0306098152686396 0.00091661557363169 no_error _Recombination_Map_and_Complex_Demographies_Scenario_2_ 750 2250 0 1 0.05 GF_Model_IV
0.0910674862410455 650.940854611917 0.0278474062946155 0.000345049589478425 no_error _Recombination_Map_and_Complex_Demographies_Scenario_2_ 750 2250 0 1 0.05 GF_Model_IV
0.107878597251762 573.074506355975 0.0470863241030281 0.000916614701020937 no_error _Recombination_Map_and_Complex_Demographies_Scenario_2_ 750 2250 0 1 0.05 GF_Model_IV
0.0506827113303267 631.913090627097 0.0671162148426547 0.000414989717227443 no_error _Recombination_Map_and_Complex_Demographies_Scenario_2_ 750 2250 0 1 0.05 GF_Model_IV
0.049138876781576 801.791981230213 0.0858446397439642 0.000256001201029604 no_error _Recombination_Map_and_Complex_Demographies_Scenario_2_ 750 2250 0 1 0.05 GF_Model_IV
0.114949042218546 573.703920411119 0.0179960618275139 0.000238212187223944 no_error _Recombination_Map_and_Complex_Demographies_Scenario_2_ 750 2250 0 1 0.05 GF_Model_IV
0.0952644027699783 871.059813781234 0.0565057805715677 0.000692446530627634 no_error _Recombination_Map_and_Complex_Demographies_Scenario_2_ 750 2250 0 1 0.05 GF_Model_IV
0.0945548556356842 692.183763508064 0.043400763162292 0.000397317937838913 no_error _Recombination_Map_and_Complex_Demographies_Scenario_2_ 750 2250 0 1 0.05 GF_Model_IV
0.0719681240935541 686.754029232763 0.0241519636180009 0.000141489344802545 no_error _Recombination_Map_and_Complex_Demographies_Scenario_2_ 750 2250 0 1 0.05 GF_Model_IV
0.126503436405862 635.747571170269 0.0260933500326449 0.00050045979375314 no_error _Recombination_Map_and_Complex_Demographies_Scenario_2_ 750 2250 0 1 0.05 GF_Model_IV
0.0665367632996946 1297.52476789381 0.127627923029426 0.00379698873305357 no_error _Recombination_Map_and_Complex_Demographies_Scenario_2_ 750 2250 0 1 0.05 GF_Model_IV
0.0647239141100154 805.311595364457 0.0963838620227284 0.000613465687090259 no_error _Recombination_Map_and_Complex_Demographies_Scenario_2_ 750 2250 0 1 0.05 GF_Model_IV
0.101543707921396 586.16148157233 0.0210082294140072 0.00110996932614955 no_error _Recombination_Map_and_Complex_Demographies_Scenario_2_ 750 2250 0 1 0.05 GF_Model_IV
0.0841910900210699 694.6669837485 0.0500519014675336 0.000439057111719481 no_error _Recombination_Map_and_Complex_Demographies_Scenario_2_ 750 2250 0 1 0.05 GF_Model_IV
0.0980141266386026 666.209522441309 0.0375183885705509 0.00033380864419802 no_error _Recombination_Map_and_Complex_Demographies_Scenario_2_ 750 2250 0 1 0.05 GF_Model_IV
0.0773678679454068 849.104590928335 0.10100182355454 0.000811454014369309 no_error _Recombination_Map_and_Complex_Demographies_Scenario_2_ 750 2250 0 1 0.05 GF_Model_IV
0.0737918057937339 820.465024886952 0.0848209079420201 0.00141102292162893 no_error _Recombination_Map_and_Complex_Demographies_Scenario_2_ 750 2250 0 1 0.05 GF_Model_IV
0.0902650745801967 736.256879569854 0.0447396619091826 0.000548921670765117 no_error _Recombination_Map_and_Complex_Demographies_Scenario_2_ 750 2250 0 1 0.05 GF_Model_IV
0.0758514712897748 1031.70151447263 0.0983921613648218 0.0012094738116474 no_error _Recombination_Map_and_Complex_Demographies_Scenario_2_ 750 2250 0 1 0.05 GF_Model_IV
0.0719172082228829 801.950151791915 0.0302585258270613 0.000173973490137064 no_error _Recombination_Map_and_Complex_Demographies_Scenario_2_ 750 2250 0 1 0.05 GF_Model_IV
