0.0004428097670556 1575.03475128108 -9.16919816597647e-09 4.65471390102123e-10 no_error _Scenario_11_ 1500 1501 0 0.05 GF_Model_IV
0.000415308486301623 1591.10007212367 1.17901670037985e-07 5.26298892948799e-10 no_error _Scenario_11_ 1500 1501 0 0.05 GF_Model_IV
0.000444808410909113 1568.52219219445 4.48446415068895e-08 6.57216546691492e-10 no_error _Scenario_11_ 1500 1501 0 0.05 GF_Model_IV
0.000439766496798584 1545.79934133788 9.03110542410128e-08 5.42548347954324e-10 no_error _Scenario_11_ 1500 1501 0 0.05 GF_Model_IV
0.000457791473754541 1558.87701906784 8.86363800741839e-08 5.07209844977816e-10 no_error _Scenario_11_ 1500 1501 0 0.05 GF_Model_IV
0.000450953827311409 1549.22330185201 -7.88875937770645e-08 4.27246475306687e-10 no_error _Scenario_11_ 1500 1501 0 0.05 GF_Model_IV
0.000466475504679477 1577.02960366172 9.25311085274481e-08 4.45548660802236e-10 no_error _Scenario_11_ 1500 1501 0 0.05 GF_Model_IV
0.000435125612034182 1569.52345677726 -1.29183996476179e-08 5.01530597028387e-10 no_error _Scenario_11_ 1500 1501 0 0.05 GF_Model_IV
0.000483434625034745 1540.59768936663 2.15346696132123e-07 5.27091176013967e-10 no_error _Scenario_11_ 1500 1501 0 0.05 GF_Model_IV
0.000449564528821911 1546.54343206599 7.33467662213478e-08 3.94621539896126e-10 no_error _Scenario_11_ 1500 1501 0 0.05 GF_Model_IV
0.000466693888635055 1551.36457277257 -2.06730960495504e-07 5.56383094162066e-10 no_error _Scenario_11_ 1500 1501 0 0.05 GF_Model_IV
0.000455043011993933 1554.32317513068 1.48631556926557e-07 5.67223278118933e-10 no_error _Scenario_11_ 1500 1501 0 0.05 GF_Model_IV
0.000450842825162469 1551.55795092801 -1.92699232732832e-07 4.41705066300723e-10 no_error _Scenario_11_ 1500 1501 0 0.05 GF_Model_IV
0.000442959312989186 1562.15949074962 5.2486188339017e-07 4.06838284488794e-10 no_error _Scenario_11_ 1500 1501 0 0.05 GF_Model_IV
0.000429740116714302 1526.28385557664 3.00926861156178e-07 5.94847499363015e-10 no_error _Scenario_11_ 1500 1501 0 0.05 GF_Model_IV
0.000447364544878642 1551.77940496227 6.40459241662523e-09 4.77575058635802e-10 no_error _Scenario_11_ 1500 1501 0 0.05 GF_Model_IV
0.000449372994296763 1540.22774320923 -4.09443675282619e-08 5.11920953515854e-10 no_error _Scenario_11_ 1500 1501 0 0.05 GF_Model_IV
0.000449801931136667 1543.02578709707 -1.58559945400201e-07 4.53638320901352e-10 no_error _Scenario_11_ 1500 1501 0 0.05 GF_Model_IV
0.000469806531409482 1567.96297741746 3.54199983763447e-07 4.17851538173774e-10 no_error _Scenario_11_ 1500 1501 0 0.05 GF_Model_IV
0.000458270437971243 1548.72993894289 -1.17870884635742e-08 4.7256117925773e-10 no_error _Scenario_11_ 1500 1501 0 0.05 GF_Model_IV
0.000450487723232166 1530.50877602382 8.58625028841823e-08 4.65363581244295e-10 no_error _Scenario_11_ 1500 1501 0 0.05 GF_Model_IV
0.00046464997806923 1570.11896563345 -1.83858214008969e-07 4.72869086821834e-10 no_error _Scenario_11_ 1500 1501 0 0.05 GF_Model_IV
0.000441940241434349 1538.39318093949 1.0534206846515e-07 5.42763848379062e-10 no_error _Scenario_11_ 1500 1501 0 0.05 GF_Model_IV
0.000431303334716917 1537.13931836269 3.69116581471896e-07 8.8613966288597e-10 no_error _Scenario_11_ 1500 1501 0 0.05 GF_Model_IV
0.000463778345624274 1536.6828557799 1.32727994962679e-07 8.77708678199805e-10 no_error _Scenario_11_ 1500 1501 0 0.05 GF_Model_IV
0.000428757180088654 1545.34422939831 1.95884432975687e-07 3.61609577472499e-10 no_error _Scenario_11_ 1500 1501 0 0.05 GF_Model_IV
0.000452563420096441 1552.94962084032 -7.96810141559518e-08 4.23499829912425e-10 no_error _Scenario_11_ 1500 1501 0 0.05 GF_Model_IV
0.000449700048708631 1525.42104912997 -2.8034534110981e-07 4.70784604675191e-10 no_error _Scenario_11_ 1500 1501 0 0.05 GF_Model_IV
0.000427012333686504 1504.56782668499 1.14006640532651e-07 7.65088180558427e-10 no_error _Scenario_11_ 1500 1501 0 0.05 GF_Model_IV
0.000447156141064131 1539.07513812858 3.08973506253977e-08 4.19707167794405e-10 no_error _Scenario_11_ 1500 1501 0 0.05 GF_Model_IV
0.000422312923783692 1528.84854510959 2.00174613852944e-07 5.53025803646774e-10 no_error _Scenario_11_ 1500 1501 0 0.05 GF_Model_IV
0.000450350208110535 1560.90431061293 1.47860928079424e-07 4.64949109107557e-10 no_error _Scenario_11_ 1500 1501 0 0.05 GF_Model_IV
0.00042809986582465 1552.98666704318 5.30229731659945e-07 5.08241016986821e-10 no_error _Scenario_11_ 1500 1501 0 0.05 GF_Model_IV
0.000449399136490138 1510.17165364567 3.02468342780699e-08 6.33613363063994e-10 no_error _Scenario_11_ 1500 1501 0 0.05 GF_Model_IV
0.000454510897499159 1532.84874446887 2.39253506798676e-07 6.50559821180867e-10 no_error _Scenario_11_ 1500 1501 0 0.05 GF_Model_IV
0.000450247074952378 1551.33666901571 -2.39179946543867e-07 6.25165321209756e-10 no_error _Scenario_11_ 1500 1501 0 0.05 GF_Model_IV
0.000445792557940112 1507.09298645054 8.9684820379112e-08 4.32036675045822e-10 no_error _Scenario_11_ 1500 1501 0 0.05 GF_Model_IV
0.000452268895802945 1563.75782187326 1.49548403741199e-07 3.94984930573003e-10 no_error _Scenario_11_ 1500 1501 0 0.05 GF_Model_IV
0.000461965973668422 1496.15705399428 1.93840554699518e-07 3.98824430944847e-10 no_error _Scenario_11_ 1500 1501 0 0.05 GF_Model_IV
0.000441413311700783 1582.14456506091 -5.63041307816522e-08 3.38410968306376e-10 no_error _Scenario_11_ 1500 1501 0 0.05 GF_Model_IV
0.000450355575263548 1545.85159182276 8.23575751728019e-08 8.28375533616857e-10 no_error _Scenario_11_ 1500 1501 0 0.05 GF_Model_IV
0.000475002614705776 1551.34051897815 8.36869853971413e-08 9.27271102416834e-10 no_error _Scenario_11_ 1500 1501 0 0.05 GF_Model_IV
0.000450945572771329 1545.69541450913 -1.00015853817713e-07 4.41949108614391e-10 no_error _Scenario_11_ 1500 1501 0 0.05 GF_Model_IV
0.000437386398600999 1560.55686607327 -4.55905123209076e-08 5.65813041069735e-10 no_error _Scenario_11_ 1500 1501 0 0.05 GF_Model_IV
0.000476587978780509 1549.35673647468 -1.85158705117526e-07 5.20162877392997e-10 no_error _Scenario_11_ 1500 1501 0 0.05 GF_Model_IV
0.000462949561840661 1566.84770879118 2.17409536358045e-07 5.70920085384884e-10 no_error _Scenario_11_ 1500 1501 0 0.05 GF_Model_IV
0.000445387012599378 1549.82977831243 1.36863004811024e-07 5.06749794025033e-10 no_error _Scenario_11_ 1500 1501 0 0.05 GF_Model_IV
0.000437691972065283 1527.57280912015 -5.01706775118782e-08 5.15048734994186e-10 no_error _Scenario_11_ 1500 1501 0 0.05 GF_Model_IV
0.000419250450202834 1550.65937370009 -2.42188506781012e-08 4.62924842018721e-10 no_error _Scenario_11_ 1500 1501 0 0.05 GF_Model_IV
0.00044663881077521 1576.71891547966 3.96439664962607e-08 5.97825855754605e-10 no_error _Scenario_11_ 1500 1501 0 0.05 GF_Model_IV
0.000421936644543478 1531.74505074397 5.23384453163227e-09 3.8859921664931e-10 no_error _Scenario_11_ 1500 1501 0 0.05 GF_Model_IV
0.000420731337808056 1520.99859824844 3.63540655373782e-07 4.99268883031878e-10 no_error _Scenario_11_ 1500 1501 0 0.05 GF_Model_IV
0.000447024987767875 1532.32039524539 -1.86860672023737e-08 4.74595191901104e-10 no_error _Scenario_11_ 1500 1501 0 0.05 GF_Model_IV
0.000469167935072696 1528.40819750317 3.43261973073434e-07 4.71407893639929e-10 no_error _Scenario_11_ 1500 1501 0 0.05 GF_Model_IV
0.000447179151139772 1543.43199905945 1.43423063917394e-07 5.34042637770648e-10 no_error _Scenario_11_ 1500 1501 0 0.05 GF_Model_IV
0.000431478677354198 1524.60685224065 -2.21764288373649e-07 5.07297277217525e-10 no_error _Scenario_11_ 1500 1501 0 0.05 GF_Model_IV
0.000458814462221376 1551.71709893505 -1.86691120378045e-07 6.40804296196319e-10 no_error _Scenario_11_ 1500 1501 0 0.05 GF_Model_IV
0.000440012261827542 1577.82980742615 2.32091288161433e-07 5.51765869442803e-10 no_error _Scenario_11_ 1500 1501 0 0.05 GF_Model_IV
0.000458888338935915 1545.14451048755 5.87972251239402e-07 6.05660995716439e-10 no_error _Scenario_11_ 1500 1501 0 0.05 GF_Model_IV
0.000455616100391799 1570.4991838498 4.3264499058816e-07 5.50807178865511e-10 no_error _Scenario_11_ 1500 1501 0 0.05 GF_Model_IV
0.000448705189120718 1523.82564886699 3.47282471208111e-07 7.04826022602025e-10 no_error _Scenario_11_ 1500 1501 0 0.05 GF_Model_IV
0.000461340052289306 1557.32750388704 4.59788165773287e-07 4.11604249768279e-10 no_error _Scenario_11_ 1500 1501 0 0.05 GF_Model_IV
0.000453803893122827 1563.80903326941 5.27121450374494e-09 4.56017463255355e-10 no_error _Scenario_11_ 1500 1501 0 0.05 GF_Model_IV
0.000435464946476871 1522.64524472565 1.3649856847241e-07 7.55528380190386e-10 no_error _Scenario_11_ 1500 1501 0 0.05 GF_Model_IV
0.000448491587944169 1551.93272708598 2.69381104883314e-07 7.05054166783594e-10 no_error _Scenario_11_ 1500 1501 0 0.05 GF_Model_IV
0.000454636450520457 1567.36184221204 3.87962774215725e-08 4.81653281790761e-10 no_error _Scenario_11_ 1500 1501 0 0.05 GF_Model_IV
0.000450998551515684 1556.87112165871 3.54234182173436e-07 4.63166999148939e-10 no_error _Scenario_11_ 1500 1501 0 0.05 GF_Model_IV
0.000456344959498703 1527.97062669854 -1.1574097664684e-08 4.92711372212491e-10 no_error _Scenario_11_ 1500 1501 0 0.05 GF_Model_IV
0.000453427124812311 1595.99508352276 7.32261894960221e-08 4.49294909972981e-10 no_error _Scenario_11_ 1500 1501 0 0.05 GF_Model_IV
0.000452626448004855 1542.11696184922 -2.67885171891384e-07 3.91165268398455e-10 no_error _Scenario_11_ 1500 1501 0 0.05 GF_Model_IV
0.000442847716261727 1544.50679410422 1.00098292947743e-07 5.96334674515733e-10 no_error _Scenario_11_ 1500 1501 0 0.05 GF_Model_IV
0.000434547590630395 1490.95739450581 -1.20186861442633e-07 7.13951500653097e-10 no_error _Scenario_11_ 1500 1501 0 0.05 GF_Model_IV
0.000425993213748545 1536.40819341171 -2.40181502108147e-07 5.84984144983219e-10 no_error _Scenario_11_ 1500 1501 0 0.05 GF_Model_IV
0.000447389665953488 1560.53052834242 1.65815243318749e-07 7.16502808299769e-10 no_error _Scenario_11_ 1500 1501 0 0.05 GF_Model_IV
0.000444134820099076 1497.15517097367 -1.78189186079749e-07 4.4513213605452e-10 no_error _Scenario_11_ 1500 1501 0 0.05 GF_Model_IV
0.000420056895417142 1556.39822852408 4.94138022272826e-07 5.16752067061496e-10 no_error _Scenario_11_ 1500 1501 0 0.05 GF_Model_IV
0.000416017912971834 1531.98486919869 3.36517032994293e-07 4.4027180192851e-10 no_error _Scenario_11_ 1500 1501 0 0.05 GF_Model_IV
0.000433641617154076 1524.45335178914 4.54048780321234e-08 4.47447813881824e-10 no_error _Scenario_11_ 1500 1501 0 0.05 GF_Model_IV
0.000451781008805147 1529.02456804041 -1.00302956839276e-08 4.63562490650031e-10 no_error _Scenario_11_ 1500 1501 0 0.05 GF_Model_IV
0.000486469158848079 1567.00757382265 3.23441455147444e-07 1.03837594442387e-09 no_error _Scenario_11_ 1500 1501 0 0.05 GF_Model_IV
0.000455802962838361 1552.67876690734 1.90086309635717e-07 4.14147544835459e-10 no_error _Scenario_11_ 1500 1501 0 0.05 GF_Model_IV
0.000447949729938193 1551.1820912111 2.62680962853248e-07 4.78879188455337e-10 no_error _Scenario_11_ 1500 1501 0 0.05 GF_Model_IV
0.000443653937230784 1543.35340717963 3.81523946298222e-07 4.25388772834125e-10 no_error _Scenario_11_ 1500 1501 0 0.05 GF_Model_IV
0.000443917318377258 1517.19441266455 -1.90102599703808e-07 4.83584661374749e-10 no_error _Scenario_11_ 1500 1501 0 0.05 GF_Model_IV
0.000439853208506101 1550.39457558587 1.13384919832417e-07 5.74281805288513e-10 no_error _Scenario_11_ 1500 1501 0 0.05 GF_Model_IV
0.000445853151198551 1519.83785233432 -1.50433133697006e-07 5.88488945398619e-10 no_error _Scenario_11_ 1500 1501 0 0.05 GF_Model_IV
0.000453696371924019 1538.36629973861 4.61677024193271e-08 3.59700433720142e-10 no_error _Scenario_11_ 1500 1501 0 0.05 GF_Model_IV
0.000444490892069315 1534.4714092782 8.20751621444073e-08 5.36936910477866e-10 no_error _Scenario_11_ 1500 1501 0 0.05 GF_Model_IV
0.000457567406369787 1596.46005834527 -1.39976149805777e-08 4.01450802604246e-10 no_error _Scenario_11_ 1500 1501 0 0.05 GF_Model_IV
0.000441498759375899 1586.38647141964 5.19129687362912e-08 4.5391518594298e-10 no_error _Scenario_11_ 1500 1501 0 0.05 GF_Model_IV
0.000477571224622541 1557.4930844233 1.24946752390925e-07 4.90730813438184e-10 no_error _Scenario_11_ 1500 1501 0 0.05 GF_Model_IV
0.000443345803275443 1554.36025164034 2.86730106447494e-07 5.27663045015669e-10 no_error _Scenario_11_ 1500 1501 0 0.05 GF_Model_IV
0.00047026626741157 1559.29189862621 5.18451738761093e-08 4.59032173877089e-10 no_error _Scenario_11_ 1500 1501 0 0.05 GF_Model_IV
0.000475219603970313 1573.49566322833 4.67717617217046e-07 4.51912576557932e-10 no_error _Scenario_11_ 1500 1501 0 0.05 GF_Model_IV
0.00044608444937985 1555.5453256898 1.49120749698256e-07 7.95178504427653e-10 no_error _Scenario_11_ 1500 1501 0 0.05 GF_Model_IV
0.000456275940884059 1503.29613288831 1.86208833043146e-07 4.82524499104289e-10 no_error _Scenario_11_ 1500 1501 0 0.05 GF_Model_IV
0.000453501134615489 1547.92761951588 2.69210454339872e-07 7.87297966720735e-10 no_error _Scenario_11_ 1500 1501 0 0.05 GF_Model_IV
0.000439228166218144 1497.19461040229 -1.07364685747653e-07 4.95766406878275e-10 no_error _Scenario_11_ 1500 1501 0 0.05 GF_Model_IV
0.000434368657964618 1498.90712868723 -5.2511523235557e-08 5.18220748498332e-10 no_error _Scenario_11_ 1500 1501 0 0.05 GF_Model_IV
0.000431924503499433 1558.81946498171 4.65590079437228e-07 6.08950874760274e-10 no_error _Scenario_11_ 1500 1501 0 0.05 GF_Model_IV
0.000382607775619783 1431.58828603701 3.88908901979265e-07 9.64652760482208e-10 no_error _Scenario_16_ 750 2250 0 0.05 GF_Model_IV
0.000392696694648836 1432.44500363724 1.59940331169497e-07 7.61962253109304e-10 no_error _Scenario_16_ 750 2250 0 0.05 GF_Model_IV
0.000393240327115128 1438.1858049575 1.82853511513346e-07 1.33933085826789e-09 no_error _Scenario_16_ 750 2250 0 0.05 GF_Model_IV
0.000379886632929264 1437.80350753382 5.61144256183195e-07 8.03848003601686e-10 no_error _Scenario_16_ 750 2250 0 0.05 GF_Model_IV
0.000406559890713895 1472.75622515923 3.25619090102654e-07 6.29085769484025e-10 no_error _Scenario_16_ 750 2250 0 0.05 GF_Model_IV
0.000385091283738303 1468.19184522482 1.70130944651561e-07 8.7121298098378e-10 no_error _Scenario_16_ 750 2250 0 0.05 GF_Model_IV
0.00037910322727081 1439.97881332473 3.28344184446082e-07 6.09289790676477e-10 no_error _Scenario_16_ 750 2250 0 0.05 GF_Model_IV
0.000405215830805334 1446.69152049088 3.57077773653506e-07 9.7617105044778e-10 no_error _Scenario_16_ 750 2250 0 0.05 GF_Model_IV
0.00041555441011195 1460.56527641253 1.54314474006041e-07 4.85692439032534e-10 no_error _Scenario_16_ 750 2250 0 0.05 GF_Model_IV
0.000390255798954898 1476.88417833911 4.26653873916379e-07 9.0846069283055e-10 no_error _Scenario_16_ 750 2250 0 0.05 GF_Model_IV
0.000392254978083359 1439.45523770209 6.46484205247286e-07 1.30735676255542e-09 no_error _Scenario_16_ 750 2250 0 0.05 GF_Model_IV
0.000404308121582268 1440.77367050677 4.06603265199539e-07 7.81009188227821e-10 no_error _Scenario_16_ 750 2250 0 0.05 GF_Model_IV
0.000408844539272983 1391.96040202855 2.63954558827082e-07 8.93825217794412e-10 no_error _Scenario_16_ 750 2250 0 0.05 GF_Model_IV
0.000408646223940975 1430.30590417664 1.05596319532494e-07 9.23943705609208e-10 no_error _Scenario_16_ 750 2250 0 0.05 GF_Model_IV
0.000412460698704135 1494.77600268831 5.8949511944443e-07 7.04888840527713e-10 no_error _Scenario_16_ 750 2250 0 0.05 GF_Model_IV
0.000409148560101099 1410.39824067463 3.14187870477294e-07 1.62427853249641e-09 no_error _Scenario_16_ 750 2250 0 0.05 GF_Model_IV
0.000393186100517697 1418.05144355545 2.3469078005944e-07 1.13393270722776e-09 no_error _Scenario_16_ 750 2250 0 0.05 GF_Model_IV
0.00037115770124142 1455.55047609806 4.59020825746655e-07 5.92873623463116e-10 no_error _Scenario_16_ 750 2250 0 0.05 GF_Model_IV
0.000418302115903075 1465.74106382201 1.26018879968901e-07 9.40840815040585e-10 no_error _Scenario_16_ 750 2250 0 0.05 GF_Model_IV
0.000384555253457912 1424.06770751051 4.04594643223195e-07 6.00138190875944e-10 no_error _Scenario_16_ 750 2250 0 0.05 GF_Model_IV
0.000414829821587322 1503.62702361178 1.08546613282394e-07 1.07548522030032e-09 no_error _Scenario_16_ 750 2250 0 0.05 GF_Model_IV
0.000381285467674734 1451.15009600137 3.60377463914949e-07 9.90802857254095e-10 no_error _Scenario_16_ 750 2250 0 0.05 GF_Model_IV
0.000405061632996635 1480.77221826318 4.36471323801509e-07 5.38061989539071e-10 no_error _Scenario_16_ 750 2250 0 0.05 GF_Model_IV
0.000372529571256126 1410.35837400583 4.0135625738717e-07 1.15974745303323e-09 no_error _Scenario_16_ 750 2250 0 0.05 GF_Model_IV
0.000445502637753796 1488.23049125367 6.48832126677548e-07 1.06655431905056e-09 no_error _Scenario_16_ 750 2250 0 0.05 GF_Model_IV
0.000377543489889949 1437.83953653578 3.79004148255407e-07 7.97484078771883e-10 no_error _Scenario_16_ 750 2250 0 0.05 GF_Model_IV
0.000382757619065282 1475.13301481755 3.89307178544673e-07 8.32650646797614e-10 no_error _Scenario_16_ 750 2250 0 0.05 GF_Model_IV
0.000403572100382308 1444.80308698488 5.81704911460705e-07 1.08313486632563e-09 no_error _Scenario_16_ 750 2250 0 0.05 GF_Model_IV
0.000392345265100878 1449.42602690012 4.00059346536776e-07 8.52694433409033e-10 no_error _Scenario_16_ 750 2250 0 0.05 GF_Model_IV
0.000417496288734889 1444.00463526665 4.7020726921965e-07 7.52819782215311e-10 no_error _Scenario_16_ 750 2250 0 0.05 GF_Model_IV
0.000377752117865356 1411.73568402107 1.95575239792676e-07 9.62743884635479e-10 no_error _Scenario_16_ 750 2250 0 0.05 GF_Model_IV
0.000413276076918388 1445.54833128248 5.31823760199522e-07 6.05348869145677e-10 no_error _Scenario_16_ 750 2250 0 0.05 GF_Model_IV
0.000393054106715996 1474.11768505078 3.880416632731e-07 5.98578646214823e-10 no_error _Scenario_16_ 750 2250 0 0.05 GF_Model_IV
0.000405347350059111 1402.42555853071 5.18531272802233e-07 8.4483107648048e-10 no_error _Scenario_16_ 750 2250 0 0.05 GF_Model_IV
0.000397067465689051 1475.29404830227 5.59241421222424e-07 6.15841314279332e-10 no_error _Scenario_16_ 750 2250 0 0.05 GF_Model_IV
0.000399643332084247 1452.24068450844 3.37964941157078e-07 9.51179916863141e-10 no_error _Scenario_16_ 750 2250 0 0.05 GF_Model_IV
0.000432214319169782 1475.62703061356 3.80616078481787e-07 6.4517733590378e-10 no_error _Scenario_16_ 750 2250 0 0.05 GF_Model_IV
0.000400729183179569 1444.45770562361 7.2841809693349e-08 1.23755547432869e-09 no_error _Scenario_16_ 750 2250 0 0.05 GF_Model_IV
0.000404475551781268 1453.02762734935 1.42155033327268e-07 7.93570812131479e-10 no_error _Scenario_16_ 750 2250 0 0.05 GF_Model_IV
0.000397478027094519 1410.42896656305 2.85708250094152e-07 8.56102007420765e-10 no_error _Scenario_16_ 750 2250 0 0.05 GF_Model_IV
0.000403255090491846 1453.54750540978 8.04197865776128e-08 7.5196135913711e-10 no_error _Scenario_16_ 750 2250 0 0.05 GF_Model_IV
0.000410556716701918 1455.31856082422 5.424031073299e-07 1.08907923218658e-09 no_error _Scenario_16_ 750 2250 0 0.05 GF_Model_IV
0.000428590521813531 1431.06523159609 1.52525791452766e-07 9.01890825960372e-10 no_error _Scenario_16_ 750 2250 0 0.05 GF_Model_IV
0.000389662532324709 1474.8845299491 4.5067299861338e-07 8.61185499824455e-10 no_error _Scenario_16_ 750 2250 0 0.05 GF_Model_IV
0.000407123831843685 1499.27084586528 4.25442469768308e-07 8.40372732357208e-10 no_error _Scenario_16_ 750 2250 0 0.05 GF_Model_IV
0.000416953775968117 1463.86764570615 2.96452730130282e-07 1.12435807441952e-09 no_error _Scenario_16_ 750 2250 0 0.05 GF_Model_IV
0.000414623458713044 1441.58619847497 5.07796805735714e-07 7.31207562875028e-10 no_error _Scenario_16_ 750 2250 0 0.05 GF_Model_IV
0.000398812644128936 1493.29709936452 7.55827826870218e-07 1.25096813070626e-09 no_error _Scenario_16_ 750 2250 0 0.05 GF_Model_IV
0.000394742858227599 1504.31146584563 2.55147122169143e-07 5.94788813018179e-10 no_error _Scenario_16_ 750 2250 0 0.05 GF_Model_IV
0.000426141269580277 1461.85151784278 2.39220397105562e-07 8.75437617579152e-10 no_error _Scenario_16_ 750 2250 0 0.05 GF_Model_IV
0.000405920285012563 1403.25703153454 2.09898868119019e-07 1.00039056016072e-09 no_error _Scenario_16_ 750 2250 0 0.05 GF_Model_IV
0.000398962292191475 1479.8246825538 4.72652648092974e-07 6.51795270407652e-10 no_error _Scenario_16_ 750 2250 0 0.05 GF_Model_IV
0.000408466480721655 1449.49735651832 3.13671822463016e-07 8.27708875141354e-10 no_error _Scenario_16_ 750 2250 0 0.05 GF_Model_IV
0.000419110977022107 1458.91147266959 2.57851381708182e-07 5.6062951069272e-10 no_error _Scenario_16_ 750 2250 0 0.05 GF_Model_IV
0.000404134002388343 1460.4957174884 4.98029470020331e-07 5.98061166438876e-10 no_error _Scenario_16_ 750 2250 0 0.05 GF_Model_IV
0.000390338614950516 1458.68605207868 -1.88666745466531e-07 6.87699274313949e-10 no_error _Scenario_16_ 750 2250 0 0.05 GF_Model_IV
0.00040468187597457 1475.86446980708 5.08409618125249e-07 1.09126258347923e-09 no_error _Scenario_16_ 750 2250 0 0.05 GF_Model_IV
0.000378687074025039 1455.56889270939 4.55680704885074e-07 9.12228533075442e-10 no_error _Scenario_16_ 750 2250 0 0.05 GF_Model_IV
0.00038876522978044 1407.46807639151 -8.32408312011703e-08 6.40105417490904e-10 no_error _Scenario_16_ 750 2250 0 0.05 GF_Model_IV
0.000406242516659148 1416.79716833603 4.08772434107218e-07 1.29560483979904e-09 no_error _Scenario_16_ 750 2250 0 0.05 GF_Model_IV
0.00041402884659069 1425.16243157651 5.29566148661219e-07 1.00628231373699e-09 no_error _Scenario_16_ 750 2250 0 0.05 GF_Model_IV
0.000393698561575874 1468.39372338103 4.92005712500895e-07 8.56614231983279e-10 no_error _Scenario_16_ 750 2250 0 0.05 GF_Model_IV
0.000428235532293334 1505.18125290494 4.34780108337527e-08 5.966611304997e-10 no_error _Scenario_16_ 750 2250 0 0.05 GF_Model_IV
0.000391426395366659 1425.13683376795 2.55585515234795e-07 8.39364648963295e-10 no_error _Scenario_16_ 750 2250 0 0.05 GF_Model_IV
0.000406982730091284 1479.63564069309 4.20312142771722e-07 5.69390638944791e-10 no_error _Scenario_16_ 750 2250 0 0.05 GF_Model_IV
0.000405621037382281 1416.16834630993 3.25081450349004e-07 4.43562947219429e-10 no_error _Scenario_16_ 750 2250 0 0.05 GF_Model_IV
0.000397378998453773 1453.51907948986 3.31218173947837e-07 9.55793205007137e-10 no_error _Scenario_16_ 750 2250 0 0.05 GF_Model_IV
0.000375210567059038 1433.19799630978 6.06839468586846e-07 6.93969691391725e-10 no_error _Scenario_16_ 750 2250 0 0.05 GF_Model_IV
0.000428285245172647 1425.37262045811 4.32485669927101e-07 8.46484829348192e-10 no_error _Scenario_16_ 750 2250 0 0.05 GF_Model_IV
0.000399942629729432 1451.79769608376 5.79574526450817e-07 7.79451071778607e-10 no_error _Scenario_16_ 750 2250 0 0.05 GF_Model_IV
0.000390074908704012 1446.04876999577 8.15266791743299e-07 7.61003009276421e-10 no_error _Scenario_16_ 750 2250 0 0.05 GF_Model_IV
0.000397760777485039 1453.21914055973 2.43096030100049e-07 1.04906901096507e-09 no_error _Scenario_16_ 750 2250 0 0.05 GF_Model_IV
0.000395589931395762 1438.876944519 4.1836811207606e-07 7.53868696759648e-10 no_error _Scenario_16_ 750 2250 0 0.05 GF_Model_IV
0.000410627823661763 1435.54806776784 3.10152147975057e-07 6.52470708424992e-10 no_error _Scenario_16_ 750 2250 0 0.05 GF_Model_IV
0.000416424071583121 1452.23302891659 9.28942152159894e-07 1.44389178779715e-09 no_error _Scenario_16_ 750 2250 0 0.05 GF_Model_IV
0.000394169535560553 1471.30989520512 4.01907555496298e-07 1.04417562861566e-09 no_error _Scenario_16_ 750 2250 0 0.05 GF_Model_IV
0.000404906601786981 1464.09129346151 3.0067598503942e-07 9.29056629116441e-10 no_error _Scenario_16_ 750 2250 0 0.05 GF_Model_IV
0.000411862259767214 1422.97415391591 4.57866362352258e-07 1.33446893799264e-09 no_error _Scenario_16_ 750 2250 0 0.05 GF_Model_IV
0.000404946058617341 1444.94092139183 1.22500161719314e-07 7.83926977698615e-10 no_error _Scenario_16_ 750 2250 0 0.05 GF_Model_IV
0.000404774609868822 1436.48356488579 2.28952962657759e-07 8.7992292794339e-10 no_error _Scenario_16_ 750 2250 0 0.05 GF_Model_IV
0.000387072204308176 1448.10828650455 2.33866411670907e-07 5.17178035233794e-10 no_error _Scenario_16_ 750 2250 0 0.05 GF_Model_IV
0.000412182620735841 1458.37195481733 4.00030300505654e-07 6.12273979665319e-10 no_error _Scenario_16_ 750 2250 0 0.05 GF_Model_IV
0.000399342722718058 1441.95376436404 1.00704338092947e-07 5.7149310422469e-10 no_error _Scenario_16_ 750 2250 0 0.05 GF_Model_IV
0.000371156496524711 1488.03743648212 1.74794147965678e-07 6.77590565956104e-10 no_error _Scenario_16_ 750 2250 0 0.05 GF_Model_IV
0.000404724329639642 1429.87207582357 4.09700820408759e-07 8.95825263888304e-10 no_error _Scenario_16_ 750 2250 0 0.05 GF_Model_IV
0.000410115752320842 1494.60686672254 3.78243832182897e-07 6.36140650488465e-10 no_error _Scenario_16_ 750 2250 0 0.05 GF_Model_IV
0.000409533232065454 1446.74450877887 1.97527337411756e-07 7.65328387080535e-10 no_error _Scenario_16_ 750 2250 0 0.05 GF_Model_IV
0.000411787969211002 1496.9685207959 6.0443980284033e-07 7.7943591674875e-10 no_error _Scenario_16_ 750 2250 0 0.05 GF_Model_IV
0.000392377053737476 1418.22765510335 3.62616065451e-07 1.26839187059603e-09 no_error _Scenario_16_ 750 2250 0 0.05 GF_Model_IV
0.000370973238915846 1441.33490149566 2.49113982320648e-07 7.46673623676661e-10 no_error _Scenario_16_ 750 2250 0 0.05 GF_Model_IV
0.0004033449906309 1458.38933173142 4.4172236399949e-07 9.87907463769824e-10 no_error _Scenario_16_ 750 2250 0 0.05 GF_Model_IV
0.000391076210511203 1481.14385710075 3.27018622478389e-07 6.13432339783431e-10 no_error _Scenario_16_ 750 2250 0 0.05 GF_Model_IV
0.000401388619208559 1423.80752425947 4.26877442820685e-08 7.06819260204118e-10 no_error _Scenario_16_ 750 2250 0 0.05 GF_Model_IV
0.000386938389129293 1496.81977301572 4.2587868090361e-07 6.65837576797745e-10 no_error _Scenario_16_ 750 2250 0 0.05 GF_Model_IV
0.000389673510580499 1443.03385868165 4.50425296950651e-07 9.3232028859646e-10 no_error _Scenario_16_ 750 2250 0 0.05 GF_Model_IV
0.000408459728914167 1410.96890392828 4.53908637995211e-07 1.21125069825681e-09 no_error _Scenario_16_ 750 2250 0 0.05 GF_Model_IV
0.000389088460056345 1433.43041102827 5.62105517368661e-07 6.93946603137492e-10 no_error _Scenario_16_ 750 2250 0 0.05 GF_Model_IV
0.000384367454737063 1414.22454131727 2.98483478133802e-07 1.13061766044423e-09 no_error _Scenario_16_ 750 2250 0 0.05 GF_Model_IV
0.000399006086341926 1462.34387810083 6.18205356972156e-07 7.53330490357189e-10 no_error _Scenario_16_ 750 2250 0 0.05 GF_Model_IV
0.000390926368524286 1445.21850935387 3.67022536419701e-07 6.59942937530471e-10 no_error _Scenario_16_ 750 2250 0 0.05 GF_Model_IV
0.0140250080409689 1433.26160891099 -1.80730229552512e-06 6.27146485534142e-07 no_error _Scenario_17_ 1500 1501 1 0.05 GF_Model_IV
0.0133041501452584 1465.9335109815 -4.95962808523032e-06 1.02462887536085e-06 no_error _Scenario_17_ 1500 1501 1 0.05 GF_Model_IV
0.0130973817732414 1404.38667392625 -4.93639415327399e-06 4.52764115841272e-07 no_error _Scenario_17_ 1500 1501 1 0.05 GF_Model_IV
0.0128402231379068 1400.57384754703 -4.89163419351824e-06 6.46186840450911e-07 no_error _Scenario_17_ 1500 1501 1 0.05 GF_Model_IV
0.0129513675354926 1399.02077471066 6.47116262089892e-06 5.28704235456226e-07 no_error _Scenario_17_ 1500 1501 1 0.05 GF_Model_IV
0.0128128117330262 1405.5945705737 -7.20909995830941e-06 8.69699891040832e-07 no_error _Scenario_17_ 1500 1501 1 0.05 GF_Model_IV
0.0134201675670733 1427.91265904157 3.47644378952599e-06 5.86938684522413e-07 no_error _Scenario_17_ 1500 1501 1 0.05 GF_Model_IV
0.0133149968613958 1407.27777732933 1.66552056772973e-05 5.50990843770087e-07 no_error _Scenario_17_ 1500 1501 1 0.05 GF_Model_IV
0.0132525364314175 1420.71763774043 3.996301417328e-06 6.08782326926999e-07 no_error _Scenario_17_ 1500 1501 1 0.05 GF_Model_IV
0.0129896019885213 1369.04514637566 -1.3242816516684e-05 6.46749771479986e-07 no_error _Scenario_17_ 1500 1501 1 0.05 GF_Model_IV
0.0136604833423127 1457.47028496395 3.41623362057379e-06 1.12450456675371e-06 no_error _Scenario_17_ 1500 1501 1 0.05 GF_Model_IV
0.0133749872265571 1403.63183230686 -1.3190488567914e-05 6.20703260732357e-07 no_error _Scenario_17_ 1500 1501 1 0.05 GF_Model_IV
0.0128547712075635 1428.77919726164 -4.29666100326849e-06 5.88096038084524e-07 no_error _Scenario_17_ 1500 1501 1 0.05 GF_Model_IV
0.013248363729701 1394.16776992365 -1.0435985069005e-06 6.87963923459917e-07 no_error _Scenario_17_ 1500 1501 1 0.05 GF_Model_IV
0.0130229350343952 1407.66924111063 -7.27590178170314e-06 4.95702675674679e-07 no_error _Scenario_17_ 1500 1501 1 0.05 GF_Model_IV
0.0133271084105171 1405.38729108124 -7.55932944625135e-06 6.97619300578291e-07 no_error _Scenario_17_ 1500 1501 1 0.05 GF_Model_IV
0.0132672015152145 1406.6382769855 -1.00472160653186e-05 6.67306607233503e-07 no_error _Scenario_17_ 1500 1501 1 0.05 GF_Model_IV
0.0133740790647697 1423.0485823182 -5.56534013531739e-06 8.11091349622983e-07 no_error _Scenario_17_ 1500 1501 1 0.05 GF_Model_IV
0.0131751138590864 1418.09108859834 -6.62232544562696e-06 7.07577114915684e-07 no_error _Scenario_17_ 1500 1501 1 0.05 GF_Model_IV
0.0132879960427259 1393.51951144637 -8.02071053879149e-07 5.04024949880794e-07 no_error _Scenario_17_ 1500 1501 1 0.05 GF_Model_IV
0.0127223375681924 1429.7934290323 -6.66839630022582e-06 6.8979116253501e-07 no_error _Scenario_17_ 1500 1501 1 0.05 GF_Model_IV
0.0131898435879349 1390.63841231434 -4.11015800702036e-06 5.82445675616571e-07 no_error _Scenario_17_ 1500 1501 1 0.05 GF_Model_IV
0.0132128054381625 1392.77605776922 1.11935029450734e-05 6.18398291934967e-07 no_error _Scenario_17_ 1500 1501 1 0.05 GF_Model_IV
0.0132514120029884 1452.9764184356 -3.80053751408938e-06 6.54185411447333e-07 no_error _Scenario_17_ 1500 1501 1 0.05 GF_Model_IV
0.0131599721488534 1375.16967235264 -3.10689164022827e-07 8.40320453337697e-07 no_error _Scenario_17_ 1500 1501 1 0.05 GF_Model_IV
0.0134015212489542 1447.51099724894 -6.04319291458498e-06 7.09165163879062e-07 no_error _Scenario_17_ 1500 1501 1 0.05 GF_Model_IV
0.0132053908727555 1436.07025967022 -7.63075397405237e-06 6.08889488322594e-07 no_error _Scenario_17_ 1500 1501 1 0.05 GF_Model_IV
0.0133649925482825 1427.73163036143 -4.28027222396015e-07 5.80702263724314e-07 no_error _Scenario_17_ 1500 1501 1 0.05 GF_Model_IV
0.0135515712878291 1400.31534617547 -8.85644970153789e-06 7.75382551477487e-07 no_error _Scenario_17_ 1500 1501 1 0.05 GF_Model_IV
0.0127168495096306 1397.26808947883 3.94818719224007e-06 6.32093518252418e-07 no_error _Scenario_17_ 1500 1501 1 0.05 GF_Model_IV
0.0133999305132102 1449.90021289399 -3.11594874727792e-06 6.25988230928732e-07 no_error _Scenario_17_ 1500 1501 1 0.05 GF_Model_IV
0.0132438065706079 1434.38522915881 -1.47371871309076e-06 6.12242491931024e-07 no_error _Scenario_17_ 1500 1501 1 0.05 GF_Model_IV
0.0129209995978864 1422.67227421268 -3.00368644758174e-06 5.47168382047545e-07 no_error _Scenario_17_ 1500 1501 1 0.05 GF_Model_IV
0.01393568755535 1440.36471298217 -1.16707670826997e-05 8.75375579925605e-07 no_error _Scenario_17_ 1500 1501 1 0.05 GF_Model_IV
0.0131690391105497 1399.67706779141 -8.77269061102446e-06 6.26991628310001e-07 no_error _Scenario_17_ 1500 1501 1 0.05 GF_Model_IV
0.0127465861269632 1355.82900435635 -3.68049507502377e-06 5.55549432401887e-07 no_error _Scenario_17_ 1500 1501 1 0.05 GF_Model_IV
0.0127626289397071 1413.98762373477 5.62723820440154e-06 5.68440445604335e-07 no_error _Scenario_17_ 1500 1501 1 0.05 GF_Model_IV
0.0132855377255988 1412.57539545055 2.50799418324089e-06 8.1161658701544e-07 no_error _Scenario_17_ 1500 1501 1 0.05 GF_Model_IV
0.0132261886849566 1437.03033679559 6.86550361372898e-07 7.28316622964851e-07 no_error _Scenario_17_ 1500 1501 1 0.05 GF_Model_IV
0.0132218461571475 1426.54538675705 1.83660334364452e-05 6.92026744253979e-07 no_error _Scenario_17_ 1500 1501 1 0.05 GF_Model_IV
0.0131610031882954 1433.12536349894 7.933087526082e-06 5.34715789036583e-07 no_error _Scenario_17_ 1500 1501 1 0.05 GF_Model_IV
0.0131445154779051 1439.29360278089 1.0982217855937e-06 5.90498928356064e-07 no_error _Scenario_17_ 1500 1501 1 0.05 GF_Model_IV
0.0133196419977772 1410.28793790145 3.99490708356326e-06 4.82227809875184e-07 no_error _Scenario_17_ 1500 1501 1 0.05 GF_Model_IV
0.0130844986384662 1386.87380763799 -6.33593211868062e-06 8.59761897712558e-07 no_error _Scenario_17_ 1500 1501 1 0.05 GF_Model_IV
0.013560644709561 1434.49109693954 -1.25283031986789e-05 6.98589848291677e-07 no_error _Scenario_17_ 1500 1501 1 0.05 GF_Model_IV
0.0132829215063476 1426.34147773394 -6.13388219721471e-06 4.67612097512729e-07 no_error _Scenario_17_ 1500 1501 1 0.05 GF_Model_IV
0.0130529637410145 1384.72741018779 -4.95353212426956e-06 8.13900565356494e-07 no_error _Scenario_17_ 1500 1501 1 0.05 GF_Model_IV
0.0136904411287283 1453.90801706111 5.26392950861923e-06 5.27356504117246e-07 no_error _Scenario_17_ 1500 1501 1 0.05 GF_Model_IV
0.013422037906688 1447.69367171645 8.81063402350132e-06 9.56432618016643e-07 no_error _Scenario_17_ 1500 1501 1 0.05 GF_Model_IV
0.0136197643799765 1416.78836733675 -5.49290210187078e-06 8.38319386844036e-07 no_error _Scenario_17_ 1500 1501 1 0.05 GF_Model_IV
0.0132909282442146 1416.36138143991 -4.28154252774657e-06 5.73343043683227e-07 no_error _Scenario_17_ 1500 1501 1 0.05 GF_Model_IV
0.0132115823008886 1434.57827222636 8.82000321999449e-06 4.73086611987431e-07 no_error _Scenario_17_ 1500 1501 1 0.05 GF_Model_IV
0.0128982447502236 1409.00410947447 -9.08095479620446e-06 7.1597716083681e-07 no_error _Scenario_17_ 1500 1501 1 0.05 GF_Model_IV
0.0132739965167592 1418.004213031 1.15621999516388e-05 5.74632846807025e-07 no_error _Scenario_17_ 1500 1501 1 0.05 GF_Model_IV
0.0129730584525583 1410.15756088216 -6.35717567156274e-06 5.93847758646237e-07 no_error _Scenario_17_ 1500 1501 1 0.05 GF_Model_IV
0.0131136882250144 1424.79862205378 6.9529760907749e-06 7.03316969965934e-07 no_error _Scenario_17_ 1500 1501 1 0.05 GF_Model_IV
0.0130263707098 1446.35440410362 -5.31819672909703e-06 5.06626258386891e-07 no_error _Scenario_17_ 1500 1501 1 0.05 GF_Model_IV
0.0127945572387011 1379.62924771533 2.25275790542992e-06 6.61594186647657e-07 no_error _Scenario_17_ 1500 1501 1 0.05 GF_Model_IV
0.013409174783066 1424.34872024961 8.0273543099885e-06 8.63058445961917e-07 no_error _Scenario_17_ 1500 1501 1 0.05 GF_Model_IV
0.0128529109768318 1393.85229725059 2.10065716434266e-05 6.47826055961577e-07 no_error _Scenario_17_ 1500 1501 1 0.05 GF_Model_IV
0.0125458910479545 1354.06931702764 -2.77129537598319e-06 5.9022602994805e-07 no_error _Scenario_17_ 1500 1501 1 0.05 GF_Model_IV
0.0132918876014697 1426.31566481332 6.63741514081023e-06 5.63817046591799e-07 no_error _Scenario_17_ 1500 1501 1 0.05 GF_Model_IV
0.0136308383715392 1444.27500681712 -1.68970686761504e-05 5.75027372704794e-07 no_error _Scenario_17_ 1500 1501 1 0.05 GF_Model_IV
0.0131895356970529 1430.22188535077 -3.37611035125846e-06 7.21191939639556e-07 no_error _Scenario_17_ 1500 1501 1 0.05 GF_Model_IV
0.0129252149664757 1407.4787727581 -7.17669845128588e-06 5.88415241119897e-07 no_error _Scenario_17_ 1500 1501 1 0.05 GF_Model_IV
0.0132275060885807 1414.15581186741 -1.14855605087508e-05 5.04219309655372e-07 no_error _Scenario_17_ 1500 1501 1 0.05 GF_Model_IV
0.0134565397775152 1395.7074599607 1.51742336238762e-06 5.99525041953196e-07 no_error _Scenario_17_ 1500 1501 1 0.05 GF_Model_IV
0.0134360011815254 1468.79789021815 5.5435196703228e-06 5.02325322585921e-07 no_error _Scenario_17_ 1500 1501 1 0.05 GF_Model_IV
0.0130762002126408 1403.2763153741 1.71723717988158e-06 5.7457508551547e-07 no_error _Scenario_17_ 1500 1501 1 0.05 GF_Model_IV
0.0131719080388449 1409.20164712581 -4.67271175638218e-07 6.75080928078814e-07 no_error _Scenario_17_ 1500 1501 1 0.05 GF_Model_IV
0.0136935251356114 1467.36979124817 -1.03164929134467e-05 6.5661450101866e-07 no_error _Scenario_17_ 1500 1501 1 0.05 GF_Model_IV
0.0129953438406041 1376.45012204463 -1.08497428469547e-05 6.97314312945707e-07 no_error _Scenario_17_ 1500 1501 1 0.05 GF_Model_IV
0.013221067437376 1443.10649534074 5.5861821155806e-06 5.44557894125881e-07 no_error _Scenario_17_ 1500 1501 1 0.05 GF_Model_IV
0.0133788528130964 1388.78533097685 -1.58690019034324e-05 7.28893397741051e-07 no_error _Scenario_17_ 1500 1501 1 0.05 GF_Model_IV
0.0139448031853132 1465.63890744756 5.95764984510296e-07 6.85340818228539e-07 no_error _Scenario_17_ 1500 1501 1 0.05 GF_Model_IV
0.0133288026885584 1429.01331047138 3.44044502264285e-06 5.96911175933088e-07 no_error _Scenario_17_ 1500 1501 1 0.05 GF_Model_IV
0.0134085452760046 1413.66832537194 6.5590109135499e-07 6.73402709689604e-07 no_error _Scenario_17_ 1500 1501 1 0.05 GF_Model_IV
0.0137187948524889 1422.44881043762 -2.97227063396704e-06 5.30026313913509e-07 no_error _Scenario_17_ 1500 1501 1 0.05 GF_Model_IV
0.012668518832887 1398.393248539 8.23384435727727e-06 9.91899541610753e-07 no_error _Scenario_17_ 1500 1501 1 0.05 GF_Model_IV
0.0128822147991435 1407.19752583021 7.06101314014681e-07 4.96313136646319e-07 no_error _Scenario_17_ 1500 1501 1 0.05 GF_Model_IV
0.0133044635234963 1432.2277414565 -1.51645223774803e-05 6.33845267187557e-07 no_error _Scenario_17_ 1500 1501 1 0.05 GF_Model_IV
0.013828239344421 1398.50506762892 -2.20428568911964e-05 1.16496499790318e-06 no_error _Scenario_17_ 1500 1501 1 0.05 GF_Model_IV
0.0134952912318336 1414.20057182793 -1.24118177471236e-05 7.20096457227265e-07 no_error _Scenario_17_ 1500 1501 1 0.05 GF_Model_IV
0.0129556724371322 1437.5117982648 -7.95174539732161e-07 5.72252418716929e-07 no_error _Scenario_17_ 1500 1501 1 0.05 GF_Model_IV
0.0128730658528339 1365.41300900506 -2.30359110084092e-06 8.30179986442317e-07 no_error _Scenario_17_ 1500 1501 1 0.05 GF_Model_IV
0.0133361613975554 1462.00847071167 2.41418021206798e-05 8.10699189248847e-07 no_error _Scenario_17_ 1500 1501 1 0.05 GF_Model_IV
0.0131703809602374 1425.58920087111 3.62321675716292e-06 6.37425481704659e-07 no_error _Scenario_17_ 1500 1501 1 0.05 GF_Model_IV
0.0132242329530928 1396.94104035075 9.04214081280817e-06 5.21169211307131e-07 no_error _Scenario_17_ 1500 1501 1 0.05 GF_Model_IV
0.0132511321786541 1408.04027471767 6.70943668898664e-06 6.54823475101012e-07 no_error _Scenario_17_ 1500 1501 1 0.05 GF_Model_IV
0.0131006162067937 1403.85666300937 -6.43220654391117e-07 5.36984527446113e-07 no_error _Scenario_17_ 1500 1501 1 0.05 GF_Model_IV
0.013565318043727 1417.14257268988 -1.61596704271319e-05 6.13535861726006e-07 no_error _Scenario_17_ 1500 1501 1 0.05 GF_Model_IV
0.0134953173889558 1439.18849007484 -1.75641411168399e-05 7.34458088684113e-07 no_error _Scenario_17_ 1500 1501 1 0.05 GF_Model_IV
0.0131528140017874 1430.55957515126 -1.12907070598149e-06 5.39268701237287e-07 no_error _Scenario_17_ 1500 1501 1 0.05 GF_Model_IV
0.013145704430097 1381.45885256814 -1.11537314965677e-05 7.61219784508419e-07 no_error _Scenario_17_ 1500 1501 1 0.05 GF_Model_IV
0.0127757511946578 1381.55695975459 -3.69457918623437e-07 6.31163427951151e-07 no_error _Scenario_17_ 1500 1501 1 0.05 GF_Model_IV
0.0133331395629771 1447.86994153792 -1.55314619731684e-06 7.50525776259587e-07 no_error _Scenario_17_ 1500 1501 1 0.05 GF_Model_IV
0.0133533946009177 1433.95558397437 9.26521934875641e-06 5.6876241167308e-07 no_error _Scenario_17_ 1500 1501 1 0.05 GF_Model_IV
0.0130543201523944 1387.79866435553 -1.07262733927486e-05 8.0448769717814e-07 no_error _Scenario_17_ 1500 1501 1 0.05 GF_Model_IV
0.0131287880476137 1414.79058290542 1.92034330621251e-06 3.87775185824922e-07 no_error _Scenario_17_ 1500 1501 1 0.05 GF_Model_IV
0.0130148496587149 1404.94723309335 6.97395314598679e-06 6.76750599231276e-07 no_error _Scenario_17_ 1500 1501 1 0.05 GF_Model_IV
0.0121709188076811 1321.60734345458 1.78139434902002e-05 6.2874191402389e-07 no_error _Scenario_18_ 750 2250 1 0.05 GF_Model_IV
0.0117778504597969 1346.14058391935 9.83093809634149e-06 6.24498433088748e-07 no_error _Scenario_18_ 750 2250 1 0.05 GF_Model_IV
0.0120062078908456 1303.56899192076 2.38466952714418e-06 7.46637101890632e-07 no_error _Scenario_18_ 750 2250 1 0.05 GF_Model_IV
0.0120113799554523 1297.56315659196 9.9070043119778e-06 5.76198362544183e-07 no_error _Scenario_18_ 750 2250 1 0.05 GF_Model_IV
0.012143442867117 1320.77627372172 -1.17245413401801e-05 5.91159021395549e-07 no_error _Scenario_18_ 750 2250 1 0.05 GF_Model_IV
0.0121275213124373 1323.48495657187 1.24687393585985e-05 8.70076733409567e-07 no_error _Scenario_18_ 750 2250 1 0.05 GF_Model_IV
0.0123135358971386 1301.33327127769 2.47817473029841e-06 7.1503609393354e-07 no_error _Scenario_18_ 750 2250 1 0.05 GF_Model_IV
0.0118873193610122 1321.91672453376 1.27181443354491e-05 5.59345211062256e-07 no_error _Scenario_18_ 750 2250 1 0.05 GF_Model_IV
0.0122193116901451 1327.46953745396 1.23841944761917e-05 6.22301432114564e-07 no_error _Scenario_18_ 750 2250 1 0.05 GF_Model_IV
0.0120016169688144 1328.68079631937 2.30565259809189e-05 6.98492426294991e-07 no_error _Scenario_18_ 750 2250 1 0.05 GF_Model_IV
0.0121410261754192 1287.54424722797 -3.39410329172298e-06 6.28040819764647e-07 no_error _Scenario_18_ 750 2250 1 0.05 GF_Model_IV
0.0121321836900597 1315.59478544258 6.43886110286267e-07 6.4613325888227e-07 no_error _Scenario_18_ 750 2250 1 0.05 GF_Model_IV
0.0114853942084544 1296.30511307697 1.05587790991176e-05 8.60219835478769e-07 no_error _Scenario_18_ 750 2250 1 0.05 GF_Model_IV
0.0120760251001214 1275.2278402814 3.7194945007123e-06 8.78740701378955e-07 no_error _Scenario_18_ 750 2250 1 0.05 GF_Model_IV
0.012294793662027 1312.81491349822 5.50420369116043e-06 8.4294263249574e-07 no_error _Scenario_18_ 750 2250 1 0.05 GF_Model_IV
0.0114871087530303 1260.08629971999 -6.10447097404915e-06 5.87633177857156e-07 no_error _Scenario_18_ 750 2250 1 0.05 GF_Model_IV
0.0120181084090601 1280.77884861084 -1.12233124688118e-05 6.90256324299838e-07 no_error _Scenario_18_ 750 2250 1 0.05 GF_Model_IV
0.0118072748025892 1315.26680489051 8.55503812184306e-06 6.08287266148482e-07 no_error _Scenario_18_ 750 2250 1 0.05 GF_Model_IV
0.0114598513082479 1285.19547915253 4.57445731216978e-06 1.02535024234995e-06 no_error _Scenario_18_ 750 2250 1 0.05 GF_Model_IV
0.0119276555378847 1336.32718125042 1.22081248107666e-05 5.254261723496e-07 no_error _Scenario_18_ 750 2250 1 0.05 GF_Model_IV
0.0120032869633131 1317.61804883202 1.75279852367212e-05 8.51589946337826e-07 no_error _Scenario_18_ 750 2250 1 0.05 GF_Model_IV
0.0119151266489415 1279.43807822324 6.30251035261466e-06 7.55571405414635e-07 no_error _Scenario_18_ 750 2250 1 0.05 GF_Model_IV
0.0123234681864579 1312.81058945069 1.9063231223904e-05 8.44121910980252e-07 no_error _Scenario_18_ 750 2250 1 0.05 GF_Model_IV
0.0123570506991983 1361.91991955083 3.85282302271435e-06 9.23165000519298e-07 no_error _Scenario_18_ 750 2250 1 0.05 GF_Model_IV
0.0118107344456573 1282.88540681613 1.26909116017303e-05 9.50721880988038e-07 no_error _Scenario_18_ 750 2250 1 0.05 GF_Model_IV
0.0120723615400688 1328.69675207965 1.35098137054225e-05 7.50893321931389e-07 no_error _Scenario_18_ 750 2250 1 0.05 GF_Model_IV
0.0118638324524199 1322.0559246129 1.16770660792913e-05 8.34632522578513e-07 no_error _Scenario_18_ 750 2250 1 0.05 GF_Model_IV
0.012218403273624 1334.29236717029 8.10883331899793e-06 6.82411234206678e-07 no_error _Scenario_18_ 750 2250 1 0.05 GF_Model_IV
0.0117516856665184 1325.011049872 1.92882299640359e-05 9.56539024973956e-07 no_error _Scenario_18_ 750 2250 1 0.05 GF_Model_IV
0.0119756607024119 1324.92197637047 1.67710943177061e-05 1.00111426824026e-06 no_error _Scenario_18_ 750 2250 1 0.05 GF_Model_IV
0.012174255087265 1342.5427393122 1.07089123492981e-07 6.74389434917161e-07 no_error _Scenario_18_ 750 2250 1 0.05 GF_Model_IV
0.0124021952349044 1345.18345852425 -4.23434764258304e-06 5.53113665893188e-07 no_error _Scenario_18_ 750 2250 1 0.05 GF_Model_IV
0.0119896845019069 1331.65001599624 1.19413863719706e-05 8.40160444431873e-07 no_error _Scenario_18_ 750 2250 1 0.05 GF_Model_IV
0.0120532268983235 1295.93506978109 5.71395505794221e-06 6.62918815127022e-07 no_error _Scenario_18_ 750 2250 1 0.05 GF_Model_IV
0.0117664755210293 1283.22205829814 3.32563904674861e-06 7.83367835212192e-07 no_error _Scenario_18_ 750 2250 1 0.05 GF_Model_IV
0.0121728322469435 1302.01943776064 6.25572109849517e-06 9.47824377340543e-07 no_error _Scenario_18_ 750 2250 1 0.05 GF_Model_IV
0.0115117254313246 1270.77722716072 1.08125871041684e-05 1.17244867767684e-06 no_error _Scenario_18_ 750 2250 1 0.05 GF_Model_IV
0.012191823503357 1322.55588237425 -2.51849318980743e-06 6.12455620987541e-07 no_error _Scenario_18_ 750 2250 1 0.05 GF_Model_IV
0.01217669840946 1325.38369261228 1.2272600558471e-05 5.96479503904695e-07 no_error _Scenario_18_ 750 2250 1 0.05 GF_Model_IV
0.0116497224835722 1302.83630162011 2.83248818468078e-06 1.13276261244292e-06 no_error _Scenario_18_ 750 2250 1 0.05 GF_Model_IV
0.0122493134135154 1301.94747535618 -3.32567057981787e-06 6.20312440723457e-07 no_error _Scenario_18_ 750 2250 1 0.05 GF_Model_IV
0.0118529392280547 1286.42492870009 8.90694417381511e-06 6.40877502585735e-07 no_error _Scenario_18_ 750 2250 1 0.05 GF_Model_IV
0.0122806704441988 1314.44033681539 1.90504400137833e-05 6.03813151200049e-07 no_error _Scenario_18_ 750 2250 1 0.05 GF_Model_IV
0.012051910134052 1305.74972965075 1.54694821602611e-05 7.2530144108727e-07 no_error _Scenario_18_ 750 2250 1 0.05 GF_Model_IV
0.0121233412122732 1322.07122432225 2.27209906212664e-05 9.97042054180175e-07 no_error _Scenario_18_ 750 2250 1 0.05 GF_Model_IV
0.0120885087495708 1311.86021931995 1.51446683905901e-05 1.02389936086947e-06 no_error _Scenario_18_ 750 2250 1 0.05 GF_Model_IV
0.0117360678730153 1277.48701344334 3.36934566571392e-06 6.55320562537957e-07 no_error _Scenario_18_ 750 2250 1 0.05 GF_Model_IV
0.0121689834700902 1320.84099410906 1.39217815790971e-05 7.79589255759204e-07 no_error _Scenario_18_ 750 2250 1 0.05 GF_Model_IV
0.0123399862416584 1344.44149267384 9.60133119408598e-06 6.09509632840374e-07 no_error _Scenario_18_ 750 2250 1 0.05 GF_Model_IV
0.0118908264503391 1335.82091025828 1.43572167376619e-05 5.61153591681663e-07 no_error _Scenario_18_ 750 2250 1 0.05 GF_Model_IV
0.0121774455196786 1354.24605632781 7.59807943152044e-07 6.88426223951892e-07 no_error _Scenario_18_ 750 2250 1 0.05 GF_Model_IV
0.0118213337058552 1316.78891037488 5.04263001216518e-06 7.25662619023243e-07 no_error _Scenario_18_ 750 2250 1 0.05 GF_Model_IV
0.0118515633884547 1318.23488979208 1.25506515591387e-05 5.86676668969217e-07 no_error _Scenario_18_ 750 2250 1 0.05 GF_Model_IV
0.0122692010343835 1318.88269137778 3.97413853342118e-06 5.11840016438026e-07 no_error _Scenario_18_ 750 2250 1 0.05 GF_Model_IV
0.0120340897019085 1323.75058925502 1.28577757496647e-05 5.35066729251075e-07 no_error _Scenario_18_ 750 2250 1 0.05 GF_Model_IV
0.0116336921149851 1300.9613857451 1.01460472643416e-05 6.75034985033463e-07 no_error _Scenario_18_ 750 2250 1 0.05 GF_Model_IV
0.0116430524081939 1295.24602806233 -2.40917287097907e-06 6.77515226929817e-07 no_error _Scenario_18_ 750 2250 1 0.05 GF_Model_IV
0.0119747095133761 1313.23319337515 6.39850910046748e-06 7.23800806679403e-07 no_error _Scenario_18_ 750 2250 1 0.05 GF_Model_IV
0.011782773195103 1269.55945865114 9.15978217602248e-06 5.88347553171261e-07 no_error _Scenario_18_ 750 2250 1 0.05 GF_Model_IV
0.0122626682136583 1345.60359466013 6.24144691808925e-06 7.79662783718726e-07 no_error _Scenario_18_ 750 2250 1 0.05 GF_Model_IV
0.0124108216336397 1326.06128486074 1.12890404353303e-05 5.14756474196674e-07 no_error _Scenario_18_ 750 2250 1 0.05 GF_Model_IV
0.0116161308476569 1286.85734189178 1.22167743930053e-06 6.87935490268435e-07 no_error _Scenario_18_ 750 2250 1 0.05 GF_Model_IV
0.0117488131821461 1331.11342833938 2.09266971930075e-05 4.76369028404675e-07 no_error _Scenario_18_ 750 2250 1 0.05 GF_Model_IV
0.0122208604795769 1307.65210315911 1.72762359610223e-05 7.67913473131764e-07 no_error _Scenario_18_ 750 2250 1 0.05 GF_Model_IV
0.0118757220100064 1309.73892879585 7.94767418210948e-06 6.33027599091342e-07 no_error _Scenario_18_ 750 2250 1 0.05 GF_Model_IV
0.0122142225597704 1289.30543276147 1.24842257126948e-05 8.45806004237307e-07 no_error _Scenario_18_ 750 2250 1 0.05 GF_Model_IV
0.0117764991555752 1283.36189736616 2.03268366012668e-05 8.4845749855705e-07 no_error _Scenario_18_ 750 2250 1 0.05 GF_Model_IV
0.0114101237414968 1294.40551803218 1.21690784165308e-05 7.34964595443998e-07 no_error _Scenario_18_ 750 2250 1 0.05 GF_Model_IV
0.0119017534911127 1304.44663270461 1.15293253335168e-05 9.39334226502143e-07 no_error _Scenario_18_ 750 2250 1 0.05 GF_Model_IV
0.0118356446702405 1333.12569218294 1.75032736886894e-07 5.95095122599944e-07 no_error _Scenario_18_ 750 2250 1 0.05 GF_Model_IV
0.0122462620323558 1321.26951407896 1.86902539892472e-05 8.76264526810731e-07 no_error _Scenario_18_ 750 2250 1 0.05 GF_Model_IV
0.0119992482138268 1317.2423613722 1.36546011847889e-05 8.21995132109494e-07 no_error _Scenario_18_ 750 2250 1 0.05 GF_Model_IV
0.0119599444537718 1302.21373704719 -2.9985231563338e-06 7.00725027174078e-07 no_error _Scenario_18_ 750 2250 1 0.05 GF_Model_IV
0.0122397387192493 1317.68702261701 -3.91709749664381e-06 6.65049624747012e-07 no_error _Scenario_18_ 750 2250 1 0.05 GF_Model_IV
0.0112008626028372 1229.1362928405 -1.58277077115617e-06 1.15273976129273e-06 no_error _Scenario_18_ 750 2250 1 0.05 GF_Model_IV
0.0118139928717754 1320.43729817628 1.82174067707462e-05 9.90421969687951e-07 no_error _Scenario_18_ 750 2250 1 0.05 GF_Model_IV
0.0123117206199496 1329.65140944685 -5.48373014916682e-06 8.22627473896829e-07 no_error _Scenario_18_ 750 2250 1 0.05 GF_Model_IV
0.0123641869217293 1346.05844495027 9.71074758578196e-06 7.17921457994774e-07 no_error _Scenario_18_ 750 2250 1 0.05 GF_Model_IV
0.0122032719825973 1325.2856970765 -5.35997091782065e-06 5.75241478454498e-07 no_error _Scenario_18_ 750 2250 1 0.05 GF_Model_IV
0.0119582294988949 1321.85845814401 -3.11221455149256e-06 7.61736433326904e-07 no_error _Scenario_18_ 750 2250 1 0.05 GF_Model_IV
0.0120910746701166 1352.80406981627 9.26620067829243e-06 5.14554515825105e-07 no_error _Scenario_18_ 750 2250 1 0.05 GF_Model_IV
0.0117838576136594 1271.08298624908 7.8774731361054e-06 5.87759949523038e-07 no_error _Scenario_18_ 750 2250 1 0.05 GF_Model_IV
0.0117947149353739 1326.06105037403 1.01518112418198e-05 5.20283813159957e-07 no_error _Scenario_18_ 750 2250 1 0.05 GF_Model_IV
0.0119581319463536 1313.99309083016 1.75825141073983e-05 6.01520705303206e-07 no_error _Scenario_18_ 750 2250 1 0.05 GF_Model_IV
0.012104285941461 1337.7666256848 1.40772630062558e-05 8.1045967115412e-07 no_error _Scenario_18_ 750 2250 1 0.05 GF_Model_IV
0.011809663899999 1340.9020871691 8.79288713333413e-06 6.31549004912924e-07 no_error _Scenario_18_ 750 2250 1 0.05 GF_Model_IV
0.0118083915511033 1287.23111968481 3.50533622183291e-06 7.30245341956361e-07 no_error _Scenario_18_ 750 2250 1 0.05 GF_Model_IV
0.0118654992657452 1273.14998726906 1.15451690552779e-05 1.02718409531356e-06 no_error _Scenario_18_ 750 2250 1 0.05 GF_Model_IV
0.0125163863075832 1352.42104911158 1.14146968642115e-06 6.98485786800753e-07 no_error _Scenario_18_ 750 2250 1 0.05 GF_Model_IV
0.0117570735235243 1309.15346679311 3.66010336912179e-06 7.03459719579592e-07 no_error _Scenario_18_ 750 2250 1 0.05 GF_Model_IV
0.0123419157248222 1295.93701647737 -1.63839204496399e-06 5.70649387203185e-07 no_error _Scenario_18_ 750 2250 1 0.05 GF_Model_IV
0.012022369345082 1324.13061921642 -4.1474899769015e-06 6.76325167731112e-07 no_error _Scenario_18_ 750 2250 1 0.05 GF_Model_IV
0.0122657261384744 1355.04259381231 2.96365932913426e-06 4.95349156063735e-07 no_error _Scenario_18_ 750 2250 1 0.05 GF_Model_IV
0.0120095085934116 1312.55566558499 -3.2975897419138e-06 8.94678498893999e-07 no_error _Scenario_18_ 750 2250 1 0.05 GF_Model_IV
0.0120740937276556 1330.81167595467 1.14293425518142e-05 7.79701057659105e-07 no_error _Scenario_18_ 750 2250 1 0.05 GF_Model_IV
0.0117060089314083 1278.58594479629 1.93496032711888e-05 6.03248200304104e-07 no_error _Scenario_18_ 750 2250 1 0.05 GF_Model_IV
0.0125653683306856 1362.31889096674 1.54621770236784e-05 5.61758885384477e-07 no_error _Scenario_18_ 750 2250 1 0.05 GF_Model_IV
0.0117860191158602 1329.25391893008 1.74877501429003e-05 8.23884922524662e-07 no_error _Scenario_18_ 750 2250 1 0.05 GF_Model_IV
0.011846688296338 1308.25157235914 3.25247888069012e-06 7.08032206144668e-07 no_error _Scenario_18_ 750 2250 1 0.05 GF_Model_IV
0.0118984264498103 1331.91570295275 4.96053732290862e-06 6.76144239589022e-07 no_error _Scenario_18_ 750 2250 1 0.05 GF_Model_IV
