0.000476937170781536 1662.6516548406 3.07298026490088e-07 3.32887792559159e-09 no_error _Scenario_11_ 1500 1501 0 0.02 GF_Model_IV
0.000461241896092614 1713.88279882163 5.09485547094945e-07 4.09573864836951e-09 no_error _Scenario_11_ 1500 1501 0 0.02 GF_Model_IV
0.000485809104703636 1671.897392225 4.20966322552575e-07 3.86200715900805e-09 no_error _Scenario_11_ 1500 1501 0 0.02 GF_Model_IV
0.000483548946486357 1656.02284478609 4.99118132092495e-07 4.82261616807008e-09 no_error _Scenario_11_ 1500 1501 0 0.02 GF_Model_IV
0.000505633769341345 1673.59415372223 5.14479269090931e-07 4.43448259663454e-09 no_error _Scenario_11_ 1500 1501 0 0.02 GF_Model_IV
0.000500285583133626 1669.68268233423 3.73115188533504e-07 5.00535398366138e-09 no_error _Scenario_11_ 1500 1501 0 0.02 GF_Model_IV
0.000509432911511987 1681.27152017362 4.86332994027141e-07 4.58402860735596e-09 no_error _Scenario_11_ 1500 1501 0 0.02 GF_Model_IV
0.000479578023896579 1681.47583258037 3.74129040658172e-07 3.47778924442321e-09 no_error _Scenario_11_ 1500 1501 0 0.02 GF_Model_IV
0.000526207238399735 1638.24362578823 6.16401183188383e-07 4.43155283331497e-09 no_error _Scenario_11_ 1500 1501 0 0.02 GF_Model_IV
0.000495588521512524 1658.93742727054 4.94828572711997e-07 4.47163797450443e-09 no_error _Scenario_11_ 1500 1501 0 0.02 GF_Model_IV
0.000501068649204602 1634.68013172693 1.24120947830425e-07 3.93733286065724e-09 no_error _Scenario_11_ 1500 1501 0 0.02 GF_Model_IV
0.000494669262322185 1653.82217793809 5.36489166054672e-07 5.26399201321217e-09 no_error _Scenario_11_ 1500 1501 0 0.02 GF_Model_IV
0.000500612955546437 1672.31745797553 2.54885323838222e-07 4.87568225488436e-09 no_error _Scenario_11_ 1500 1501 0 0.02 GF_Model_IV
0.000484900373826421 1669.7196767519 9.23642154953023e-07 5.09904345095937e-09 no_error _Scenario_11_ 1500 1501 0 0.02 GF_Model_IV
0.000476108106344026 1644.21407166808 7.41557617375944e-07 4.72678257219342e-09 no_error _Scenario_11_ 1500 1501 0 0.02 GF_Model_IV
0.00050132589195842 1683.74323459259 4.92346489368763e-07 5.26760477079439e-09 no_error _Scenario_11_ 1500 1501 0 0.02 GF_Model_IV
0.000499980781872617 1665.23451109628 4.40381104851047e-07 5.81783087088824e-09 no_error _Scenario_11_ 1500 1501 0 0.02 GF_Model_IV
0.000495736827873237 1657.35525792075 2.82422272387684e-07 5.42267282666369e-09 no_error _Scenario_11_ 1500 1501 0 0.02 GF_Model_IV
0.00050152465755784 1645.26705509001 6.57578181558926e-07 3.18224703535899e-09 no_error _Scenario_11_ 1500 1501 0 0.02 GF_Model_IV
0.000508814849263864 1671.79795649774 4.64315861804009e-07 6.09753541685594e-09 no_error _Scenario_11_ 1500 1501 0 0.02 GF_Model_IV
0.00049372920178331 1637.49997459116 5.09120651505151e-07 5.04057289945864e-09 no_error _Scenario_11_ 1500 1501 0 0.02 GF_Model_IV
0.000503385873284587 1662.97284519189 1.64747138549779e-07 3.42988067010882e-09 no_error _Scenario_11_ 1500 1501 0 0.02 GF_Model_IV
0.000490051451420807 1656.33006871279 5.41621524134716e-07 4.36808363194075e-09 no_error _Scenario_11_ 1500 1501 0 0.02 GF_Model_IV
0.000481088823761066 1665.84069185606 8.51223689540044e-07 6.12618036896823e-09 no_error _Scenario_11_ 1500 1501 0 0.02 GF_Model_IV
0.000511803247156745 1650.20983873628 5.83336255352688e-07 5.41024215271485e-09 no_error _Scenario_11_ 1500 1501 0 0.02 GF_Model_IV
0.000475878864781682 1666.97887161791 6.35913443485492e-07 5.07730075153617e-09 no_error _Scenario_11_ 1500 1501 0 0.02 GF_Model_IV
0.000495816006712416 1658.33971754825 3.14147672836315e-07 3.96957845851083e-09 no_error _Scenario_11_ 1500 1501 0 0.02 GF_Model_IV
0.000496992181862921 1640.2382685762 1.67170639482266e-07 4.79108691108853e-09 no_error _Scenario_11_ 1500 1501 0 0.02 GF_Model_IV
0.000475869080883738 1629.20690344472 5.97623237825415e-07 6.14749413600134e-09 no_error _Scenario_11_ 1500 1501 0 0.02 GF_Model_IV
0.000499681191604728 1665.31474300908 4.97921246993349e-07 4.69175096974404e-09 no_error _Scenario_11_ 1500 1501 0 0.02 GF_Model_IV
0.000468156832370296 1648.74260902288 6.42953497422275e-07 4.9152318411813e-09 no_error _Scenario_11_ 1500 1501 0 0.02 GF_Model_IV
0.000493701009094172 1669.82799836551 5.58771891682423e-07 5.15381799219765e-09 no_error _Scenario_11_ 1500 1501 0 0.02 GF_Model_IV
0.000475669998805941 1675.0830947315 9.61133969539979e-07 4.48405787600958e-09 no_error _Scenario_11_ 1500 1501 0 0.02 GF_Model_IV
0.000499082218921099 1629.14058967615 5.02641035614245e-07 5.39852080713226e-09 no_error _Scenario_11_ 1500 1501 0 0.02 GF_Model_IV
0.000502173861962311 1647.99847209993 6.90469523184473e-07 4.86731123631518e-09 no_error _Scenario_11_ 1500 1501 0 0.02 GF_Model_IV
0.000494138611339711 1659.2839542693 1.65175618950576e-07 4.80922730797967e-09 no_error _Scenario_11_ 1500 1501 0 0.02 GF_Model_IV
0.000497670314292461 1633.6424627714 5.96203043245576e-07 5.92893211752786e-09 no_error _Scenario_11_ 1500 1501 0 0.02 GF_Model_IV
0.000489259857485197 1656.67014872245 5.00079427008425e-07 3.96070439573598e-09 no_error _Scenario_11_ 1500 1501 0 0.02 GF_Model_IV
0.000512378073158938 1616.05082061948 7.08532336785478e-07 6.94837389777877e-09 no_error _Scenario_11_ 1500 1501 0 0.02 GF_Model_IV
0.000486063127429292 1693.86188580414 3.27289193892994e-07 3.59442272132213e-09 no_error _Scenario_11_ 1500 1501 0 0.02 GF_Model_IV
0.000502015742561099 1672.24269792003 5.61405006331078e-07 5.94238722109111e-09 no_error _Scenario_11_ 1500 1501 0 0.02 GF_Model_IV
0.000520702570558095 1659.08275748325 5.17772816922412e-07 5.2408505959886e-09 no_error _Scenario_11_ 1500 1501 0 0.02 GF_Model_IV
0.000492192474199655 1648.72927672258 2.99507805668161e-07 4.73720649982427e-09 no_error _Scenario_11_ 1500 1501 0 0.02 GF_Model_IV
0.000485032400003931 1679.61793689401 3.75002889605286e-07 4.12879667535192e-09 no_error _Scenario_11_ 1500 1501 0 0.02 GF_Model_IV
0.000515463596788727 1641.49133099376 1.91395652881579e-07 4.73920113384133e-09 no_error _Scenario_11_ 1500 1501 0 0.02 GF_Model_IV
0.000497245385200645 1651.50902776343 5.45193626595378e-07 3.75707995472562e-09 no_error _Scenario_11_ 1500 1501 0 0.02 GF_Model_IV
0.00048418430268094 1646.93869608033 5.01930878970416e-07 3.56418814900788e-09 no_error _Scenario_11_ 1500 1501 0 0.02 GF_Model_IV
0.000476971621861097 1626.77055751727 3.29869139220028e-07 4.26301885180564e-09 no_error _Scenario_11_ 1500 1501 0 0.02 GF_Model_IV
0.000463485933709209 1668.68404012728 3.93346655545981e-07 4.83132758846452e-09 no_error _Scenario_11_ 1500 1501 0 0.02 GF_Model_IV
0.000482462425215607 1670.37255092573 3.884755818416e-07 4.74391170242965e-09 no_error _Scenario_11_ 1500 1501 0 0.02 GF_Model_IV
0.000469607905045402 1655.5570119302 4.52478543101493e-07 4.93900983954094e-09 no_error _Scenario_11_ 1500 1501 0 0.02 GF_Model_IV
0.000472606928605051 1656.11074429284 8.64164140030751e-07 6.0082742205894e-09 no_error _Scenario_11_ 1500 1501 0 0.02 GF_Model_IV
0.000490048591587479 1638.591470221 3.93207028930659e-07 4.39585423944836e-09 no_error _Scenario_11_ 1500 1501 0 0.02 GF_Model_IV
0.000510628665472036 1628.20757962659 7.62719947716659e-07 5.30047453173769e-09 no_error _Scenario_11_ 1500 1501 0 0.02 GF_Model_IV
0.000488046132480456 1645.06468035155 5.30633908444471e-07 4.47807990443466e-09 no_error _Scenario_11_ 1500 1501 0 0.02 GF_Model_IV
0.00048298363684682 1653.18680720516 2.5192660808535e-07 5.26926300207494e-09 no_error _Scenario_11_ 1500 1501 0 0.02 GF_Model_IV
0.000503958636547663 1660.96794371234 2.31444242763329e-07 4.91552002779589e-09 no_error _Scenario_11_ 1500 1501 0 0.02 GF_Model_IV
0.000480726190209664 1682.06853637596 6.01379958968553e-07 3.93983423252137e-09 no_error _Scenario_11_ 1500 1501 0 0.02 GF_Model_IV
0.000508747800326983 1666.10699334191 1.06124097382334e-06 5.83937611896833e-09 no_error _Scenario_11_ 1500 1501 0 0.02 GF_Model_IV
0.00050213695222637 1684.76340039172 8.5508296317297e-07 4.71024989037366e-09 no_error _Scenario_11_ 1500 1501 0 0.02 GF_Model_IV
0.000499486720439315 1646.43786407879 8.24404955098283e-07 5.40572287235009e-09 no_error _Scenario_11_ 1500 1501 0 0.02 GF_Model_IV
0.000498496723801053 1648.82424856639 8.16971146418075e-07 3.9618521573366e-09 no_error _Scenario_11_ 1500 1501 0 0.02 GF_Model_IV
0.000508405803939504 1699.45836710451 5.14037260307091e-07 7.04804210618401e-09 no_error _Scenario_11_ 1500 1501 0 0.02 GF_Model_IV
0.000486423109800216 1649.40075769179 6.16507014093693e-07 5.36463378890831e-09 no_error _Scenario_11_ 1500 1501 0 0.02 GF_Model_IV
0.00050336494694133 1686.53612544617 7.70149735030401e-07 5.86097528851646e-09 no_error _Scenario_11_ 1500 1501 0 0.02 GF_Model_IV
0.000492358638866781 1658.55299820472 3.69910933900618e-07 2.91079635224182e-09 no_error _Scenario_11_ 1500 1501 0 0.02 GF_Model_IV
0.000498714962287529 1672.1895201256 7.75976672965173e-07 4.35640088386517e-09 no_error _Scenario_11_ 1500 1501 0 0.02 GF_Model_IV
0.00050552427308701 1646.35430395401 4.57697437373727e-07 5.65850374781825e-09 no_error _Scenario_11_ 1500 1501 0 0.02 GF_Model_IV
0.000491311723211674 1690.26921100058 4.03676297492849e-07 3.2806110861744e-09 no_error _Scenario_11_ 1500 1501 0 0.02 GF_Model_IV
0.000499871251582791 1658.01354336591 1.782863146887e-07 5.38890036202154e-09 no_error _Scenario_11_ 1500 1501 0 0.02 GF_Model_IV
0.000487124681950623 1655.5065133266 5.17222641602621e-07 4.69548852823756e-09 no_error _Scenario_11_ 1500 1501 0 0.02 GF_Model_IV
0.000485106959680095 1618.25834505313 3.991843537084e-07 7.2124137974138e-09 no_error _Scenario_11_ 1500 1501 0 0.02 GF_Model_IV
0.000475631782965825 1665.30195724694 2.31489787177869e-07 5.69458170973226e-09 no_error _Scenario_11_ 1500 1501 0 0.02 GF_Model_IV
0.000495588243053929 1679.59644384582 6.01308413554214e-07 4.87731110662241e-09 no_error _Scenario_11_ 1500 1501 0 0.02 GF_Model_IV
0.00050431712185537 1640.32285514831 3.87560474157493e-07 6.25400252855914e-09 no_error _Scenario_11_ 1500 1501 0 0.02 GF_Model_IV
0.00046231405591084 1667.19361195344 8.76211161505885e-07 3.74565690315316e-09 no_error _Scenario_11_ 1500 1501 0 0.02 GF_Model_IV
0.000462227965968149 1654.61326317187 7.78848074505108e-07 5.19658275437073e-09 no_error _Scenario_11_ 1500 1501 0 0.02 GF_Model_IV
0.000482506800957491 1647.90793407109 5.12957391368021e-07 5.457977666121e-09 no_error _Scenario_11_ 1500 1501 0 0.02 GF_Model_IV
0.000500083739498907 1647.67882875231 4.60161414018572e-07 5.75525224213887e-09 no_error _Scenario_11_ 1500 1501 0 0.02 GF_Model_IV
0.00053129660765423 1668.52621622209 7.21456024165469e-07 4.57344499194043e-09 no_error _Scenario_11_ 1500 1501 0 0.02 GF_Model_IV
0.000494456074181932 1650.43361527638 5.76793346212969e-07 5.18602458607161e-09 no_error _Scenario_11_ 1500 1501 0 0.02 GF_Model_IV
0.000491146127941201 1659.65381907688 6.75023413580353e-07 4.97028291706771e-09 no_error _Scenario_11_ 1500 1501 0 0.02 GF_Model_IV
0.000489397410942144 1659.07373953155 8.23330758051012e-07 5.91272912616083e-09 no_error _Scenario_11_ 1500 1501 0 0.02 GF_Model_IV
0.000498811352946932 1651.19518713657 3.29626344905587e-07 6.40641996971247e-09 no_error _Scenario_11_ 1500 1501 0 0.02 GF_Model_IV
0.000483887967595641 1661.27786891423 5.22675020114514e-07 4.62648817757528e-09 no_error _Scenario_11_ 1500 1501 0 0.02 GF_Model_IV
0.000506670896986008 1666.10816092479 4.12166115347727e-07 6.3711422951816e-09 no_error _Scenario_11_ 1500 1501 0 0.02 GF_Model_IV
0.000496132005012427 1643.36871488749 4.60130568559363e-07 4.98175773099739e-09 no_error _Scenario_11_ 1500 1501 0 0.02 GF_Model_IV
0.000488497719136248 1644.71084490777 5.0989849974289e-07 5.07883692897751e-09 no_error _Scenario_11_ 1500 1501 0 0.02 GF_Model_IV
0.000495009260885197 1691.33057661901 3.32448973538303e-07 3.97546947642067e-09 no_error _Scenario_11_ 1500 1501 0 0.02 GF_Model_IV
0.000487397961811437 1703.23726516167 4.58271733601065e-07 4.72217536543169e-09 no_error _Scenario_11_ 1500 1501 0 0.02 GF_Model_IV
0.00051792890111922 1651.91662689214 5.00314024518282e-07 3.93355746972716e-09 no_error _Scenario_11_ 1500 1501 0 0.02 GF_Model_IV
0.000491758171799754 1673.94214385841 7.21410816911516e-07 4.60691630780864e-09 no_error _Scenario_11_ 1500 1501 0 0.02 GF_Model_IV
0.000512257961518744 1660.60695219896 4.52352373047001e-07 5.04680368129789e-09 no_error _Scenario_11_ 1500 1501 0 0.02 GF_Model_IV
0.00051462414668107 1669.0546177709 8.45810859971437e-07 5.0799912025956e-09 no_error _Scenario_11_ 1500 1501 0 0.02 GF_Model_IV
0.000498001050639819 1684.32441738485 6.25427640270259e-07 5.51353615639573e-09 no_error _Scenario_11_ 1500 1501 0 0.02 GF_Model_IV
0.000509390301051854 1629.19302510449 7.04340741125795e-07 6.0846789874494e-09 no_error _Scenario_11_ 1500 1501 0 0.02 GF_Model_IV
0.000492330936466328 1644.47116493508 6.46211744031884e-07 4.47261710908429e-09 no_error _Scenario_11_ 1500 1501 0 0.02 GF_Model_IV
0.00048236212295011 1605.97970289913 3.40362435212127e-07 6.05542443982392e-09 no_error _Scenario_11_ 1500 1501 0 0.02 GF_Model_IV
0.000484817034327286 1624.41842518943 4.42820976496546e-07 5.55025083457897e-09 no_error _Scenario_11_ 1500 1501 0 0.02 GF_Model_IV
0.000478696054053297 1678.30640426694 8.8918601087139e-07 4.29578269631573e-09 no_error _Scenario_11_ 1500 1501 0 0.02 GF_Model_IV
0.000446593976831394 1604.00013746578 1.05434802676706e-06 7.82382437414472e-09 no_error _Scenario_16_ 750 2250 0 0.02 GF_Model_IV
0.000448332015255964 1581.85624674313 7.64101303225325e-07 7.88468986751796e-09 no_error _Scenario_16_ 750 2250 0 0.02 GF_Model_IV
0.000443588116681891 1574.05493385759 7.32535210572275e-07 6.85398329887107e-09 no_error _Scenario_16_ 750 2250 0 0.02 GF_Model_IV
0.00043499835388122 1590.76449700737 1.15239096766872e-06 7.16732179543783e-09 no_error _Scenario_16_ 750 2250 0 0.02 GF_Model_IV
0.000457985050969544 1608.06830551148 8.51069488630472e-07 6.14433748141759e-09 no_error _Scenario_16_ 750 2250 0 0.02 GF_Model_IV
0.000432151299667001 1599.19825469207 6.593853734178e-07 5.40261044685347e-09 no_error _Scenario_16_ 750 2250 0 0.02 GF_Model_IV
0.00043959650569482 1605.40182771234 9.51942901724658e-07 7.31149973173001e-09 no_error _Scenario_16_ 750 2250 0 0.02 GF_Model_IV
0.000453505992151361 1571.30921324962 8.58339339954254e-07 5.44081267974822e-09 no_error _Scenario_16_ 750 2250 0 0.02 GF_Model_IV
0.000460855174142329 1577.62879766484 6.32900922784507e-07 5.52511861219577e-09 no_error _Scenario_16_ 750 2250 0 0.02 GF_Model_IV
0.00043275339510629 1597.10008063601 8.87450583674212e-07 6.19590580415287e-09 no_error _Scenario_16_ 750 2250 0 0.02 GF_Model_IV
0.000448705433522918 1590.34775760662 1.24595261316519e-06 7.75834264145679e-09 no_error _Scenario_16_ 750 2250 0 0.02 GF_Model_IV
0.000456124615233358 1574.72425525456 9.48619486427867e-07 6.08758259988661e-09 no_error _Scenario_16_ 750 2250 0 0.02 GF_Model_IV
0.000468828978343039 1542.11808073344 9.37668709910272e-07 8.28992353028485e-09 no_error _Scenario_16_ 750 2250 0 0.02 GF_Model_IV
0.000471121309859666 1590.08719855656 7.75705636612997e-07 8.93159956966497e-09 no_error _Scenario_16_ 750 2250 0 0.02 GF_Model_IV
0.000457798085489579 1614.31466223686 1.04702493821379e-06 5.58884909506134e-09 no_error _Scenario_16_ 750 2250 0 0.02 GF_Model_IV
0.000469730531084829 1562.87299059266 9.77203607120623e-07 8.50499880795782e-09 no_error _Scenario_16_ 750 2250 0 0.02 GF_Model_IV
0.000448577228633078 1564.51551498839 8.4052125786853e-07 7.37237269009454e-09 no_error _Scenario_16_ 750 2250 0 0.02 GF_Model_IV
0.000422008747021519 1601.15339732944 9.91725849246116e-07 6.15188534205507e-09 no_error _Scenario_16_ 750 2250 0 0.02 GF_Model_IV
0.000479289879460051 1620.70007715558 7.51823309422088e-07 7.96008769197445e-09 no_error _Scenario_16_ 750 2250 0 0.02 GF_Model_IV
0.00043236905536893 1554.23699258094 9.2689608884777e-07 5.73880135540584e-09 no_error _Scenario_16_ 750 2250 0 0.02 GF_Model_IV
0.000462034731966532 1627.59073404358 5.79003532794768e-07 5.78203648906727e-09 no_error _Scenario_16_ 750 2250 0 0.02 GF_Model_IV
0.000430906153487374 1589.23630136952 8.85822940215167e-07 6.12090878536142e-09 no_error _Scenario_16_ 750 2250 0 0.02 GF_Model_IV
0.000458685279053091 1621.08886766809 9.64169088533976e-07 6.01520001137415e-09 no_error _Scenario_16_ 750 2250 0 0.02 GF_Model_IV
0.000434069360516866 1579.35180742781 1.06328696910502e-06 7.65971100353421e-09 no_error _Scenario_16_ 750 2250 0 0.02 GF_Model_IV
0.000493880824095023 1606.40296257888 1.14605137794103e-06 6.63622197966173e-09 no_error _Scenario_16_ 750 2250 0 0.02 GF_Model_IV
0.000433409365409435 1591.7483570877 9.62682902060292e-07 6.6205574937273e-09 no_error _Scenario_16_ 750 2250 0 0.02 GF_Model_IV
0.000428769893647658 1606.23904162066 8.77037907147251e-07 6.02283792026613e-09 no_error _Scenario_16_ 750 2250 0 0.02 GF_Model_IV
0.000461643714011734 1594.2781123094 1.17794026556311e-06 7.49527368145402e-09 no_error _Scenario_16_ 750 2250 0 0.02 GF_Model_IV
0.000453331857712204 1611.04747112771 1.02059897272437e-06 7.19850960527392e-09 no_error _Scenario_16_ 750 2250 0 0.02 GF_Model_IV
0.000482610100561088 1605.07936105491 1.12991798940335e-06 8.21411609037426e-09 no_error _Scenario_16_ 750 2250 0 0.02 GF_Model_IV
0.0004306987527224 1557.22567190533 7.80860091186098e-07 6.95407179220224e-09 no_error _Scenario_16_ 750 2250 0 0.02 GF_Model_IV
0.000464020985649548 1574.75913071967 1.06437480542368e-06 5.91281756046247e-09 no_error _Scenario_16_ 750 2250 0 0.02 GF_Model_IV
0.000455344088944715 1639.92665322001 9.93383422376882e-07 6.86911983979179e-09 no_error _Scenario_16_ 750 2250 0 0.02 GF_Model_IV
0.000465317796602729 1554.01673854765 1.17639119136288e-06 8.38595439496728e-09 no_error _Scenario_16_ 750 2250 0 0.02 GF_Model_IV
0.000449089087642027 1615.3727621511 1.08749022217711e-06 6.16135860660031e-09 no_error _Scenario_16_ 750 2250 0 0.02 GF_Model_IV
0.000453033650217728 1592.61254577094 8.90164619539262e-07 6.43455854167086e-09 no_error _Scenario_16_ 750 2250 0 0.02 GF_Model_IV
0.000488154014969199 1614.60159571925 9.53705562060694e-07 7.38254272716429e-09 no_error _Scenario_16_ 750 2250 0 0.02 GF_Model_IV
0.000470120910948205 1623.98870698901 7.8337800631469e-07 8.93378631311149e-09 no_error _Scenario_16_ 750 2250 0 0.02 GF_Model_IV
0.000468092527930365 1616.54740129116 7.83660373456105e-07 7.90654122434402e-09 no_error _Scenario_16_ 750 2250 0 0.02 GF_Model_IV
0.000456201366827005 1563.19997198974 9.30149555452147e-07 7.93962416449663e-09 no_error _Scenario_16_ 750 2250 0 0.02 GF_Model_IV
0.000456846894607005 1593.726181079 6.36092113335668e-07 6.25639286202049e-09 no_error _Scenario_16_ 750 2250 0 0.02 GF_Model_IV
0.000460711404762151 1586.92890060408 1.08505957138863e-06 7.24816435161458e-09 no_error _Scenario_16_ 750 2250 0 0.02 GF_Model_IV
0.000490308062620459 1582.84793777664 8.24702380325696e-07 9.75614756514128e-09 no_error _Scenario_16_ 750 2250 0 0.02 GF_Model_IV
0.000442197980538526 1618.84318986179 9.84619657740095e-07 6.29298324381939e-09 no_error _Scenario_16_ 750 2250 0 0.02 GF_Model_IV
0.00046095522056803 1640.2830720631 9.42801387437737e-07 5.78872357272982e-09 no_error _Scenario_16_ 750 2250 0 0.02 GF_Model_IV
0.00047591107354935 1613.36008541065 8.98236551467428e-07 7.3677326276581e-09 no_error _Scenario_16_ 750 2250 0 0.02 GF_Model_IV
0.000477039036133094 1597.80016431401 1.14991609773356e-06 7.68577102630005e-09 no_error _Scenario_16_ 750 2250 0 0.02 GF_Model_IV
0.000454649270748371 1641.59471185217 1.29289172378718e-06 5.87418830741163e-09 no_error _Scenario_16_ 750 2250 0 0.02 GF_Model_IV
0.000444033827889138 1639.51385970664 7.37054965587161e-07 5.45894009211248e-09 no_error _Scenario_16_ 750 2250 0 0.02 GF_Model_IV
0.000488572032611281 1616.26305869996 8.7343356315781e-07 8.16285832890782e-09 no_error _Scenario_16_ 750 2250 0 0.02 GF_Model_IV
0.000469364373492168 1562.12054233531 8.94072097202356e-07 8.26212772102838e-09 no_error _Scenario_16_ 750 2250 0 0.02 GF_Model_IV
0.00045569579456655 1634.52762908905 1.06261077751983e-06 8.22226764873172e-09 no_error _Scenario_16_ 750 2250 0 0.02 GF_Model_IV
0.000469089977138147 1604.70570412212 9.37179904744564e-07 7.49638114092007e-09 no_error _Scenario_16_ 750 2250 0 0.02 GF_Model_IV
0.000477878946441156 1607.90020179307 8.67863051347101e-07 7.94325700730113e-09 no_error _Scenario_16_ 750 2250 0 0.02 GF_Model_IV
0.000457474008535819 1599.41939733066 1.03894100596145e-06 5.83301018505944e-09 no_error _Scenario_16_ 750 2250 0 0.02 GF_Model_IV
0.000448518357565442 1614.20161712639 3.94025131491548e-07 6.66909069314115e-09 no_error _Scenario_16_ 750 2250 0 0.02 GF_Model_IV
0.000464642120100127 1632.65911040593 1.10505611236652e-06 7.36637391184065e-09 no_error _Scenario_16_ 750 2250 0 0.02 GF_Model_IV
0.000437413611667937 1617.14455914608 1.04785983004013e-06 6.75154653057014e-09 no_error _Scenario_16_ 750 2250 0 0.02 GF_Model_IV
0.000449599923850725 1568.44148118167 5.80997675465722e-07 7.98029155497542e-09 no_error _Scenario_16_ 750 2250 0 0.02 GF_Model_IV
0.000472157510165733 1584.53178985948 1.12242236674613e-06 9.72114366128485e-09 no_error _Scenario_16_ 750 2250 0 0.02 GF_Model_IV
0.000471786137930229 1570.51159274874 1.15343858188851e-06 7.83808605417876e-09 no_error _Scenario_16_ 750 2250 0 0.02 GF_Model_IV
0.000443551722509905 1600.75065193911 9.84287455436328e-07 5.0350601331175e-09 no_error _Scenario_16_ 750 2250 0 0.02 GF_Model_IV
0.000484293749006564 1644.33934029118 5.69700577586381e-07 5.65543629937392e-09 no_error _Scenario_16_ 750 2250 0 0.02 GF_Model_IV
0.000446693185495298 1574.85627650319 8.73746145639605e-07 8.88770768888235e-09 no_error _Scenario_16_ 750 2250 0 0.02 GF_Model_IV
0.000448250089524413 1591.18689201748 8.60863837236629e-07 5.65546225918514e-09 no_error _Scenario_16_ 750 2250 0 0.02 GF_Model_IV
0.000465878186138387 1568.85598179902 9.66258036647839e-07 7.85151542210088e-09 no_error _Scenario_16_ 750 2250 0 0.02 GF_Model_IV
0.000450637451557254 1594.08316215522 8.78408199799245e-07 6.30054130346605e-09 no_error _Scenario_16_ 750 2250 0 0.02 GF_Model_IV
0.000429302283332369 1584.84281849272 1.19071622514356e-06 6.81968635618004e-09 no_error _Scenario_16_ 750 2250 0 0.02 GF_Model_IV
0.000486472480651146 1566.32543228794 1.05434815068997e-06 7.7883670390874e-09 no_error _Scenario_16_ 750 2250 0 0.02 GF_Model_IV
0.000456388462941974 1599.87285530143 1.16153933175779e-06 6.91027096423757e-09 no_error _Scenario_16_ 750 2250 0 0.02 GF_Model_IV
0.000442853441796319 1588.28825691966 1.36847719292449e-06 6.1560884514127e-09 no_error _Scenario_16_ 750 2250 0 0.02 GF_Model_IV
0.000466903941004455 1634.21998601114 9.43028218036318e-07 8.90604497159639e-09 no_error _Scenario_16_ 750 2250 0 0.02 GF_Model_IV
0.00045132244567184 1587.26454376058 1.01374619944115e-06 7.17689903100063e-09 no_error _Scenario_16_ 750 2250 0 0.02 GF_Model_IV
0.000465705670997113 1576.36572884205 8.9859194819731e-07 7.19996695711351e-09 no_error _Scenario_16_ 750 2250 0 0.02 GF_Model_IV
0.000475679140534643 1602.12443449385 1.54651539689212e-06 8.50665977130275e-09 no_error _Scenario_16_ 750 2250 0 0.02 GF_Model_IV
0.00044618868483465 1612.01215134336 9.33430448332684e-07 6.32967480033248e-09 no_error _Scenario_16_ 750 2250 0 0.02 GF_Model_IV
0.000447222311678871 1576.80675971356 7.51398702830492e-07 5.25236855746919e-09 no_error _Scenario_16_ 750 2250 0 0.02 GF_Model_IV
0.000471374561968938 1576.01121414645 1.12575435850789e-06 9.66685279229129e-09 no_error _Scenario_16_ 750 2250 0 0.02 GF_Model_IV
0.000462732453784998 1593.09385633773 7.14526421066585e-07 6.87804399334664e-09 no_error _Scenario_16_ 750 2250 0 0.02 GF_Model_IV
0.000465575482637072 1593.00619961318 8.68575160252706e-07 8.12532075380751e-09 no_error _Scenario_16_ 750 2250 0 0.02 GF_Model_IV
0.00044366945864922 1602.28712154782 8.2650787339712e-07 7.10406523260999e-09 no_error _Scenario_16_ 750 2250 0 0.02 GF_Model_IV
0.00047059028183168 1608.76612379599 1.0045584076972e-06 7.67032524181874e-09 no_error _Scenario_16_ 750 2250 0 0.02 GF_Model_IV
0.000457952976161742 1595.97258170551 7.16826132603989e-07 7.47225118528813e-09 no_error _Scenario_16_ 750 2250 0 0.02 GF_Model_IV
0.000430244202242592 1654.75566738294 7.34213799010347e-07 5.88754131240291e-09 no_error _Scenario_16_ 750 2250 0 0.02 GF_Model_IV
0.000478001227743353 1614.76157681202 1.1588628788185e-06 9.44982755035963e-09 no_error _Scenario_16_ 750 2250 0 0.02 GF_Model_IV
0.000464791087675933 1638.21782528552 9.187551051441e-07 6.31506961478634e-09 no_error _Scenario_16_ 750 2250 0 0.02 GF_Model_IV
0.000468801757034052 1600.99553409499 8.34424367233484e-07 8.95602734122685e-09 no_error _Scenario_16_ 750 2250 0 0.02 GF_Model_IV
0.000452623050879417 1608.34090132463 1.04242360325593e-06 5.94542859705584e-09 no_error _Scenario_16_ 750 2250 0 0.02 GF_Model_IV
0.000454685100406542 1580.6722979174 1.02119304943927e-06 7.85946443807084e-09 no_error _Scenario_16_ 750 2250 0 0.02 GF_Model_IV
0.000424284287452132 1594.656645995 8.30387781901265e-07 8.10042047868165e-09 no_error _Scenario_16_ 750 2250 0 0.02 GF_Model_IV
0.000463963318973727 1616.29704223797 1.05957239521863e-06 7.41431395922613e-09 no_error _Scenario_16_ 750 2250 0 0.02 GF_Model_IV
0.000449650228681458 1640.46903512036 9.07773707171099e-07 6.87584856501067e-09 no_error _Scenario_16_ 750 2250 0 0.02 GF_Model_IV
0.000462055828374088 1581.36254555008 6.9849719836663e-07 8.3330600937441e-09 no_error _Scenario_16_ 750 2250 0 0.02 GF_Model_IV
0.000434876006478004 1628.88117936066 8.88251112438516e-07 4.83930099000669e-09 no_error _Scenario_16_ 750 2250 0 0.02 GF_Model_IV
0.000455806053184874 1619.94750836834 1.13617332915012e-06 8.88856396443822e-09 no_error _Scenario_16_ 750 2250 0 0.02 GF_Model_IV
0.000470222086831473 1565.78033399833 1.11886636752469e-06 7.99326452029887e-09 no_error _Scenario_16_ 750 2250 0 0.02 GF_Model_IV
0.000442270442232721 1577.05536745747 1.13462549966574e-06 6.82266000450067e-09 no_error _Scenario_16_ 750 2250 0 0.02 GF_Model_IV
0.000449689804788633 1587.53849696684 9.90008581762419e-07 8.58343910371244e-09 no_error _Scenario_16_ 750 2250 0 0.02 GF_Model_IV
0.000450893067768596 1600.69510288383 1.15558259673082e-06 6.44741770338195e-09 no_error _Scenario_16_ 750 2250 0 0.02 GF_Model_IV
0.000448324907910637 1599.94059414372 9.71269765860906e-07 7.54304521102745e-09 no_error _Scenario_16_ 750 2250 0 0.02 GF_Model_IV
0.0141198988860375 1442.92388132044 1.46444584684384e-08 1.19478568736461e-06 nls_error _Scenario_17_ 1500 1501 1 0.02 GF_Model_IV
0.01377315388434 1503.86588415259 -6.96744881243035e-08 1.88011004512998e-06 nls_error _Scenario_17_ 1500 1501 1 0.02 GF_Model_IV
0.0135162677819904 1438.96496154622 1.73622551724827e-07 1.30685668506228e-06 no_error _Scenario_17_ 1500 1501 1 0.02 GF_Model_IV
0.0133213041449638 1440.33170402224 8.1248893444169e-07 1.47029967659747e-06 no_error _Scenario_17_ 1500 1501 1 0.02 GF_Model_IV
0.0133153977578023 1430.74822722085 1.1374337273724e-05 1.67961206663214e-06 no_error _Scenario_17_ 1500 1501 1 0.02 GF_Model_IV
0.0132754727025204 1445.38821545128 -1.36991737515439e-06 2.15626717441243e-06 no_error _Scenario_17_ 1500 1501 1 0.02 GF_Model_IV
0.0137656925622275 1455.50537240105 7.40103964242574e-06 1.05137555070246e-06 no_error _Scenario_17_ 1500 1501 1 0.02 GF_Model_IV
0.0135257979564707 1427.16162066978 2.00701911576136e-05 1.62888797750287e-06 no_error _Scenario_17_ 1500 1501 1 0.02 GF_Model_IV
0.013730822464812 1461.28078071156 1.00647967296351e-05 2.0406801429237e-06 no_error _Scenario_17_ 1500 1501 1 0.02 GF_Model_IV
0.0136767054045317 1423.57574135765 -5.00657231206526e-06 2.19920621099962e-06 no_error _Scenario_17_ 1500 1501 1 0.02 GF_Model_IV
0.013757904196388 1466.89149212952 4.97263704885395e-06 1.51359254269265e-06 no_error _Scenario_17_ 1500 1501 1 0.02 GF_Model_IV
0.0136374636935853 1426.71291300682 -9.39806274053163e-06 1.64177768842544e-06 no_error _Scenario_17_ 1500 1501 1 0.02 GF_Model_IV
0.0132675391625103 1464.71449401813 7.9922409502482e-07 1.69953111065559e-06 no_error _Scenario_17_ 1500 1501 1 0.02 GF_Model_IV
0.0135628809081353 1420.14084882524 2.99515282784569e-06 1.40488761042934e-06 no_error _Scenario_17_ 1500 1501 1 0.02 GF_Model_IV
0.0135083124924369 1448.55932684251 -1.22888770950284e-06 1.70161333508738e-06 no_error _Scenario_17_ 1500 1501 1 0.02 GF_Model_IV
0.0136291676229541 1431.11766975165 -3.49939536607706e-06 1.52749808916521e-06 no_error _Scenario_17_ 1500 1501 1 0.02 GF_Model_IV
0.0136902923126403 1441.44151418974 -4.81525037274789e-06 1.66058003502639e-06 no_error _Scenario_17_ 1500 1501 1 0.02 GF_Model_IV
0.0137370954935452 1454.03889812563 -8.52059282906349e-07 1.81800475715849e-06 no_error _Scenario_17_ 1500 1501 1 0.02 GF_Model_IV
0.0136333159096551 1456.15117772271 -1.06169769696698e-06 1.92483669530161e-06 no_error _Scenario_17_ 1500 1501 1 0.02 GF_Model_IV
0.0137501436139626 1430.67659028974 4.84421543048318e-06 1.52699478266201e-06 no_error _Scenario_17_ 1500 1501 1 0.02 GF_Model_IV
0.0131372835574384 1465.7433566145 -1.71679511951282e-06 1.59106088344438e-06 no_error _Scenario_17_ 1500 1501 1 0.02 GF_Model_IV
0.0137026807306532 1431.85141984371 2.07822123133742e-06 1.60943577367994e-06 no_error _Scenario_17_ 1500 1501 1 0.02 GF_Model_IV
0.0137159704033471 1432.82301301122 1.71684642780985e-05 1.5255752068754e-06 no_error _Scenario_17_ 1500 1501 1 0.02 GF_Model_IV
0.0132777936618252 1456.84473281992 -3.00374822463097e-06 1.01757747693186e-06 no_error _Scenario_17_ 1500 1501 1 0.02 GF_Model_IV
0.0134624601622269 1400.45453114017 3.79323209537871e-06 1.83216147199843e-06 no_error _Scenario_17_ 1500 1501 1 0.02 GF_Model_IV
0.0137666842036344 1477.12118135606 -1.98826545661176e-06 1.28173759875455e-06 no_error _Scenario_17_ 1500 1501 1 0.02 GF_Model_IV
0.0135465171681524 1465.33741243856 -3.3818522222548e-06 1.41508246072125e-06 no_error _Scenario_17_ 1500 1501 1 0.02 GF_Model_IV
0.0135713913772533 1446.14771871485 2.47674391284913e-06 1.10500404741585e-06 no_error _Scenario_17_ 1500 1501 1 0.02 GF_Model_IV
0.0138253293651782 1423.62232295574 -5.02569227150529e-06 1.60329595590975e-06 no_error _Scenario_17_ 1500 1501 1 0.02 GF_Model_IV
0.0134040785583958 1453.1645027274 1.16935543387277e-05 1.96229630181877e-06 no_error _Scenario_17_ 1500 1501 1 0.02 GF_Model_IV
0.0137084332366759 1474.68773380208 2.5154513134796e-07 9.90867693439915e-07 no_error _Scenario_17_ 1500 1501 1 0.02 GF_Model_IV
0.0135784609537514 1463.642860929 2.89482238113315e-06 1.69722788219545e-06 no_error _Scenario_17_ 1500 1501 1 0.02 GF_Model_IV
0.0136375654480473 1482.34847200527 5.26314745762997e-06 2.2747107066772e-06 no_error _Scenario_17_ 1500 1501 1 0.02 GF_Model_IV
0.0141277349696785 1456.70289756282 -9.07579876287156e-06 1.43109073471394e-06 no_error _Scenario_17_ 1500 1501 1 0.02 GF_Model_IV
0.0134856466816788 1427.13979253642 -4.41737083238281e-06 1.75724576586581e-06 no_error _Scenario_17_ 1500 1501 1 0.02 GF_Model_IV
0.0132551078347736 1398.25785366891 3.05951253635562e-06 2.0237588469254e-06 no_error _Scenario_17_ 1500 1501 1 0.02 GF_Model_IV
0.013326699733371 1461.3757634474 1.22095005454721e-05 1.79297076873905e-06 no_error _Scenario_17_ 1500 1501 1 0.02 GF_Model_IV
0.0137894099283691 1453.57985407076 8.53397972958887e-06 1.89449035979241e-06 no_error _Scenario_17_ 1500 1501 1 0.02 GF_Model_IV
0.0134383183546111 1455.71936310725 3.47802545001936e-06 1.22384255049748e-06 no_error _Scenario_17_ 1500 1501 1 0.02 GF_Model_IV
0.0136406174085676 1460.85374025428 2.32505327221202e-05 1.47052371050352e-06 no_error _Scenario_17_ 1500 1501 1 0.02 GF_Model_IV
0.0134680911111641 1458.88001380908 1.16089466756621e-05 1.15666210891529e-06 no_error _Scenario_17_ 1500 1501 1 0.02 GF_Model_IV
0.0133872397361956 1461.8006144756 4.57130040776081e-06 1.39494430906081e-06 no_error _Scenario_17_ 1500 1501 1 0.02 GF_Model_IV
0.0137281488677632 1442.82157838358 8.73525782478746e-06 1.14579367497063e-06 no_error _Scenario_17_ 1500 1501 1 0.02 GF_Model_IV
0.0135464705800604 1424.96939887565 -5.14549141507472e-07 2.13478805495594e-06 no_error _Scenario_17_ 1500 1501 1 0.02 GF_Model_IV
0.013964155707574 1466.64080595394 -7.96489387998468e-06 1.34817837528464e-06 no_error _Scenario_17_ 1500 1501 1 0.02 GF_Model_IV
0.0136026517401989 1451.39450549561 -2.69915458762374e-06 8.31678224569377e-07 no_error _Scenario_17_ 1500 1501 1 0.02 GF_Model_IV
0.0132733394487699 1403.87786060209 -1.85185009405478e-06 1.58051434446985e-06 no_error _Scenario_17_ 1500 1501 1 0.02 GF_Model_IV
0.0138984347873574 1471.78146384567 7.95588293607188e-06 9.55587428389245e-07 no_error _Scenario_17_ 1500 1501 1 0.02 GF_Model_IV
0.0135642982459626 1461.84197908058 1.11698699545267e-05 1.70704107289957e-06 no_error _Scenario_17_ 1500 1501 1 0.02 GF_Model_IV
0.0138353856360622 1435.08358244871 -2.57490237134835e-06 1.45936512342718e-06 no_error _Scenario_17_ 1500 1501 1 0.02 GF_Model_IV
0.0133987539210107 1427.50648635899 -2.26996311695043e-06 1.25672366662739e-06 no_error _Scenario_17_ 1500 1501 1 0.02 GF_Model_IV
0.0134367490374579 1454.60169686243 1.18676492765196e-05 1.25454220410816e-06 no_error _Scenario_17_ 1500 1501 1 0.02 GF_Model_IV
0.0132911142489434 1442.69806440982 -4.11622655069935e-06 1.66588314218259e-06 no_error _Scenario_17_ 1500 1501 1 0.02 GF_Model_IV
0.0134926365947837 1436.93384278281 1.45054151447657e-05 1.33092922640815e-06 no_error _Scenario_17_ 1500 1501 1 0.02 GF_Model_IV
0.0132733500637827 1435.71784166172 -2.57280414688419e-06 1.31186040446803e-06 no_error _Scenario_17_ 1500 1501 1 0.02 GF_Model_IV
0.01358286309119 1462.01130377986 1.19861737782936e-05 1.32837965453141e-06 no_error _Scenario_17_ 1500 1501 1 0.02 GF_Model_IV
0.0133340225557828 1473.47916983733 -1.46478972806285e-06 1.23116344636049e-06 no_error _Scenario_17_ 1500 1501 1 0.02 GF_Model_IV
0.0134881514801771 1434.97201803971 1.01798788442792e-05 1.87996187948543e-06 no_error _Scenario_17_ 1500 1501 1 0.02 GF_Model_IV
0.0138251326980702 1459.24050907337 1.32540185718913e-05 1.98487883753862e-06 no_error _Scenario_17_ 1500 1501 1 0.02 GF_Model_IV
0.0133408576874855 1433.68844061422 2.67321827944334e-05 1.43192918593272e-06 no_error _Scenario_17_ 1500 1501 1 0.02 GF_Model_IV
0.0132331267670215 1410.57735802075 5.78966309008424e-06 2.23818808062878e-06 no_error _Scenario_17_ 1500 1501 1 0.02 GF_Model_IV
0.0138862834107643 1474.27183065988 1.33999399274492e-05 1.76477622514398e-06 no_error _Scenario_17_ 1500 1501 1 0.02 GF_Model_IV
0.0137709483991522 1457.73153791957 -1.46255711364564e-05 1.22766389762257e-06 no_error _Scenario_17_ 1500 1501 1 0.02 GF_Model_IV
0.0133695780971041 1447.18646074163 -6.59897382302883e-07 1.32336760794581e-06 no_error _Scenario_17_ 1500 1501 1 0.02 GF_Model_IV
0.0133016749707677 1438.40795960497 -2.78491797423718e-06 1.14596993670922e-06 no_error _Scenario_17_ 1500 1501 1 0.02 GF_Model_IV
0.0136171913504877 1446.18374615476 -6.78598474339416e-06 1.35575481255394e-06 no_error _Scenario_17_ 1500 1501 1 0.02 GF_Model_IV
0.0136649115652077 1414.63830224693 4.81457651534498e-06 1.54598898290167e-06 no_error _Scenario_17_ 1500 1501 1 0.02 GF_Model_IV
0.0134746378294877 1475.11709963538 6.87037808209761e-06 1.10273816085132e-06 no_error _Scenario_17_ 1500 1501 1 0.02 GF_Model_IV
0.0135544598629351 1443.04260573705 7.64244011651266e-06 1.63258365619933e-06 no_error _Scenario_17_ 1500 1501 1 0.02 GF_Model_IV
0.0137307242203985 1454.37364267053 6.03232680032296e-06 1.78136712751061e-06 no_error _Scenario_17_ 1500 1501 1 0.02 GF_Model_IV
0.0138866768525324 1485.69449599306 -7.40626091790464e-06 1.40482607603366e-06 no_error _Scenario_17_ 1500 1501 1 0.02 GF_Model_IV
0.0133174421721142 1403.83701072954 -6.45650532560591e-06 1.51730273216203e-06 no_error _Scenario_17_ 1500 1501 1 0.02 GF_Model_IV
0.0135246693645899 1469.45933894195 9.42186649306977e-06 1.31770903495982e-06 no_error _Scenario_17_ 1500 1501 1 0.02 GF_Model_IV
0.0138204085778238 1423.72538638313 -1.05101882590262e-05 1.48355667500416e-06 no_error _Scenario_17_ 1500 1501 1 0.02 GF_Model_IV
0.0138631573725569 1462.29999061152 6.31320616604264e-07 1.1282307182773e-06 no_error _Scenario_17_ 1500 1501 1 0.02 GF_Model_IV
0.0135136990569797 1444.65775889293 5.77137451878436e-06 9.20467917214158e-07 no_error _Scenario_17_ 1500 1501 1 0.02 GF_Model_IV
0.0137256628890336 1440.21190494285 4.7299863720352e-06 1.40752908158279e-06 no_error _Scenario_17_ 1500 1501 1 0.02 GF_Model_IV
0.0139074658827295 1438.16732921691 -4.91905860377567e-07 9.78938208456465e-07 no_error _Scenario_17_ 1500 1501 1 0.02 GF_Model_IV
0.0132868162903173 1450.22988074145 1.56053639871201e-05 2.40364449813805e-06 no_error _Scenario_17_ 1500 1501 1 0.02 GF_Model_IV
0.013284564847958 1442.03750352868 5.8855215243253e-06 1.49586974714692e-06 no_error _Scenario_17_ 1500 1501 1 0.02 GF_Model_IV
0.0136179189511805 1460.02438010968 -1.09041374721804e-05 1.67986554702795e-06 no_error _Scenario_17_ 1500 1501 1 0.02 GF_Model_IV
0.0140938515730901 1421.28407257811 -1.81199616743674e-05 2.27121558821906e-06 no_error _Scenario_17_ 1500 1501 1 0.02 GF_Model_IV
0.0137290587526658 1434.95411263107 -8.99716452332114e-06 1.53735577288831e-06 no_error _Scenario_17_ 1500 1501 1 0.02 GF_Model_IV
0.0131916417241903 1457.71545909436 2.02577342570423e-06 8.71914911856028e-07 no_error _Scenario_17_ 1500 1501 1 0.02 GF_Model_IV
0.013394708426377 1409.02088809309 4.58773788207029e-06 2.5400443677141e-06 no_error _Scenario_17_ 1500 1501 1 0.02 GF_Model_IV
0.0132740993090208 1460.88158012326 2.46115365470257e-05 1.52503788472655e-06 no_error _Scenario_17_ 1500 1501 1 0.02 GF_Model_IV
0.0135465366099779 1458.32087900477 8.5286003994704e-06 1.79244696507775e-06 no_error _Scenario_17_ 1500 1501 1 0.02 GF_Model_IV
0.013600782452756 1429.34519439051 1.42222846261151e-05 2.09186302195682e-06 no_error _Scenario_17_ 1500 1501 1 0.02 GF_Model_IV
0.0136266906980698 1439.52688729658 1.14934492640402e-05 1.69845900358746e-06 no_error _Scenario_17_ 1500 1501 1 0.02 GF_Model_IV
0.0135358344099406 1439.59594801685 4.62222151598414e-06 1.31643308072143e-06 no_error _Scenario_17_ 1500 1501 1 0.02 GF_Model_IV
0.0137308025431466 1431.39590493769 -1.38673652179992e-05 9.71751033953959e-07 no_error _Scenario_17_ 1500 1501 1 0.02 GF_Model_IV
0.013440878089882 1436.49930247308 -1.76550666330426e-05 1.12031594850348e-06 no_error _Scenario_17_ 1500 1501 1 0.02 GF_Model_IV
0.0135452665738243 1462.51566916771 3.29494536374004e-06 1.19270119468964e-06 no_error _Scenario_17_ 1500 1501 1 0.02 GF_Model_IV
0.0136762985094618 1423.4549983781 -4.83698111570779e-06 1.65843536857123e-06 no_error _Scenario_17_ 1500 1501 1 0.02 GF_Model_IV
0.0133616756550767 1429.70703071041 6.73163921540846e-06 1.89897120298446e-06 no_error _Scenario_17_ 1500 1501 1 0.02 GF_Model_IV
0.0135511131098888 1466.83806648366 1.23344377896181e-06 1.50131645827518e-06 no_error _Scenario_17_ 1500 1501 1 0.02 GF_Model_IV
0.0137389781652169 1466.48534908652 1.40325229034517e-05 1.46395918580477e-06 no_error _Scenario_17_ 1500 1501 1 0.02 GF_Model_IV
0.0136542781606328 1435.276729968 -3.85071753584771e-06 1.8530305060036e-06 no_error _Scenario_17_ 1500 1501 1 0.02 GF_Model_IV
0.0135199722889257 1447.53085302822 6.74990203224726e-06 1.24784112872304e-06 no_error _Scenario_17_ 1500 1501 1 0.02 GF_Model_IV
0.0135072537422657 1445.87164620746 1.29821303816562e-05 1.86027228523578e-06 no_error _Scenario_17_ 1500 1501 1 0.02 GF_Model_IV
0.0127366840338945 1369.70813054991 2.55156702258842e-05 2.16207863784649e-06 no_error _Scenario_18_ 750 2250 1 0.02 GF_Model_IV
0.012505902115611 1409.33224719586 1.89266082702952e-05 2.25004878231412e-06 no_error _Scenario_18_ 750 2250 1 0.02 GF_Model_IV
0.0126600453365179 1357.65743884621 1.09387503917452e-05 2.22396475804647e-06 no_error _Scenario_18_ 750 2250 1 0.02 GF_Model_IV
0.0127293141936039 1357.7760546001 1.97150543232509e-05 2.51058504915125e-06 no_error _Scenario_18_ 750 2250 1 0.02 GF_Model_IV
0.0127439175787747 1369.20278387593 -4.4329399719926e-06 1.5857557841914e-06 no_error _Scenario_18_ 750 2250 1 0.02 GF_Model_IV
0.0129416641144815 1390.42398471726 2.2718721649655e-05 2.75342006676088e-06 no_error _Scenario_18_ 750 2250 1 0.02 GF_Model_IV
0.013030558613166 1359.57136761507 1.20596624456224e-05 2.51459755565713e-06 no_error _Scenario_18_ 750 2250 1 0.02 GF_Model_IV
0.0126358186247426 1384.91610399481 2.22202204599134e-05 2.28783666108371e-06 no_error _Scenario_18_ 750 2250 1 0.02 GF_Model_IV
0.012943801051488 1387.79946815924 2.17731595467274e-05 2.44469550665827e-06 no_error _Scenario_18_ 750 2250 1 0.02 GF_Model_IV
0.0126461017007112 1384.01808609002 3.16064271485071e-05 2.40127383413341e-06 no_error _Scenario_18_ 750 2250 1 0.02 GF_Model_IV
0.0128027011590439 1341.84073976156 5.7221133676996e-06 2.23497589909326e-06 no_error _Scenario_18_ 750 2250 1 0.02 GF_Model_IV
0.0128211431976676 1372.62196118726 9.60268203324134e-06 2.18108399439115e-06 no_error _Scenario_18_ 750 2250 1 0.02 GF_Model_IV
0.0124339425666487 1378.45616219402 2.3261510751052e-05 3.56121394013612e-06 no_error _Scenario_18_ 750 2250 1 0.02 GF_Model_IV
0.0128565817928413 1338.62073434363 1.44663103483032e-05 2.80850756454446e-06 no_error _Scenario_18_ 750 2250 1 0.02 GF_Model_IV
0.0128051971108286 1354.69121160521 1.22953091748403e-05 1.82834548089281e-06 no_error _Scenario_18_ 750 2250 1 0.02 GF_Model_IV
0.012350767839623 1333.83667503143 6.15670600676807e-06 3.43485246702617e-06 no_error _Scenario_18_ 750 2250 1 0.02 GF_Model_IV
0.0128420693492868 1349.06891160873 2.67275187802254e-07 3.2244746804766e-06 nls_error _Scenario_18_ 750 2250 1 0.02 GF_Model_IV
0.0124355354100954 1369.90627560497 1.71125345032429e-05 2.34219677584002e-06 no_error _Scenario_18_ 750 2250 1 0.02 GF_Model_IV
0.0124036333592727 1366.11421353324 1.72844302580108e-05 3.55035196324327e-06 no_error _Scenario_18_ 750 2250 1 0.02 GF_Model_IV
0.0125980530951705 1394.13850432544 2.08893042293089e-05 2.27024014405281e-06 no_error _Scenario_18_ 750 2250 1 0.02 GF_Model_IV
0.0128077459885904 1383.35613780236 2.74651291457657e-05 2.29465839442732e-06 no_error _Scenario_18_ 750 2250 1 0.02 GF_Model_IV
0.0128110311099742 1354.54161386566 1.88961468743083e-05 3.82468769699755e-06 no_error _Scenario_18_ 750 2250 1 0.02 GF_Model_IV
0.0129612965884621 1365.55609710035 2.76966654429628e-05 2.77174242391154e-06 no_error _Scenario_18_ 750 2250 1 0.02 GF_Model_IV
0.012932074886114 1409.99046321065 1.09438657290891e-05 2.02536153241876e-06 no_error _Scenario_18_ 750 2250 1 0.02 GF_Model_IV
0.0126167749444734 1350.90504463108 2.39414771955284e-05 3.37238231071918e-06 no_error _Scenario_18_ 750 2250 1 0.02 GF_Model_IV
0.0126784068371982 1379.69944220907 2.13554686086007e-05 2.21653201581672e-06 no_error _Scenario_18_ 750 2250 1 0.02 GF_Model_IV
0.0126483253017217 1387.96213700338 2.15965231071757e-05 2.58422645077338e-06 no_error _Scenario_18_ 750 2250 1 0.02 GF_Model_IV
0.0128165427622527 1384.33777739724 1.5803011452025e-05 2.00106177974093e-06 no_error _Scenario_18_ 750 2250 1 0.02 GF_Model_IV
0.0125013810201265 1389.51514424824 2.89595707907538e-05 2.67459166743984e-06 no_error _Scenario_18_ 750 2250 1 0.02 GF_Model_IV
0.0126956331313012 1386.49608179095 2.63345968734854e-05 2.87609968996132e-06 no_error _Scenario_18_ 750 2250 1 0.02 GF_Model_IV
0.0127611822679919 1392.95833052193 7.83220252514496e-06 2.20671669201008e-06 no_error _Scenario_18_ 750 2250 1 0.02 GF_Model_IV
0.0130651629281155 1400.10944522255 4.16726307647696e-06 2.11658236390172e-06 no_error _Scenario_18_ 750 2250 1 0.02 GF_Model_IV
0.012849360824899 1403.95664727133 2.28094957313719e-05 3.10225299642483e-06 no_error _Scenario_18_ 750 2250 1 0.02 GF_Model_IV
0.0129519170203235 1369.50471892055 1.75037397253966e-05 3.17021896739808e-06 no_error _Scenario_18_ 750 2250 1 0.02 GF_Model_IV
0.0124816851483703 1343.83738229618 1.32630686296198e-05 2.73906543504923e-06 no_error _Scenario_18_ 750 2250 1 0.02 GF_Model_IV
0.0130984345685337 1377.25011328494 1.83525855961688e-05 3.33676876020565e-06 no_error _Scenario_18_ 750 2250 1 0.02 GF_Model_IV
0.0125479061884803 1359.06904288563 2.52216462267099e-05 4.39420946829752e-06 no_error _Scenario_18_ 750 2250 1 0.02 GF_Model_IV
0.0130087069950616 1389.29533122267 7.75042725011352e-06 2.55685899285321e-06 no_error _Scenario_18_ 750 2250 1 0.02 GF_Model_IV
0.0125772303796618 1360.99517935196 1.81998541332876e-05 1.88271823983698e-06 no_error _Scenario_18_ 750 2250 1 0.02 GF_Model_IV
0.0125973812167701 1383.6465398386 1.53060293473987e-05 3.62091358168391e-06 no_error _Scenario_18_ 750 2250 1 0.02 GF_Model_IV
0.0129725193462815 1360.37584885421 6.11778491068014e-06 2.11442068605992e-06 no_error _Scenario_18_ 750 2250 1 0.02 GF_Model_IV
0.0127298831629943 1358.73945338052 2.04979424529256e-05 2.7662406051711e-06 no_error _Scenario_18_ 750 2250 1 0.02 GF_Model_IV
0.0129218431174479 1366.97765408059 2.74173114675331e-05 2.00563495160766e-06 no_error _Scenario_18_ 750 2250 1 0.02 GF_Model_IV
0.012673392998642 1358.93493407956 2.42181908192132e-05 2.53716882547466e-06 no_error _Scenario_18_ 750 2250 1 0.02 GF_Model_IV
0.0129388792276513 1389.84190132056 3.32391564643826e-05 2.94303374995842e-06 no_error _Scenario_18_ 750 2250 1 0.02 GF_Model_IV
0.0126004490470531 1355.30937389896 2.22104858025782e-05 2.46538547433337e-06 no_error _Scenario_18_ 750 2250 1 0.02 GF_Model_IV
0.0126083558619313 1350.42975497283 1.5278288462686e-05 3.05404819497507e-06 no_error _Scenario_18_ 750 2250 1 0.02 GF_Model_IV
0.0129395166244136 1385.14170712503 2.4050864787669e-05 2.82114869861172e-06 no_error _Scenario_18_ 750 2250 1 0.02 GF_Model_IV
0.0128542027202075 1386.71348127282 1.59680319472022e-05 1.58329107977711e-06 no_error _Scenario_18_ 750 2250 1 0.02 GF_Model_IV
0.0125680222416982 1394.02176863115 2.30203616784382e-05 2.1588006931662e-06 no_error _Scenario_18_ 750 2250 1 0.02 GF_Model_IV
0.0127823957509968 1406.72176639072 8.6805383565742e-06 2.29336200730448e-06 no_error _Scenario_18_ 750 2250 1 0.02 GF_Model_IV
0.012593821780343 1382.24249914168 1.49670902695086e-05 2.62371404588131e-06 no_error _Scenario_18_ 750 2250 1 0.02 GF_Model_IV
0.0126128254460846 1382.94965129907 2.24188697674718e-05 2.62403267820614e-06 no_error _Scenario_18_ 750 2250 1 0.02 GF_Model_IV
0.0128868373458197 1369.88027383242 1.20882677859184e-05 1.82254477562165e-06 no_error _Scenario_18_ 750 2250 1 0.02 GF_Model_IV
0.012750453622577 1384.09778221331 2.21581510217795e-05 2.45543401570707e-06 no_error _Scenario_18_ 750 2250 1 0.02 GF_Model_IV
0.0124303428914993 1368.68205693144 2.05536375291993e-05 2.5241404818095e-06 no_error _Scenario_18_ 750 2250 1 0.02 GF_Model_IV
0.0127054542230159 1383.85131482765 1.11247208684489e-05 3.51009942026909e-06 no_error _Scenario_18_ 750 2250 1 0.02 GF_Model_IV
0.0124383219063254 1352.59697016436 1.26239441595145e-05 1.59887031596292e-06 no_error _Scenario_18_ 750 2250 1 0.02 GF_Model_IV
0.0126670171890798 1342.02554073103 2.10724247444948e-05 2.77961109066224e-06 no_error _Scenario_18_ 750 2250 1 0.02 GF_Model_IV
0.0127398224403999 1385.64616458741 1.23089699252367e-05 2.16805304655706e-06 no_error _Scenario_18_ 750 2250 1 0.02 GF_Model_IV
0.0128903279274033 1365.22696154029 1.74873870756572e-05 1.3298968000802e-06 no_error _Scenario_18_ 750 2250 1 0.02 GF_Model_IV
0.0125338181173697 1366.14882999539 1.40303903996694e-05 3.91218144437887e-06 no_error _Scenario_18_ 750 2250 1 0.02 GF_Model_IV
0.0124781259704091 1394.19571776197 3.0255560644961e-05 2.25655711781599e-06 no_error _Scenario_18_ 750 2250 1 0.02 GF_Model_IV
0.0129251893580796 1366.73852449407 2.7003785750632e-05 3.00246826252171e-06 no_error _Scenario_18_ 750 2250 1 0.02 GF_Model_IV
0.0127320647960087 1380.41354181689 1.86372737330109e-05 2.57655020540513e-06 no_error _Scenario_18_ 750 2250 1 0.02 GF_Model_IV
0.0131162033830991 1361.62081425598 2.44009837175676e-05 3.02066113182108e-06 no_error _Scenario_18_ 750 2250 1 0.02 GF_Model_IV
0.0124581866865391 1340.97700633843 2.9802115997099e-05 2.7080048124399e-06 no_error _Scenario_18_ 750 2250 1 0.02 GF_Model_IV
0.0122643770814403 1368.78057025654 2.36347244592173e-05 2.93178616652854e-06 no_error _Scenario_18_ 750 2250 1 0.02 GF_Model_IV
0.0125999272499703 1363.75986009495 2.10276462069831e-05 2.80829163872002e-06 no_error _Scenario_18_ 750 2250 1 0.02 GF_Model_IV
0.0126277971459292 1401.84238281593 1.04542228067422e-05 3.02295266201313e-06 no_error _Scenario_18_ 750 2250 1 0.02 GF_Model_IV
0.0131088028699329 1391.17870706118 2.94967703837253e-05 2.83610038640134e-06 no_error _Scenario_18_ 750 2250 1 0.02 GF_Model_IV
0.0125706673380429 1366.69671918618 2.16169468385169e-05 2.36018489044254e-06 no_error _Scenario_18_ 750 2250 1 0.02 GF_Model_IV
0.0127623507936365 1369.66419469257 7.82561320590181e-06 3.00574490195856e-06 no_error _Scenario_18_ 750 2250 1 0.02 GF_Model_IV
0.0130986278677532 1388.96676371917 7.44580750864971e-06 3.2416386766344e-06 no_error _Scenario_18_ 750 2250 1 0.02 GF_Model_IV
0.0123180146792206 1324.7234936216 1.49337669419805e-05 4.96322572585943e-06 no_error _Scenario_18_ 750 2250 1 0.02 GF_Model_IV
0.0127388151418541 1399.86193125284 3.04016922881651e-05 3.88493481054391e-06 no_error _Scenario_18_ 750 2250 1 0.02 GF_Model_IV
0.0130522878071152 1390.19281940845 3.88482510466268e-06 2.49491691064293e-06 no_error _Scenario_18_ 750 2250 1 0.02 GF_Model_IV
0.0128841780657043 1389.71220932925 1.64266480027573e-05 1.92934878119233e-06 no_error _Scenario_18_ 750 2250 1 0.02 GF_Model_IV
0.0128450103878647 1378.81233959393 3.01653221253731e-06 2.13450926353588e-06 no_error _Scenario_18_ 750 2250 1 0.02 GF_Model_IV
0.0127914040906591 1392.3452821531 7.68313831287835e-06 3.16482970453136e-06 no_error _Scenario_18_ 750 2250 1 0.02 GF_Model_IV
0.01265483688172 1401.22198330822 1.6433585931003e-05 1.78159476630901e-06 no_error _Scenario_18_ 750 2250 1 0.02 GF_Model_IV
0.0125861232283314 1338.23306773621 1.90977870709103e-05 3.08532689627409e-06 no_error _Scenario_18_ 750 2250 1 0.02 GF_Model_IV
0.0124087578545295 1379.29033147984 1.82047936514972e-05 1.95595797149923e-06 no_error _Scenario_18_ 750 2250 1 0.02 GF_Model_IV
0.0127236800036136 1379.01585042189 2.77914234059816e-05 2.82703648322871e-06 no_error _Scenario_18_ 750 2250 1 0.02 GF_Model_IV
0.0127654758428554 1393.48862167868 2.25197118322241e-05 2.3412905325712e-06 no_error _Scenario_18_ 750 2250 1 0.02 GF_Model_IV
0.0125893822851244 1409.1332031201 1.89077416552677e-05 2.73527984828167e-06 no_error _Scenario_18_ 750 2250 1 0.02 GF_Model_IV
0.012733173433836 1365.16888139416 1.6168495592896e-05 3.68220146202906e-06 no_error _Scenario_18_ 750 2250 1 0.02 GF_Model_IV
0.0126935997667515 1341.31590084726 2.28944162528142e-05 3.06620175294081e-06 no_error _Scenario_18_ 750 2250 1 0.02 GF_Model_IV
0.0131135280453831 1402.8288698779 9.020818241761e-06 2.45141399847202e-06 no_error _Scenario_18_ 750 2250 1 0.02 GF_Model_IV
0.0124868701519845 1373.16504275075 1.38583087560342e-05 3.06676373180103e-06 no_error _Scenario_18_ 750 2250 1 0.02 GF_Model_IV
0.01297694069759 1347.42184039052 6.96213955529739e-06 2.25206200842382e-06 no_error _Scenario_18_ 750 2250 1 0.02 GF_Model_IV
0.012916994820241 1398.8576871464 7.18992520432779e-06 3.09552663214516e-06 no_error _Scenario_18_ 750 2250 1 0.02 GF_Model_IV
0.0129893716065966 1416.54955263041 1.21501698864475e-05 2.58187099045736e-06 no_error _Scenario_18_ 750 2250 1 0.02 GF_Model_IV
0.0125494636686099 1360.04132609742 4.56179159293357e-06 2.60282104099346e-06 no_error _Scenario_18_ 750 2250 1 0.02 GF_Model_IV
0.0127229116123191 1385.71783177716 1.9850648161223e-05 2.48211318641881e-06 no_error _Scenario_18_ 750 2250 1 0.02 GF_Model_IV
0.0123368754286361 1332.75027369293 2.83747666992202e-05 2.33222744207654e-06 no_error _Scenario_18_ 750 2250 1 0.02 GF_Model_IV
0.0131879565441916 1411.1007776053 2.23413017253043e-05 1.40961600922976e-06 no_error _Scenario_18_ 750 2250 1 0.02 GF_Model_IV
0.012622788029874 1400.25499408548 2.7937405125163e-05 2.72129652119429e-06 no_error _Scenario_18_ 750 2250 1 0.02 GF_Model_IV
0.0126670774368454 1378.22948170324 1.42724677580587e-05 3.09514170148725e-06 no_error _Scenario_18_ 750 2250 1 0.02 GF_Model_IV
0.0128070819499571 1408.23568842631 1.6177786571279e-05 2.76184839627917e-06 no_error _Scenario_18_ 750 2250 1 0.02 GF_Model_IV
