0.000799583797885452 687.646914013237 5.33058715969517e-05 1.10661425934896e-07 no_error _Recombination_Map_Scenario_1_ 1500 1501 0 0.05 GF_Model_IV
0.000800068679766933 660.080822562587 0.000135809478915992 1.46656298883107e-07 no_error _Recombination_Map_Scenario_1_ 1500 1501 0 0.05 GF_Model_IV
0.000841098856351913 551.729363422953 0.000163601951605331 2.8789078442174e-07 no_error _Recombination_Map_Scenario_1_ 1500 1501 0 0.05 GF_Model_IV
0.000846852333887909 648.885675167735 0.000482067767702974 1.92774356225098e-07 no_error _Recombination_Map_Scenario_1_ 1500 1501 0 0.05 GF_Model_IV
0.000760454101744875 518.181815520933 0.00136057074785798 2.5821023685304e-07 no_error _Recombination_Map_Scenario_1_ 1500 1501 0 0.05 GF_Model_IV
0.000710908195270292 551.696819614556 0.000486025124413057 1.76842781165144e-07 no_error _Recombination_Map_Scenario_1_ 1500 1501 0 0.05 GF_Model_IV
0.000810199944420197 594.351085935114 0.000725304710845674 1.86564065452924e-07 no_error _Recombination_Map_Scenario_1_ 1500 1501 0 0.05 GF_Model_IV
0.000779593992380635 632.030685969078 0.000481374075463466 2.16097652765162e-07 no_error _Recombination_Map_Scenario_1_ 1500 1501 0 0.05 GF_Model_IV
0.000841299942021706 564.286485357349 0.00135872052984835 2.83534042445295e-07 no_error _Recombination_Map_Scenario_1_ 1500 1501 0 0.05 GF_Model_IV
0.000878722267949863 667.947626540968 0.000133948851774967 1.88001772251778e-07 no_error _Recombination_Map_Scenario_1_ 1500 1501 0 0.05 GF_Model_IV
0.00073063371087344 493.316791087666 0.00123882281725754 5.33362541325828e-07 no_error _Recombination_Map_Scenario_1_ 1500 1501 0 0.05 GF_Model_IV
0.000783427987013468 629.775982952328 0.000252613455313891 1.57889601098215e-07 no_error _Recombination_Map_Scenario_1_ 1500 1501 0 0.05 GF_Model_IV
0.000895029183015067 555.109709162942 0.00160754586943492 4.11206555503734e-07 no_error _Recombination_Map_Scenario_1_ 1500 1501 0 0.05 GF_Model_IV
0.000843765488701355 683.352141276818 0.000355394960213955 1.95456604062231e-07 no_error _Recombination_Map_Scenario_1_ 1500 1501 0 0.05 GF_Model_IV
0.000776651398142069 662.356663586948 0.000164112109751103 1.69932315264603e-07 no_error _Recombination_Map_Scenario_1_ 1500 1501 0 0.05 GF_Model_IV
0.000817630619967777 615.424807934853 0.000552168184577123 1.82465525332085e-07 no_error _Recombination_Map_Scenario_1_ 1500 1501 0 0.05 GF_Model_IV
0.000787354661300604 662.100591661077 0.000100614357991436 1.70543205906957e-07 no_error _Recombination_Map_Scenario_1_ 1500 1501 0 0.05 GF_Model_IV
0.000884092254578622 679.262431120034 0.000204278750238787 1.22408313449902e-07 no_error _Recombination_Map_Scenario_1_ 1500 1501 0 0.05 GF_Model_IV
0.000778647768542898 656.115556950333 0.000179142268280114 1.41560852806842e-07 no_error _Recombination_Map_Scenario_1_ 1500 1501 0 0.05 GF_Model_IV
0.000842792649288224 623.091339436813 0.000430185967205572 2.25036256115484e-07 no_error _Recombination_Map_Scenario_1_ 1500 1501 0 0.05 GF_Model_IV
0.000757943931400611 718.441563746549 0.000152331981641447 1.58813307439505e-07 no_error _Recombination_Map_Scenario_1_ 1500 1501 0 0.05 GF_Model_IV
0.000884101803757207 713.354141677141 0.000153834413810545 1.34037973846313e-07 no_error _Recombination_Map_Scenario_1_ 1500 1501 0 0.05 GF_Model_IV
0.000809924512579441 681.228247770789 0.00019950496519976 2.29842773483338e-07 no_error _Recombination_Map_Scenario_1_ 1500 1501 0 0.05 GF_Model_IV
0.000809528759773162 660.455002451284 0.000148381162327765 1.42503895271225e-07 no_error _Recombination_Map_Scenario_1_ 1500 1501 0 0.05 GF_Model_IV
0.000765312296279234 642.179915225747 0.000385863128809147 1.5904290645897e-07 no_error _Recombination_Map_Scenario_1_ 1500 1501 0 0.05 GF_Model_IV
0.000780855722835656 701.210557677142 0.000250511056817726 1.55901973123426e-07 no_error _Recombination_Map_Scenario_1_ 1500 1501 0 0.05 GF_Model_IV
0.000867820861670301 686.732973896939 0.000340973322202237 1.9364028419031e-07 no_error _Recombination_Map_Scenario_1_ 1500 1501 0 0.05 GF_Model_IV
0.000760009575338331 584.224276478824 0.000153020981936556 1.44412559931726e-07 no_error _Recombination_Map_Scenario_1_ 1500 1501 0 0.05 GF_Model_IV
0.000822032277162316 638.592571643189 0.000415871795521879 2.06875485345678e-07 no_error _Recombination_Map_Scenario_1_ 1500 1501 0 0.05 GF_Model_IV
0.000761113037417642 647.079084986262 0.000205943815385329 1.9313606762559e-07 no_error _Recombination_Map_Scenario_1_ 1500 1501 0 0.05 GF_Model_IV
0.000850798475137969 580.848598788622 0.00014734460442797 2.67544908541433e-07 no_error _Recombination_Map_Scenario_1_ 1500 1501 0 0.05 GF_Model_IV
0.000817006566198564 652.278127505966 0.000444533756023925 1.54831874787719e-07 no_error _Recombination_Map_Scenario_1_ 1500 1501 0 0.05 GF_Model_IV
0.000887872699703812 668.680417133203 0.000243517801435315 2.66464142371399e-07 no_error _Recombination_Map_Scenario_1_ 1500 1501 0 0.05 GF_Model_IV
0.000751430360726952 536.721108092842 0.000506677396007623 2.35112884943185e-07 no_error _Recombination_Map_Scenario_1_ 1500 1501 0 0.05 GF_Model_IV
0.000683565316361364 661.862633804097 0.000112668229642037 1.20660498096641e-07 no_error _Recombination_Map_Scenario_1_ 1500 1501 0 0.05 GF_Model_IV
0.000748794398813115 449.566446532292 0.000599018035120523 3.74038278342311e-07 no_error _Recombination_Map_Scenario_1_ 1500 1501 0 0.05 GF_Model_IV
0.000726444663728866 675.598894826622 0.000171859479789045 1.53059074589861e-07 no_error _Recombination_Map_Scenario_1_ 1500 1501 0 0.05 GF_Model_IV
0.000768487865539548 696.940867367465 0.000155090846695574 1.21195972045018e-07 no_error _Recombination_Map_Scenario_1_ 1500 1501 0 0.05 GF_Model_IV
0.000760128425672921 644.294714967773 0.000223610368073754 1.38680422367019e-07 no_error _Recombination_Map_Scenario_1_ 1500 1501 0 0.05 GF_Model_IV
0.00080356207257216 652.727665738876 0.00013759864384266 1.42548538708846e-07 no_error _Recombination_Map_Scenario_1_ 1500 1501 0 0.05 GF_Model_IV
0.00077682097511678 660.722839694213 0.000229704202742092 1.48238446588217e-07 no_error _Recombination_Map_Scenario_1_ 1500 1501 0 0.05 GF_Model_IV
0.000865829881394517 667.033974342612 0.000188895443097074 1.92503904333302e-07 no_error _Recombination_Map_Scenario_1_ 1500 1501 0 0.05 GF_Model_IV
0.000730622417004832 596.419996914768 0.000312378175581503 1.59273563717802e-07 no_error _Recombination_Map_Scenario_1_ 1500 1501 0 0.05 GF_Model_IV
0.000923587025352337 716.815439410277 0.000330335389689898 2.0741874980359e-07 no_error _Recombination_Map_Scenario_1_ 1500 1501 0 0.05 GF_Model_IV
0.000701967446664067 514.527563814283 0.000193246865441644 2.30660270392899e-07 no_error _Recombination_Map_Scenario_1_ 1500 1501 0 0.05 GF_Model_IV
0.000735934572087664 612.564789580046 0.000210454189663553 1.40299703801083e-07 no_error _Recombination_Map_Scenario_1_ 1500 1501 0 0.05 GF_Model_IV
0.000833226731369489 603.749795336063 0.000625590233300799 2.38280907030096e-07 no_error _Recombination_Map_Scenario_1_ 1500 1501 0 0.05 GF_Model_IV
0.000861305662496729 630.160135293719 0.000169472330148615 1.65031804884368e-07 no_error _Recombination_Map_Scenario_1_ 1500 1501 0 0.05 GF_Model_IV
0.000772579796603005 593.237059092906 0.00086636929364414 1.99087971709419e-07 no_error _Recombination_Map_Scenario_1_ 1500 1501 0 0.05 GF_Model_IV
0.000777824944644568 578.695691971703 0.00192512998829756 4.8876018914315e-07 no_error _Recombination_Map_Scenario_1_ 1500 1501 0 0.05 GF_Model_IV
0.000800409011005333 563.252898361828 0.000813517377433233 5.05022612597606e-07 no_error _Recombination_Map_Scenario_1_ 1500 1501 0 0.05 GF_Model_IV
0.00082493290159394 669.870674930176 0.00023352127542336 1.55413352195136e-07 no_error _Recombination_Map_Scenario_1_ 1500 1501 0 0.05 GF_Model_IV
0.000865133275865833 716.825474128142 0.000131587098716332 1.44703399670669e-07 no_error _Recombination_Map_Scenario_1_ 1500 1501 0 0.05 GF_Model_IV
0.000759029925350851 623.704693325923 0.000214400614725752 2.02266969427211e-07 no_error _Recombination_Map_Scenario_1_ 1500 1501 0 0.05 GF_Model_IV
0.000781788838637305 674.815100102672 9.09867257805694e-05 1.17419650164867e-07 no_error _Recombination_Map_Scenario_1_ 1500 1501 0 0.05 GF_Model_IV
0.000756422386435095 439.137012106374 0.000585720068011657 3.14396611970912e-07 no_error _Recombination_Map_Scenario_1_ 1500 1501 0 0.05 GF_Model_IV
0.0007696864817292 682.992915857438 0.000248378409726315 1.93140271507638e-07 no_error _Recombination_Map_Scenario_1_ 1500 1501 0 0.05 GF_Model_IV
0.000785982665272697 690.925139431836 0.000350782744217102 1.53722686087737e-07 no_error _Recombination_Map_Scenario_1_ 1500 1501 0 0.05 GF_Model_IV
0.000826392730983561 673.041159030632 0.000112180118660936 1.61766875876733e-07 no_error _Recombination_Map_Scenario_1_ 1500 1501 0 0.05 GF_Model_IV
0.000741498466464781 692.693560526407 0.000310447137699168 1.72860574199214e-07 no_error _Recombination_Map_Scenario_1_ 1500 1501 0 0.05 GF_Model_IV
0.000895684324461415 756.566969635606 0.00036596706600753 1.63671653975207e-07 no_error _Recombination_Map_Scenario_1_ 1500 1501 0 0.05 GF_Model_IV
0.000746945457437891 695.666048157581 0.000223697571229086 1.6918552143184e-07 no_error _Recombination_Map_Scenario_1_ 1500 1501 0 0.05 GF_Model_IV
0.000812052222094511 599.314570671366 0.000488083515339314 2.476926724104e-07 no_error _Recombination_Map_Scenario_1_ 1500 1501 0 0.05 GF_Model_IV
0.000721554898333422 631.787660966471 0.000116390725544328 1.63143827222624e-07 no_error _Recombination_Map_Scenario_1_ 1500 1501 0 0.05 GF_Model_IV
0.000796899176261227 631.763858909378 0.000288884203769921 1.89696758233066e-07 no_error _Recombination_Map_Scenario_1_ 1500 1501 0 0.05 GF_Model_IV
0.00073016131664277 679.288725055733 0.000241539541352231 1.22426251884017e-07 no_error _Recombination_Map_Scenario_1_ 1500 1501 0 0.05 GF_Model_IV
0.000817974027551165 605.195720671755 0.000260628076191312 1.43158542709637e-07 no_error _Recombination_Map_Scenario_1_ 1500 1501 0 0.05 GF_Model_IV
0.000749577679111566 629.001383354619 0.000159656854688654 1.86092492835234e-07 no_error _Recombination_Map_Scenario_1_ 1500 1501 0 0.05 GF_Model_IV
0.000828078698048959 633.731861093122 0.000256634987683508 1.85786534943449e-07 no_error _Recombination_Map_Scenario_1_ 1500 1501 0 0.05 GF_Model_IV
0.000788607544252846 610.811687944195 0.000406816133459356 2.68325155978972e-07 no_error _Recombination_Map_Scenario_1_ 1500 1501 0 0.05 GF_Model_IV
0.000763635617859051 659.681317288117 0.000815712159675788 1.96402873900854e-07 no_error _Recombination_Map_Scenario_1_ 1500 1501 0 0.05 GF_Model_IV
0.000773759866773734 640.495653565423 0.000333578207270794 2.1551686996943e-07 no_error _Recombination_Map_Scenario_1_ 1500 1501 0 0.05 GF_Model_IV
0.0008072680352692 527.116339201515 0.000726831715732307 2.80565998992062e-07 no_error _Recombination_Map_Scenario_1_ 1500 1501 0 0.05 GF_Model_IV
0.000946589563356386 619.496500394204 0.000473715280132086 4.62373136399155e-07 no_error _Recombination_Map_Scenario_1_ 1500 1501 0 0.05 GF_Model_IV
0.000761670221764748 600.254604101947 0.000233102297070618 1.92733258025328e-07 no_error _Recombination_Map_Scenario_1_ 1500 1501 0 0.05 GF_Model_IV
0.000793262763396138 559.764553547112 0.000239630479735224 2.2191255050435e-07 no_error _Recombination_Map_Scenario_1_ 1500 1501 0 0.05 GF_Model_IV
0.000772757032813673 704.237313196845 0.000230223418082041 1.31245845406893e-07 no_error _Recombination_Map_Scenario_1_ 1500 1501 0 0.05 GF_Model_IV
0.000758224114622795 689.002120124816 9.08109384694091e-05 1.58650055143183e-07 no_error _Recombination_Map_Scenario_1_ 1500 1501 0 0.05 GF_Model_IV
0.000821087528511638 653.162757765639 0.000137755443246854 1.98329444445016e-07 no_error _Recombination_Map_Scenario_1_ 1500 1501 0 0.05 GF_Model_IV
0.000821551048266716 674.958626080441 0.000671600237654742 1.85843175746749e-07 no_error _Recombination_Map_Scenario_1_ 1500 1501 0 0.05 GF_Model_IV
0.000759647299614905 680.625852082602 0.000286730289918313 1.90078261634765e-07 no_error _Recombination_Map_Scenario_1_ 1500 1501 0 0.05 GF_Model_IV
0.000744569292146408 548.705230246908 0.000579285627525189 2.66581082441466e-07 no_error _Recombination_Map_Scenario_1_ 1500 1501 0 0.05 GF_Model_IV
0.000835154616386805 719.022566308897 0.000184606429965112 1.57909022964109e-07 no_error _Recombination_Map_Scenario_1_ 1500 1501 0 0.05 GF_Model_IV
0.000818866117172117 671.374607501494 0.000140983355502164 1.31526652882963e-07 no_error _Recombination_Map_Scenario_1_ 1500 1501 0 0.05 GF_Model_IV
0.000741406572417644 596.77748896848 0.000391340760845777 1.36191792302545e-07 no_error _Recombination_Map_Scenario_1_ 1500 1501 0 0.05 GF_Model_IV
0.000788332299418079 716.320187241158 7.20107599208009e-05 1.16648169208777e-07 no_error _Recombination_Map_Scenario_1_ 1500 1501 0 0.05 GF_Model_IV
0.000814777449893205 471.022229205026 0.000739496569598217 3.22984345863914e-07 no_error _Recombination_Map_Scenario_1_ 1500 1501 0 0.05 GF_Model_IV
0.000719157271665403 557.994949369696 0.000641729447074158 2.10680984233545e-07 no_error _Recombination_Map_Scenario_1_ 1500 1501 0 0.05 GF_Model_IV
0.000836272232406944 537.162637905723 0.00031135199221719 1.97994306967227e-07 no_error _Recombination_Map_Scenario_1_ 1500 1501 0 0.05 GF_Model_IV
0.000865701592099959 557.222366882875 0.000378609245582369 2.7791664509002e-07 no_error _Recombination_Map_Scenario_1_ 1500 1501 0 0.05 GF_Model_IV
0.000892332975794493 614.409405370042 0.000483369697239364 1.76744383122253e-07 no_error _Recombination_Map_Scenario_1_ 1500 1501 0 0.05 GF_Model_IV
0.00083757299829587 706.445804057266 0.000101916073847655 1.09871947588534e-07 no_error _Recombination_Map_Scenario_1_ 1500 1501 0 0.05 GF_Model_IV
0.000779975674397006 591.836041216164 0.00085420271049417 3.04582398089086e-07 no_error _Recombination_Map_Scenario_1_ 1500 1501 0 0.05 GF_Model_IV
0.000739826500977255 586.491643985445 0.000460204101290175 1.66554569988872e-07 no_error _Recombination_Map_Scenario_1_ 1500 1501 0 0.05 GF_Model_IV
0.000754195101441288 630.44097871614 0.000252856281652392 2.09210572520564e-07 no_error _Recombination_Map_Scenario_1_ 1500 1501 0 0.05 GF_Model_IV
0.000802505414555846 578.380672294476 0.00074169036748776 3.09807616940613e-07 no_error _Recombination_Map_Scenario_1_ 1500 1501 0 0.05 GF_Model_IV
0.000771924082447125 592.609330592999 0.000531797631575206 2.720417703244e-07 no_error _Recombination_Map_Scenario_1_ 1500 1501 0 0.05 GF_Model_IV
0.000866029655118441 684.428276917589 0.000225800994955926 1.30958046152636e-07 no_error _Recombination_Map_Scenario_1_ 1500 1501 0 0.05 GF_Model_IV
0.000766030716747277 652.61253957028 0.000127374555858371 1.23331080212661e-07 no_error _Recombination_Map_Scenario_1_ 1500 1501 0 0.05 GF_Model_IV
0.000816397940656899 629.75157875307 0.000151734603725642 1.89467321872651e-07 no_error _Recombination_Map_Scenario_1_ 1500 1501 0 0.05 GF_Model_IV
0.0134132933724096 499.91256505397 0.00523766406215799 2.85081522324963e-05 no_error _Recombination_Map_Scenario_2_ 1500 1501 1 0.05 GF_Model_IV
0.0181277325776981 653.218812568926 0.00342968302118723 2.95121356513482e-05 no_error _Recombination_Map_Scenario_2_ 1500 1501 1 0.05 GF_Model_IV
0.0180412975153554 558.733294511872 0.00265369038260902 3.07726874576925e-05 no_error _Recombination_Map_Scenario_2_ 1500 1501 1 0.05 GF_Model_IV
0.0148674670654653 523.688851210761 0.00800420953860692 8.56231024672776e-05 no_error _Recombination_Map_Scenario_2_ 1500 1501 1 0.05 GF_Model_IV
0.0138010683882126 544.072617551326 0.00895700820002287 3.51681363555665e-05 no_error _Recombination_Map_Scenario_2_ 1500 1501 1 0.05 GF_Model_IV
0.0161759504292479 438.782636624199 0.00391966196773216 3.65334232205759e-05 no_error _Recombination_Map_Scenario_2_ 1500 1501 1 0.05 GF_Model_IV
0.017578688372105 511.178051546653 0.00246577913616299 6.35387864879314e-05 no_error _Recombination_Map_Scenario_2_ 1500 1501 1 0.05 GF_Model_IV
0.017219664338576 572.724535690803 0.00248877992283927 4.5846507273099e-05 no_error _Recombination_Map_Scenario_2_ 1500 1501 1 0.05 GF_Model_IV
0.0152990787022058 590.005105735002 0.00350546064322931 3.98723219160004e-05 no_error _Recombination_Map_Scenario_2_ 1500 1501 1 0.05 GF_Model_IV
0.0134198928150034 513.457441607398 0.0126225807291975 7.70314630706378e-05 no_error _Recombination_Map_Scenario_2_ 1500 1501 1 0.05 GF_Model_IV
0.0152042350121546 555.245472443759 0.0035850148042423 2.95046063637352e-05 no_error _Recombination_Map_Scenario_2_ 1500 1501 1 0.05 GF_Model_IV
0.00852395027649452 695.396345325732 0.0185542827412287 3.20286237905114e-05 no_error _Recombination_Map_Scenario_2_ 1500 1501 1 0.05 GF_Model_IV
0.00835658115507892 598.585998533502 0.0235699636387086 5.45561695118426e-05 no_error _Recombination_Map_Scenario_2_ 1500 1501 1 0.05 GF_Model_IV
0.0130015337229847 501.711462927789 0.00964979453398447 6.31213047918803e-05 no_error _Recombination_Map_Scenario_2_ 1500 1501 1 0.05 GF_Model_IV
0.0176632479952866 617.204854107047 0.00491766736746403 5.24266887752272e-05 no_error _Recombination_Map_Scenario_2_ 1500 1501 1 0.05 GF_Model_IV
0.0147316362147676 580.604078610109 0.00645028066505274 7.1389708011088e-05 no_error _Recombination_Map_Scenario_2_ 1500 1501 1 0.05 GF_Model_IV
0.0139444353898884 532.674300298541 0.00480088402625088 2.6071828503183e-05 no_error _Recombination_Map_Scenario_2_ 1500 1501 1 0.05 GF_Model_IV
0.00925726540670722 581.814060315742 0.0159034833494874 4.65218050697718e-05 no_error _Recombination_Map_Scenario_2_ 1500 1501 1 0.05 GF_Model_IV
0.0149296216009311 482.50613644392 0.00710858488825218 6.59188081150775e-05 no_error _Recombination_Map_Scenario_2_ 1500 1501 1 0.05 GF_Model_IV
0.0160648253350468 488.508576049627 0.00701584506869746 5.64009452332912e-05 no_error _Recombination_Map_Scenario_2_ 1500 1501 1 0.05 GF_Model_IV
0.0109307397213368 511.274121555639 0.0106237430340458 6.00031866210129e-05 no_error _Recombination_Map_Scenario_2_ 1500 1501 1 0.05 GF_Model_IV
0.0151517143141765 423.591887389614 0.00602872347731406 5.80855935603491e-05 no_error _Recombination_Map_Scenario_2_ 1500 1501 1 0.05 GF_Model_IV
0.0153164342261656 548.680407313106 0.00829399543473642 3.77795022807269e-05 no_error _Recombination_Map_Scenario_2_ 1500 1501 1 0.05 GF_Model_IV
0.0116481516477739 728.84842415865 0.0173082206751739 4.23737415906107e-05 no_error _Recombination_Map_Scenario_2_ 1500 1501 1 0.05 GF_Model_IV
0.0131472852837123 472.271473402619 0.00365972631091974 4.16940264256277e-05 no_error _Recombination_Map_Scenario_2_ 1500 1501 1 0.05 GF_Model_IV
0.00746616824813913 682.840907114597 0.0225649170726281 4.4755881070907e-05 no_error _Recombination_Map_Scenario_2_ 1500 1501 1 0.05 GF_Model_IV
0.0162537208619326 560.089086638177 0.00437128825016577 3.21703656268885e-05 no_error _Recombination_Map_Scenario_2_ 1500 1501 1 0.05 GF_Model_IV
0.0106028794670702 588.449425578432 0.0150673691778499 3.20165487553536e-05 no_error _Recombination_Map_Scenario_2_ 1500 1501 1 0.05 GF_Model_IV
0.0168899846081414 542.913501535326 0.00544048696849878 5.44431129172345e-05 no_error _Recombination_Map_Scenario_2_ 1500 1501 1 0.05 GF_Model_IV
0.013449152099451 511.51642417997 0.00898786369163515 3.80835146187652e-05 no_error _Recombination_Map_Scenario_2_ 1500 1501 1 0.05 GF_Model_IV
0.0125723432593131 487.944095158838 0.00820132883805775 6.92345794236594e-05 no_error _Recombination_Map_Scenario_2_ 1500 1501 1 0.05 GF_Model_IV
0.0100647738790715 490.622366503286 0.00861530395309991 2.21172446038051e-05 no_error _Recombination_Map_Scenario_2_ 1500 1501 1 0.05 GF_Model_IV
0.0126657448040479 666.809663483541 0.00535041691808779 5.05836161720918e-05 no_error _Recombination_Map_Scenario_2_ 1500 1501 1 0.05 GF_Model_IV
0.0139517041039313 674.191001900695 0.00690414371703251 3.94991085976694e-05 no_error _Recombination_Map_Scenario_2_ 1500 1501 1 0.05 GF_Model_IV
0.0144864470374223 455.656204268189 0.00709792068624275 8.43722468922949e-05 no_error _Recombination_Map_Scenario_2_ 1500 1501 1 0.05 GF_Model_IV
0.0140130535292663 397.275953116586 0.00411543648004954 6.30539746261254e-05 no_error _Recombination_Map_Scenario_2_ 1500 1501 1 0.05 GF_Model_IV
0.0153447211377131 568.345206831652 0.00820107926356471 4.26973465229763e-05 no_error _Recombination_Map_Scenario_2_ 1500 1501 1 0.05 GF_Model_IV
0.0136868435851403 728.772831348232 0.0168891554608828 8.48012820057649e-05 no_error _Recombination_Map_Scenario_2_ 1500 1501 1 0.05 GF_Model_IV
0.0180792646503143 555.719413199283 0.00205018037248306 7.63304758874789e-05 no_error _Recombination_Map_Scenario_2_ 1500 1501 1 0.05 GF_Model_IV
0.0128509093817584 485.126972979629 0.0099307156283984 6.85116003860609e-05 no_error _Recombination_Map_Scenario_2_ 1500 1501 1 0.05 GF_Model_IV
0.015671710487199 531.799716815074 0.00368925226842548 7.10228737659205e-05 no_error _Recombination_Map_Scenario_2_ 1500 1501 1 0.05 GF_Model_IV
0.0173734396373426 527.06103218609 0.00620796389072212 2.55528000493213e-05 no_error _Recombination_Map_Scenario_2_ 1500 1501 1 0.05 GF_Model_IV
0.0138083131161193 579.079753396744 0.007803564580066 4.67575334440791e-05 no_error _Recombination_Map_Scenario_2_ 1500 1501 1 0.05 GF_Model_IV
0.0163759749401684 508.100833347367 0.00371189482919832 5.17919190138184e-05 no_error _Recombination_Map_Scenario_2_ 1500 1501 1 0.05 GF_Model_IV
0.00978813652789476 601.780965619144 0.0128865547384606 3.70101009542722e-05 no_error _Recombination_Map_Scenario_2_ 1500 1501 1 0.05 GF_Model_IV
0.0190579737172336 557.224269978829 0.00294740241166149 3.817862864302e-05 no_error _Recombination_Map_Scenario_2_ 1500 1501 1 0.05 GF_Model_IV
0.0194589726189037 112.271260038942 0.014853186042387 0.000349523834719587 no_error _Recombination_Map_Scenario_2_ 1500 1501 1 0.05 GF_Model_IV
0.0168960096893078 523.707707168632 0.00499104796569033 4.55747340682865e-05 no_error _Recombination_Map_Scenario_2_ 1500 1501 1 0.05 GF_Model_IV
0.0113186177288995 609.549459955301 0.013261446286385 1.7055395218287e-05 no_error _Recombination_Map_Scenario_2_ 1500 1501 1 0.05 GF_Model_IV
0.0116649045365919 457.717397673912 0.0130100213704231 7.53624521817007e-05 no_error _Recombination_Map_Scenario_2_ 1500 1501 1 0.05 GF_Model_IV
0.0139009216339786 625.620203784221 0.00767937497633395 3.61560524505821e-05 no_error _Recombination_Map_Scenario_2_ 1500 1501 1 0.05 GF_Model_IV
0.00590257134172523 245.871753248204 0.0314315400147711 7.81449738448493e-05 no_error _Recombination_Map_Scenario_2_ 1500 1501 1 0.05 GF_Model_IV
0.0137694121384987 549.27008323758 0.00639844642921238 6.62924853788231e-05 no_error _Recombination_Map_Scenario_2_ 1500 1501 1 0.05 GF_Model_IV
0.0132779145645619 606.259959509463 0.00926637658270409 2.12837156138342e-05 no_error _Recombination_Map_Scenario_2_ 1500 1501 1 0.05 GF_Model_IV
0.00933616100445164 400.820955553752 0.0164113013923062 7.1025913481025e-05 no_error _Recombination_Map_Scenario_2_ 1500 1501 1 0.05 GF_Model_IV
0.00737237722613985 535.278105144056 0.021055255421782 5.53517468464156e-05 no_error _Recombination_Map_Scenario_2_ 1500 1501 1 0.05 GF_Model_IV
0.012379114931737 494.210615305338 0.0111527658462234 3.29260059090851e-05 no_error _Recombination_Map_Scenario_2_ 1500 1501 1 0.05 GF_Model_IV
0.0159208996409879 567.62786265431 0.00728120173408568 4.53681607315626e-05 no_error _Recombination_Map_Scenario_2_ 1500 1501 1 0.05 GF_Model_IV
0.015459830887521 551.62428104085 0.00550999423516926 4.48185532389861e-05 no_error _Recombination_Map_Scenario_2_ 1500 1501 1 0.05 GF_Model_IV
0.00503565742324872 422.565832524842 0.0281727710413171 4.78087195204299e-05 no_error _Recombination_Map_Scenario_2_ 1500 1501 1 0.05 GF_Model_IV
0.0131567309223983 532.60577232018 0.00833594953966007 3.83388936923734e-05 no_error _Recombination_Map_Scenario_2_ 1500 1501 1 0.05 GF_Model_IV
0.0166841639342687 522.667646650152 0.00356724215606542 3.65968541722025e-05 no_error _Recombination_Map_Scenario_2_ 1500 1501 1 0.05 GF_Model_IV
0.0158529242472567 587.409138763545 0.00467116691887859 4.13069554030873e-05 no_error _Recombination_Map_Scenario_2_ 1500 1501 1 0.05 GF_Model_IV
0.0143589124192296 529.797001739777 0.00775947740094746 4.06644617708111e-05 no_error _Recombination_Map_Scenario_2_ 1500 1501 1 0.05 GF_Model_IV
0.0174195135500388 534.011102589616 0.00473718771848844 7.30461995079276e-05 no_error _Recombination_Map_Scenario_2_ 1500 1501 1 0.05 GF_Model_IV
0.00875591157834516 603.794480052792 0.0108795840665163 2.84365212138469e-05 no_error _Recombination_Map_Scenario_2_ 1500 1501 1 0.05 GF_Model_IV
0.0114991342720461 535.590471671208 0.00757836887486371 2.43296952105476e-05 no_error _Recombination_Map_Scenario_2_ 1500 1501 1 0.05 GF_Model_IV
0.011681060810649 468.770434779759 0.0111398802357982 5.82811274638061e-05 no_error _Recombination_Map_Scenario_2_ 1500 1501 1 0.05 GF_Model_IV
0.00928032391573622 616.823321781589 0.0165033523145895 3.52379554698552e-05 no_error _Recombination_Map_Scenario_2_ 1500 1501 1 0.05 GF_Model_IV
0.0110122658208979 584.155091289288 0.0113671675529778 4.03774405947491e-05 no_error _Recombination_Map_Scenario_2_ 1500 1501 1 0.05 GF_Model_IV
0.0135636185123231 563.919425800937 0.00575488159441628 2.69305669099263e-05 no_error _Recombination_Map_Scenario_2_ 1500 1501 1 0.05 GF_Model_IV
0.0136978554026505 534.038463613648 0.00471342685005379 3.6774350964341e-05 no_error _Recombination_Map_Scenario_2_ 1500 1501 1 0.05 GF_Model_IV
0.0114068987646145 688.521802523026 0.0108621363105787 3.27059581226322e-05 no_error _Recombination_Map_Scenario_2_ 1500 1501 1 0.05 GF_Model_IV
0.00768434099194108 272.677658467698 0.0235729119272158 5.52508756098786e-05 no_error _Recombination_Map_Scenario_2_ 1500 1501 1 0.05 GF_Model_IV
0.0124651636777534 571.564925477718 0.0104023088582764 4.24428246020375e-05 no_error _Recombination_Map_Scenario_2_ 1500 1501 1 0.05 GF_Model_IV
0.0135570257093622 522.427170203551 0.00747938168332005 5.22689654024692e-05 no_error _Recombination_Map_Scenario_2_ 1500 1501 1 0.05 GF_Model_IV
0.0148578493227781 631.64526913714 0.0079110077741357 7.1021404250668e-05 no_error _Recombination_Map_Scenario_2_ 1500 1501 1 0.05 GF_Model_IV
0.0141725326663622 566.853814651965 0.00510734780908728 2.91256037127857e-05 no_error _Recombination_Map_Scenario_2_ 1500 1501 1 0.05 GF_Model_IV
0.0164990324335302 582.991098904556 0.0046224229531823 3.72054180343723e-05 no_error _Recombination_Map_Scenario_2_ 1500 1501 1 0.05 GF_Model_IV
0.016451528966089 284.031408682082 0.00546127231354105 0.000173817682284337 no_error _Recombination_Map_Scenario_2_ 1500 1501 1 0.05 GF_Model_IV
0.0112425372832014 575.3899103616 0.0115169873533721 4.79530522381232e-05 no_error _Recombination_Map_Scenario_2_ 1500 1501 1 0.05 GF_Model_IV
0.0108801793093134 352.992105557376 0.0156912892775024 8.64293767898123e-05 no_error _Recombination_Map_Scenario_2_ 1500 1501 1 0.05 GF_Model_IV
0.00616344633449275 658.157749593479 0.0250891796748001 4.73963870000305e-05 no_error _Recombination_Map_Scenario_2_ 1500 1501 1 0.05 GF_Model_IV
0.0176863710183329 502.086210433359 0.00229231303248296 0.000110418885851961 no_error _Recombination_Map_Scenario_2_ 1500 1501 1 0.05 GF_Model_IV
0.016370531801755 513.924116720401 0.00535121331035255 5.56857297448242e-05 no_error _Recombination_Map_Scenario_2_ 1500 1501 1 0.05 GF_Model_IV
0.0146606922348923 548.844938040805 0.00540830130613059 5.31762545828823e-05 no_error _Recombination_Map_Scenario_2_ 1500 1501 1 0.05 GF_Model_IV
0.0154556252074632 568.303735569885 0.00573320111730097 3.92151838255115e-05 no_error _Recombination_Map_Scenario_2_ 1500 1501 1 0.05 GF_Model_IV
0.00657270490842449 580.509361874396 0.0313834778690196 0.000177312058255511 no_error _Recombination_Map_Scenario_2_ 1500 1501 1 0.05 GF_Model_IV
0.0106612009300201 375.90405303175 0.0146563806989545 0.00011612048753402 no_error _Recombination_Map_Scenario_2_ 1500 1501 1 0.05 GF_Model_IV
0.0128180305189944 625.465477032667 0.00798849112270426 3.56545915073276e-05 no_error _Recombination_Map_Scenario_2_ 1500 1501 1 0.05 GF_Model_IV
0.0135969543345466 549.712804037038 0.00774864205956375 1.90169328497403e-05 no_error _Recombination_Map_Scenario_2_ 1500 1501 1 0.05 GF_Model_IV
0.0122155097122256 615.100957598811 0.0108957853660443 2.39974505675687e-05 no_error _Recombination_Map_Scenario_2_ 1500 1501 1 0.05 GF_Model_IV
0.0194984119097837 543.794542630293 0.00297806705508422 6.10181753097685e-05 no_error _Recombination_Map_Scenario_2_ 1500 1501 1 0.05 GF_Model_IV
0.0121342614906618 602.931946439445 0.00973906126505988 3.92292104704793e-05 no_error _Recombination_Map_Scenario_2_ 1500 1501 1 0.05 GF_Model_IV
0.0168876778004663 519.124036299728 0.00603141229911732 4.13948818756645e-05 no_error _Recombination_Map_Scenario_2_ 1500 1501 1 0.05 GF_Model_IV
0.0111120213281375 641.775580387085 0.0128817859115744 4.00509751103767e-05 no_error _Recombination_Map_Scenario_2_ 1500 1501 1 0.05 GF_Model_IV
0.0130566956361054 401.292619352146 0.0105682943459229 0.000126293103871413 no_error _Recombination_Map_Scenario_2_ 1500 1501 1 0.05 GF_Model_IV
0.0085180753946625 325.191759254399 0.0188865845020528 0.00011270707992199 no_error _Recombination_Map_Scenario_2_ 1500 1501 1 0.05 GF_Model_IV
0.013753207655926 520.811256491438 0.0097179016849961 4.42470180700272e-05 no_error _Recombination_Map_Scenario_2_ 1500 1501 1 0.05 GF_Model_IV
0.0174003398119359 570.120424599214 0.0059796022571681 3.88786396429971e-05 no_error _Recombination_Map_Scenario_2_ 1500 1501 1 0.05 GF_Model_IV
0.000736860542727451 640.30402859412 0.000331806996632124 1.89307872949969e-07 no_error _Recombination_Map_Scenario_3_ 750 2250 0 0.05 GF_Model_IV
0.000781988779278442 695.954634337882 0.000173649818712532 2.01417424620888e-07 no_error _Recombination_Map_Scenario_3_ 750 2250 0 0.05 GF_Model_IV
0.000748436119221448 552.445948603967 0.000655980948868951 2.05820687475671e-07 no_error _Recombination_Map_Scenario_3_ 750 2250 0 0.05 GF_Model_IV
0.000887683953241051 642.465972285726 0.000282991922372357 2.17244288148269e-07 no_error _Recombination_Map_Scenario_3_ 750 2250 0 0.05 GF_Model_IV
0.00078599818133958 636.703700008623 0.000107885372026503 1.21084236821392e-07 no_error _Recombination_Map_Scenario_3_ 750 2250 0 0.05 GF_Model_IV
0.000767998368304332 715.593940613202 0.00044415923397302 1.25600014877752e-07 no_error _Recombination_Map_Scenario_3_ 750 2250 0 0.05 GF_Model_IV
0.000834261925751993 728.548162029585 0.000116718205318298 1.57180701233374e-07 no_error _Recombination_Map_Scenario_3_ 750 2250 0 0.05 GF_Model_IV
0.000800433695128378 593.296298540489 0.000785313594977093 2.1392272871824e-07 no_error _Recombination_Map_Scenario_3_ 750 2250 0 0.05 GF_Model_IV
0.000730311434989921 622.887186007482 0.000146561035541185 1.74986887764217e-07 no_error _Recombination_Map_Scenario_3_ 750 2250 0 0.05 GF_Model_IV
0.000787518565566088 659.772024364706 0.000243846048010007 1.09103573155194e-07 no_error _Recombination_Map_Scenario_3_ 750 2250 0 0.05 GF_Model_IV
0.000791665009414748 631.76887023612 0.000300595534309851 1.25686719788054e-07 no_error _Recombination_Map_Scenario_3_ 750 2250 0 0.05 GF_Model_IV
0.000738610194594359 632.680477933036 0.000163543729341675 1.5669593031886e-07 no_error _Recombination_Map_Scenario_3_ 750 2250 0 0.05 GF_Model_IV
0.000744159285335423 608.933431978323 0.000342316054993898 2.88256195616982e-07 no_error _Recombination_Map_Scenario_3_ 750 2250 0 0.05 GF_Model_IV
0.000718876324522813 630.806593270025 0.000156733005164393 1.70281437822108e-07 no_error _Recombination_Map_Scenario_3_ 750 2250 0 0.05 GF_Model_IV
0.000762464528831376 563.163154081031 0.000599044994020118 2.13577075317301e-07 no_error _Recombination_Map_Scenario_3_ 750 2250 0 0.05 GF_Model_IV
0.000697360554135702 659.430014687274 0.00048156122691357 2.85801858165325e-07 no_error _Recombination_Map_Scenario_3_ 750 2250 0 0.05 GF_Model_IV
0.000813027129834391 711.754846247796 0.000168430107730007 2.0390825402881e-07 no_error _Recombination_Map_Scenario_3_ 750 2250 0 0.05 GF_Model_IV
0.000778087295329314 681.908759247986 9.79453938430518e-05 1.43683496598233e-07 no_error _Recombination_Map_Scenario_3_ 750 2250 0 0.05 GF_Model_IV
0.000773588366187562 567.731559982047 0.000423434393662792 1.96369768932431e-07 no_error _Recombination_Map_Scenario_3_ 750 2250 0 0.05 GF_Model_IV
0.000680843864379487 490.309353763908 0.000907957548170386 4.29871949919794e-07 no_error _Recombination_Map_Scenario_3_ 750 2250 0 0.05 GF_Model_IV
0.000819799479555292 609.66736690837 0.000137369707086398 8.66081922122714e-08 no_error _Recombination_Map_Scenario_3_ 750 2250 0 0.05 GF_Model_IV
0.000763449825844648 722.887289514519 0.000138088824618559 1.0598149495319e-07 no_error _Recombination_Map_Scenario_3_ 750 2250 0 0.05 GF_Model_IV
0.000725552533521803 623.741388859545 0.000122240245122742 1.50470308204275e-07 no_error _Recombination_Map_Scenario_3_ 750 2250 0 0.05 GF_Model_IV
0.00070800801184817 677.753790375732 0.000151686643225509 1.73738921169454e-07 no_error _Recombination_Map_Scenario_3_ 750 2250 0 0.05 GF_Model_IV
0.000760212951839416 679.627698104077 0.000246371236788816 9.58321483851511e-08 no_error _Recombination_Map_Scenario_3_ 750 2250 0 0.05 GF_Model_IV
0.000749904846761147 600.998551376079 0.000274456651362694 1.7127067382301e-07 no_error _Recombination_Map_Scenario_3_ 750 2250 0 0.05 GF_Model_IV
0.000756896287874448 667.360506139874 8.04544245877438e-05 1.57617622513378e-07 no_error _Recombination_Map_Scenario_3_ 750 2250 0 0.05 GF_Model_IV
0.000783555710943641 610.012884895049 0.000227401841671584 1.97440008902533e-07 no_error _Recombination_Map_Scenario_3_ 750 2250 0 0.05 GF_Model_IV
0.00078441075697131 400.744387847463 0.00113111236834097 4.42457554693536e-07 no_error _Recombination_Map_Scenario_3_ 750 2250 0 0.05 GF_Model_IV
0.00085289998878318 668.290215386789 0.000205075412532299 2.36843977470794e-07 no_error _Recombination_Map_Scenario_3_ 750 2250 0 0.05 GF_Model_IV
0.000818492359687236 550.296692004503 0.000243998296085253 1.75029543423324e-07 no_error _Recombination_Map_Scenario_3_ 750 2250 0 0.05 GF_Model_IV
0.000815749508311952 662.05152359061 0.000247179342575323 1.40035627928941e-07 no_error _Recombination_Map_Scenario_3_ 750 2250 0 0.05 GF_Model_IV
0.000755475528443986 465.880579414261 0.000835640374883043 3.59314982765045e-07 no_error _Recombination_Map_Scenario_3_ 750 2250 0 0.05 GF_Model_IV
0.000841579784625538 703.652643565331 0.000225725601191293 1.85534019888183e-07 no_error _Recombination_Map_Scenario_3_ 750 2250 0 0.05 GF_Model_IV
0.000773205477556353 606.553792363986 0.00031101147830737 2.16378956026699e-07 no_error _Recombination_Map_Scenario_3_ 750 2250 0 0.05 GF_Model_IV
0.000791963692180383 668.814041287283 0.00016495931416069 1.85369404463425e-07 no_error _Recombination_Map_Scenario_3_ 750 2250 0 0.05 GF_Model_IV
0.000874442463187131 650.398524506258 0.000209746525922779 1.2245219043933e-07 no_error _Recombination_Map_Scenario_3_ 750 2250 0 0.05 GF_Model_IV
0.000838510829038904 568.96327407108 0.000677112793603353 3.04590586477149e-07 no_error _Recombination_Map_Scenario_3_ 750 2250 0 0.05 GF_Model_IV
0.000762945924739299 572.850477712905 0.00071553495124229 2.68784435365511e-07 no_error _Recombination_Map_Scenario_3_ 750 2250 0 0.05 GF_Model_IV
0.00069541215906675 490.500437550186 0.000922788298071315 3.54203315164727e-07 no_error _Recombination_Map_Scenario_3_ 750 2250 0 0.05 GF_Model_IV
0.000827770450965842 706.950045389339 6.77271268614671e-05 2.04551392681486e-07 no_error _Recombination_Map_Scenario_3_ 750 2250 0 0.05 GF_Model_IV
0.000726482858456493 558.324617290957 0.000618725214039114 2.3253978334428e-07 no_error _Recombination_Map_Scenario_3_ 750 2250 0 0.05 GF_Model_IV
0.000718394185096424 609.295542332429 0.000381239947458473 1.97053466931479e-07 no_error _Recombination_Map_Scenario_3_ 750 2250 0 0.05 GF_Model_IV
0.000793423050297356 662.582829549108 0.000163984467376529 1.46198230196774e-07 no_error _Recombination_Map_Scenario_3_ 750 2250 0 0.05 GF_Model_IV
0.000770777258818563 722.508457948082 4.62466688845917e-05 1.44725866413716e-07 no_error _Recombination_Map_Scenario_3_ 750 2250 0 0.05 GF_Model_IV
0.000723321147213483 643.198405851684 0.000855290666697671 2.14683085139572e-07 no_error _Recombination_Map_Scenario_3_ 750 2250 0 0.05 GF_Model_IV
0.000803137769759685 708.618688521326 0.00010019945524012 1.38254958445034e-07 no_error _Recombination_Map_Scenario_3_ 750 2250 0 0.05 GF_Model_IV
0.000869173617708549 658.633045610301 0.000162029001413233 2.18416096383134e-07 no_error _Recombination_Map_Scenario_3_ 750 2250 0 0.05 GF_Model_IV
0.000829436316688988 686.461483342687 9.03751125065319e-05 2.28013282957501e-07 no_error _Recombination_Map_Scenario_3_ 750 2250 0 0.05 GF_Model_IV
0.000771926936435317 611.96544140845 0.000245803981825868 1.61045713431194e-07 no_error _Recombination_Map_Scenario_3_ 750 2250 0 0.05 GF_Model_IV
0.000775591376018241 659.823875063069 0.000112195114920133 1.7550557598103e-07 no_error _Recombination_Map_Scenario_3_ 750 2250 0 0.05 GF_Model_IV
0.000721789854487866 694.324838772607 0.000226827179891204 1.63237761774084e-07 no_error _Recombination_Map_Scenario_3_ 750 2250 0 0.05 GF_Model_IV
0.000751354129422055 598.632972266155 0.000349284015050501 1.20727096751195e-07 no_error _Recombination_Map_Scenario_3_ 750 2250 0 0.05 GF_Model_IV
0.000725803190363747 680.547486839067 7.41820395509422e-05 1.26166099772769e-07 no_error _Recombination_Map_Scenario_3_ 750 2250 0 0.05 GF_Model_IV
0.0007664760894631 619.702035155434 0.00047506244720463 1.74162124147156e-07 no_error _Recombination_Map_Scenario_3_ 750 2250 0 0.05 GF_Model_IV
0.000734540507828739 653.883598150593 0.000133763641388649 1.26833890737301e-07 no_error _Recombination_Map_Scenario_3_ 750 2250 0 0.05 GF_Model_IV
0.000801013605053644 636.830760167869 0.000372473008705004 2.68277384344989e-07 no_error _Recombination_Map_Scenario_3_ 750 2250 0 0.05 GF_Model_IV
0.000737724168411721 677.751692477737 0.000229987052395024 1.18350833260228e-07 no_error _Recombination_Map_Scenario_3_ 750 2250 0 0.05 GF_Model_IV
0.000840677065815419 398.286645981745 0.000471955180273018 6.33986177854006e-07 no_error _Recombination_Map_Scenario_3_ 750 2250 0 0.05 GF_Model_IV
0.000774720410170202 622.163767873602 0.000510155039860191 2.42632589873227e-07 no_error _Recombination_Map_Scenario_3_ 750 2250 0 0.05 GF_Model_IV
0.000675026487910711 614.972501497447 0.000297863386914132 2.21100009780142e-07 no_error _Recombination_Map_Scenario_3_ 750 2250 0 0.05 GF_Model_IV
0.000773325156452437 643.998585027349 0.000352990948360664 2.17348432078206e-07 no_error _Recombination_Map_Scenario_3_ 750 2250 0 0.05 GF_Model_IV
0.000819734013969088 428.403881621588 0.000189664237288441 4.70750933670246e-07 no_error _Recombination_Map_Scenario_3_ 750 2250 0 0.05 GF_Model_IV
0.000746232889751784 629.407438023343 0.0001212042721517 9.36680414289635e-08 no_error _Recombination_Map_Scenario_3_ 750 2250 0 0.05 GF_Model_IV
0.00078226952696337 648.358554796927 0.00011753371976233 2.03225010224399e-07 no_error _Recombination_Map_Scenario_3_ 750 2250 0 0.05 GF_Model_IV
0.000750640471667352 562.923043536041 0.000132999793133503 2.01586743140383e-07 no_error _Recombination_Map_Scenario_3_ 750 2250 0 0.05 GF_Model_IV
0.000758490329037785 769.472304763239 0.000740846352436698 1.96738128886606e-07 no_error _Recombination_Map_Scenario_3_ 750 2250 0 0.05 GF_Model_IV
0.000742662946005267 614.361298159404 0.000344594541788793 2.12427175417678e-07 no_error _Recombination_Map_Scenario_3_ 750 2250 0 0.05 GF_Model_IV
0.000725954018314343 546.627847715004 0.000784776929135368 1.99337424579726e-07 no_error _Recombination_Map_Scenario_3_ 750 2250 0 0.05 GF_Model_IV
0.000738484565057492 674.669381810398 0.000306385708967631 1.21349624220669e-07 no_error _Recombination_Map_Scenario_3_ 750 2250 0 0.05 GF_Model_IV
0.00072884925745322 568.042233573035 0.000137231760430922 1.55374628996968e-07 no_error _Recombination_Map_Scenario_3_ 750 2250 0 0.05 GF_Model_IV
0.000785424963336187 626.310809645848 0.000450028495883777 1.4679251488527e-07 no_error _Recombination_Map_Scenario_3_ 750 2250 0 0.05 GF_Model_IV
0.000765331022483766 441.909972860526 0.000500372826018957 5.37723076742835e-07 no_error _Recombination_Map_Scenario_3_ 750 2250 0 0.05 GF_Model_IV
0.000750947026899575 523.576602266493 0.000547052927698457 3.3813992145638e-07 no_error _Recombination_Map_Scenario_3_ 750 2250 0 0.05 GF_Model_IV
0.000813895583237571 617.651342719983 0.000417911696808922 2.0602817065242e-07 no_error _Recombination_Map_Scenario_3_ 750 2250 0 0.05 GF_Model_IV
0.000801955886878367 699.22990639727 0.000148210857883098 1.21507046606111e-07 no_error _Recombination_Map_Scenario_3_ 750 2250 0 0.05 GF_Model_IV
0.000778296794821151 710.311408168051 7.36486493068453e-05 1.046475018692e-07 no_error _Recombination_Map_Scenario_3_ 750 2250 0 0.05 GF_Model_IV
0.000888819249810874 757.353269975069 0.000171319526403434 1.90277396215478e-07 no_error _Recombination_Map_Scenario_3_ 750 2250 0 0.05 GF_Model_IV
0.00080809427556998 717.011996877355 0.000169026450238675 1.3307078942765e-07 no_error _Recombination_Map_Scenario_3_ 750 2250 0 0.05 GF_Model_IV
0.00077649531125662 551.162124375832 0.000514297646203846 2.26610946165572e-07 no_error _Recombination_Map_Scenario_3_ 750 2250 0 0.05 GF_Model_IV
0.000726674403726446 618.126898991011 0.000287950219761701 1.7405717225066e-07 no_error _Recombination_Map_Scenario_3_ 750 2250 0 0.05 GF_Model_IV
0.000710271099787631 662.828772521805 0.000194024816408603 1.12954607489339e-07 no_error _Recombination_Map_Scenario_3_ 750 2250 0 0.05 GF_Model_IV
0.00074267309986602 708.627740317458 0.000101309710299373 1.70437406544205e-07 no_error _Recombination_Map_Scenario_3_ 750 2250 0 0.05 GF_Model_IV
0.000699523414801988 601.752657933038 0.000504501203220436 1.29799526143092e-07 no_error _Recombination_Map_Scenario_3_ 750 2250 0 0.05 GF_Model_IV
0.000692656924126297 573.313296150415 0.000526106246932292 2.16952384470974e-07 no_error _Recombination_Map_Scenario_3_ 750 2250 0 0.05 GF_Model_IV
0.000823854004450012 615.519680586584 0.000704477744296015 1.86563835631541e-07 no_error _Recombination_Map_Scenario_3_ 750 2250 0 0.05 GF_Model_IV
0.0009186444126918 660.491034651058 0.000182505371620164 1.14414881381073e-07 no_error _Recombination_Map_Scenario_3_ 750 2250 0 0.05 GF_Model_IV
0.000775950810556776 735.267647065761 0.000111576544723014 1.07185955348854e-07 no_error _Recombination_Map_Scenario_3_ 750 2250 0 0.05 GF_Model_IV
0.000836311062128521 718.137436830382 0.000118537317594226 2.20672486226318e-07 no_error _Recombination_Map_Scenario_3_ 750 2250 0 0.05 GF_Model_IV
0.000723659696684569 575.567145984352 0.000483975498246836 2.64704322885826e-07 no_error _Recombination_Map_Scenario_3_ 750 2250 0 0.05 GF_Model_IV
0.000807603907469875 551.064245627852 0.000491832999785823 2.42048016733982e-07 no_error _Recombination_Map_Scenario_3_ 750 2250 0 0.05 GF_Model_IV
0.000812738371393377 634.508004280492 0.000230560046818302 1.27903955583645e-07 no_error _Recombination_Map_Scenario_3_ 750 2250 0 0.05 GF_Model_IV
0.000797359042855072 662.941526949873 0.000361625064286183 1.65880817555321e-07 no_error _Recombination_Map_Scenario_3_ 750 2250 0 0.05 GF_Model_IV
0.00072504709538831 516.985453184184 0.000436382621482346 2.32384914737695e-07 no_error _Recombination_Map_Scenario_3_ 750 2250 0 0.05 GF_Model_IV
0.00080058881403134 730.115344801381 0.000169550492591041 1.35327163555724e-07 no_error _Recombination_Map_Scenario_3_ 750 2250 0 0.05 GF_Model_IV
0.000839784475004441 716.256107407492 0.000149286488003727 1.5623762774079e-07 no_error _Recombination_Map_Scenario_3_ 750 2250 0 0.05 GF_Model_IV
0.000735332400815398 703.724133189771 0.000173134975240354 1.10762685166638e-07 no_error _Recombination_Map_Scenario_3_ 750 2250 0 0.05 GF_Model_IV
0.000768696573029286 617.61192434021 0.000147627017570363 2.31383051305661e-07 no_error _Recombination_Map_Scenario_3_ 750 2250 0 0.05 GF_Model_IV
0.000681818750632922 691.39565925265 8.26603846207571e-05 1.20240971989768e-07 no_error _Recombination_Map_Scenario_3_ 750 2250 0 0.05 GF_Model_IV
0.000915891430827931 738.832927698001 0.000114202383297637 1.55721726539924e-07 no_error _Recombination_Map_Scenario_3_ 750 2250 0 0.05 GF_Model_IV
0.0138791124789088 564.017009606943 0.00794025654953868 3.2420931034194e-05 no_error _Recombination_Map_Scenario_4_ 750 2250 1 0.05 GF_Model_IV
0.00838999238231708 145.828859900732 0.0180408408422903 7.54024145328017e-05 no_error _Recombination_Map_Scenario_4_ 750 2250 1 0.05 GF_Model_IV
0.0141026811955681 533.183011243406 0.010708813458339 5.27306845987278e-05 no_error _Recombination_Map_Scenario_4_ 750 2250 1 0.05 GF_Model_IV
0.017837468428107 462.210653994517 0.00460959773012456 3.31600338636678e-05 no_error _Recombination_Map_Scenario_4_ 750 2250 1 0.05 GF_Model_IV
0.0179008886668375 577.680431669069 0.00693766284859598 4.64383890067445e-05 no_error _Recombination_Map_Scenario_4_ 750 2250 1 0.05 GF_Model_IV
0.0156757658503824 590.520920806146 0.00277813855865527 1.23467947816017e-05 no_error _Recombination_Map_Scenario_4_ 750 2250 1 0.05 GF_Model_IV
0.0161754104599401 525.955445044483 0.00448347214245889 5.94613519487199e-05 no_error _Recombination_Map_Scenario_4_ 750 2250 1 0.05 GF_Model_IV
0.0120526449114773 591.659988158958 0.0103468296911487 4.70700158120834e-05 no_error _Recombination_Map_Scenario_4_ 750 2250 1 0.05 GF_Model_IV
0.0159681477029898 610.248604747124 0.00502217572902052 3.69192076394257e-05 no_error _Recombination_Map_Scenario_4_ 750 2250 1 0.05 GF_Model_IV
0.00841089564178216 609.225128769397 0.0251568175603634 6.44638088452257e-05 no_error _Recombination_Map_Scenario_4_ 750 2250 1 0.05 GF_Model_IV
0.0166613217148795 521.091773278862 0.0033954483776075 9.6138099913647e-05 no_error _Recombination_Map_Scenario_4_ 750 2250 1 0.05 GF_Model_IV
0.010444660585805 574.291207703199 0.0108429480230206 3.31674534709982e-05 no_error _Recombination_Map_Scenario_4_ 750 2250 1 0.05 GF_Model_IV
0.0115406743525084 445.756897056494 0.0146422065190611 8.86418556426642e-05 no_error _Recombination_Map_Scenario_4_ 750 2250 1 0.05 GF_Model_IV
0.0138503777712332 584.385901471447 0.00755001710139506 2.74337210879956e-05 no_error _Recombination_Map_Scenario_4_ 750 2250 1 0.05 GF_Model_IV
0.0141332208069756 585.659274908755 0.00631436402467881 2.20861107924064e-05 no_error _Recombination_Map_Scenario_4_ 750 2250 1 0.05 GF_Model_IV
0.0135213586836087 607.296838034213 0.00751374367901644 4.73225680064801e-05 no_error _Recombination_Map_Scenario_4_ 750 2250 1 0.05 GF_Model_IV
0.0148649803311345 572.322990645058 0.00532016274937626 8.36818495215788e-05 no_error _Recombination_Map_Scenario_4_ 750 2250 1 0.05 GF_Model_IV
0.0159558470387328 580.250516456267 0.0057674157672923 6.98646218811719e-05 no_error _Recombination_Map_Scenario_4_ 750 2250 1 0.05 GF_Model_IV
0.0153333585758495 478.675570322144 0.00716551844365617 3.17799073925263e-05 no_error _Recombination_Map_Scenario_4_ 750 2250 1 0.05 GF_Model_IV
0.0122601263810072 709.204302000932 0.0115419482825333 5.43215742622132e-05 no_error _Recombination_Map_Scenario_4_ 750 2250 1 0.05 GF_Model_IV
0.0143662318723493 478.014995523095 0.00701242466088231 9.70785254038399e-05 no_error _Recombination_Map_Scenario_4_ 750 2250 1 0.05 GF_Model_IV
0.00998886040888642 463.249360460965 0.020156089040095 6.89699269261989e-05 no_error _Recombination_Map_Scenario_4_ 750 2250 1 0.05 GF_Model_IV
0.0176603952717509 562.826768854865 0.00287144178310034 4.54992133135374e-05 no_error _Recombination_Map_Scenario_4_ 750 2250 1 0.05 GF_Model_IV
0.00771919035310646 512.340679933331 0.0231860254358646 6.45402436310773e-05 no_error _Recombination_Map_Scenario_4_ 750 2250 1 0.05 GF_Model_IV
0.0134253834557369 579.387994532171 0.00637584362158307 2.63517979180883e-05 no_error _Recombination_Map_Scenario_4_ 750 2250 1 0.05 GF_Model_IV
0.00730133951979312 615.161853349752 0.0234570964782609 5.39548844656304e-05 no_error _Recombination_Map_Scenario_4_ 750 2250 1 0.05 GF_Model_IV
0.0176980985107 499.43414815255 0.00285783922777566 0.000107419980491523 no_error _Recombination_Map_Scenario_4_ 750 2250 1 0.05 GF_Model_IV
0.0162026170350428 328.789658849694 0.00400125878514677 0.000181114830550257 no_error _Recombination_Map_Scenario_4_ 750 2250 1 0.05 GF_Model_IV
0.00724275413012046 1070.5472937051 0.0236494865669659 4.23822856446537e-05 no_error _Recombination_Map_Scenario_4_ 750 2250 1 0.05 GF_Model_IV
0.0155896858749059 523.735626993524 0.00326994800429243 5.30329097011323e-05 no_error _Recombination_Map_Scenario_4_ 750 2250 1 0.05 GF_Model_IV
0.0142197099952522 362.183840939381 0.00857906291105467 9.53573181985283e-05 no_error _Recombination_Map_Scenario_4_ 750 2250 1 0.05 GF_Model_IV
0.0104264929991913 593.944114587927 0.00589267975848927 3.18279295501958e-05 no_error _Recombination_Map_Scenario_4_ 750 2250 1 0.05 GF_Model_IV
0.0192137127313001 629.50444945027 0.00686919030189251 5.95332924903333e-05 no_error _Recombination_Map_Scenario_4_ 750 2250 1 0.05 GF_Model_IV
0.0185255621958982 577.495601379039 0.00747278135881515 2.92653753207456e-05 no_error _Recombination_Map_Scenario_4_ 750 2250 1 0.05 GF_Model_IV
0.0109537744102356 594.472869028426 0.0126367248337538 3.55686695578802e-05 no_error _Recombination_Map_Scenario_4_ 750 2250 1 0.05 GF_Model_IV
0.0158124189174179 556.613626449414 0.00343212942327061 4.9256691772809e-05 no_error _Recombination_Map_Scenario_4_ 750 2250 1 0.05 GF_Model_IV
0.00659146523508851 462.064141243343 0.0222533292442759 4.3475503847195e-05 no_error _Recombination_Map_Scenario_4_ 750 2250 1 0.05 GF_Model_IV
0.0188124707927151 515.851935097753 0.00470209538390119 2.2191405079969e-05 no_error _Recombination_Map_Scenario_4_ 750 2250 1 0.05 GF_Model_IV
0.0180652001499995 551.277973198952 0.00230633382556036 5.38562737456454e-05 no_error _Recombination_Map_Scenario_4_ 750 2250 1 0.05 GF_Model_IV
0.0137199187800031 632.663986630538 0.00851302189022733 3.61234690958272e-05 no_error _Recombination_Map_Scenario_4_ 750 2250 1 0.05 GF_Model_IV
0.0158961465143401 493.030765844551 0.00902369516212139 6.56246601359985e-05 no_error _Recombination_Map_Scenario_4_ 750 2250 1 0.05 GF_Model_IV
0.0132716133349215 608.37108129 0.00945377128221539 6.15749240564268e-05 no_error _Recombination_Map_Scenario_4_ 750 2250 1 0.05 GF_Model_IV
0.0169025620885137 451.508245759632 0.0041680202705596 0.000112016273212483 no_error _Recombination_Map_Scenario_4_ 750 2250 1 0.05 GF_Model_IV
0.00675708088094114 715.085685391672 0.0253995902505002 8.59769769553126e-05 no_error _Recombination_Map_Scenario_4_ 750 2250 1 0.05 GF_Model_IV
0.0120122751205323 537.847417752232 0.013834021679964 3.93486531768404e-05 no_error _Recombination_Map_Scenario_4_ 750 2250 1 0.05 GF_Model_IV
0.0152446252249952 521.114249482234 0.00599356401050339 3.76813952209184e-05 no_error _Recombination_Map_Scenario_4_ 750 2250 1 0.05 GF_Model_IV
0.00977772808818232 456.118725345141 0.0159567326971934 6.99443182121501e-05 no_error _Recombination_Map_Scenario_4_ 750 2250 1 0.05 GF_Model_IV
0.0144112458990762 664.435110518119 0.00834322431725722 3.51097859459204e-05 no_error _Recombination_Map_Scenario_4_ 750 2250 1 0.05 GF_Model_IV
0.00881351742823468 706.233577906306 0.0202715299162022 4.26421121268224e-05 no_error _Recombination_Map_Scenario_4_ 750 2250 1 0.05 GF_Model_IV
0.0124786975482842 508.081954460837 0.00937837201618682 5.57174059669286e-05 no_error _Recombination_Map_Scenario_4_ 750 2250 1 0.05 GF_Model_IV
0.0139507636884231 475.183793353222 0.0067834836726075 6.35209179382862e-05 no_error _Recombination_Map_Scenario_4_ 750 2250 1 0.05 GF_Model_IV
0.00986582001730172 890.841327833702 0.0166484418967258 1.28008580118852e-05 no_error _Recombination_Map_Scenario_4_ 750 2250 1 0.05 GF_Model_IV
0.0066347658338739 19.6386956181535 0.0338447219099561 0.000104452734393331 nls_error _Recombination_Map_Scenario_4_ 750 2250 1 0.05 GF_Model_IV
0.0141447631324689 532.040311747284 0.0038489273058016 3.18379033159103e-05 no_error _Recombination_Map_Scenario_4_ 750 2250 1 0.05 GF_Model_IV
0.0129271398582927 539.219960678346 0.0118898847157758 7.20210724920152e-05 no_error _Recombination_Map_Scenario_4_ 750 2250 1 0.05 GF_Model_IV
0.0126241219716067 528.702213855288 0.00944431353156642 2.97911341347021e-05 no_error _Recombination_Map_Scenario_4_ 750 2250 1 0.05 GF_Model_IV
0.0130755869152945 494.2542790372 0.00598017372940337 5.18233380880908e-05 no_error _Recombination_Map_Scenario_4_ 750 2250 1 0.05 GF_Model_IV
0.0108547138280968 592.374071941942 0.0136343553281989 2.67379936112137e-05 no_error _Recombination_Map_Scenario_4_ 750 2250 1 0.05 GF_Model_IV
0.0184120935241428 558.406951265411 0.00318725647080769 2.62899935051556e-05 no_error _Recombination_Map_Scenario_4_ 750 2250 1 0.05 GF_Model_IV
0.0138915201971193 562.883101562723 0.00464718653644777 4.15420769808593e-05 no_error _Recombination_Map_Scenario_4_ 750 2250 1 0.05 GF_Model_IV
0.0125920909902033 780.341329284257 0.0166184310647748 4.17210446834557e-05 no_error _Recombination_Map_Scenario_4_ 750 2250 1 0.05 GF_Model_IV
0.0124570152228345 514.109099849245 0.0088909894736208 6.00407407596092e-05 no_error _Recombination_Map_Scenario_4_ 750 2250 1 0.05 GF_Model_IV
0.0104658925929473 588.929459225717 0.00839411334427054 2.69119772265927e-05 no_error _Recombination_Map_Scenario_4_ 750 2250 1 0.05 GF_Model_IV
0.014657851192977 625.409482052333 0.00903228688099265 2.94840685126029e-05 no_error _Recombination_Map_Scenario_4_ 750 2250 1 0.05 GF_Model_IV
0.014068258963428 574.733354269243 0.00481768287298042 2.61747554747488e-05 no_error _Recombination_Map_Scenario_4_ 750 2250 1 0.05 GF_Model_IV
0.0179048935316617 500.098710757656 0.00436051993630613 9.63855122516979e-05 no_error _Recombination_Map_Scenario_4_ 750 2250 1 0.05 GF_Model_IV
0.00936634135610219 601.546827303545 0.0158145452258206 3.42981290001227e-05 no_error _Recombination_Map_Scenario_4_ 750 2250 1 0.05 GF_Model_IV
0.0125131970580694 675.656718020413 0.0109763704503888 2.74803187322879e-05 no_error _Recombination_Map_Scenario_4_ 750 2250 1 0.05 GF_Model_IV
0.0130582270116052 582.358274459301 0.00898598901842586 2.89346481881557e-05 no_error _Recombination_Map_Scenario_4_ 750 2250 1 0.05 GF_Model_IV
0.0119504300489032 507.500631232562 0.00483579753223123 2.01462759536461e-05 no_error _Recombination_Map_Scenario_4_ 750 2250 1 0.05 GF_Model_IV
0.0128405533969818 580.898062391392 0.00439737782033105 2.52746485666903e-05 no_error _Recombination_Map_Scenario_4_ 750 2250 1 0.05 GF_Model_IV
0.0176963653743991 482.535108346869 0.00498868843535219 5.98175220879121e-05 no_error _Recombination_Map_Scenario_4_ 750 2250 1 0.05 GF_Model_IV
0.0162065124757032 591.845225529051 0.00329626023785169 3.55724156842862e-05 no_error _Recombination_Map_Scenario_4_ 750 2250 1 0.05 GF_Model_IV
0.0101821585767199 572.936039743427 0.0142400385568608 2.56616919728459e-05 no_error _Recombination_Map_Scenario_4_ 750 2250 1 0.05 GF_Model_IV
0.00934858936577871 344.833486651181 0.0149495010360523 6.26049706526195e-05 no_error _Recombination_Map_Scenario_4_ 750 2250 1 0.05 GF_Model_IV
0.0143047886918252 483.995909734044 0.0038590825232073 5.67188818394113e-05 no_error _Recombination_Map_Scenario_4_ 750 2250 1 0.05 GF_Model_IV
0.0141108476932863 416.059957214157 0.00691233379876955 0.000132863466269448 no_error _Recombination_Map_Scenario_4_ 750 2250 1 0.05 GF_Model_IV
0.0148976271482702 525.841062632527 0.00783585226102522 9.94762456406648e-05 no_error _Recombination_Map_Scenario_4_ 750 2250 1 0.05 GF_Model_IV
0.0134118288453966 598.032809828796 0.0135640314921625 3.89348770426489e-05 no_error _Recombination_Map_Scenario_4_ 750 2250 1 0.05 GF_Model_IV
0.00847542010231334 480.791120246089 0.0191091559435223 4.38877686101879e-05 no_error _Recombination_Map_Scenario_4_ 750 2250 1 0.05 GF_Model_IV
0.0108406199152627 624.164382214492 0.0178647083228369 4.50462772459678e-05 no_error _Recombination_Map_Scenario_4_ 750 2250 1 0.05 GF_Model_IV
0.012244081332558 474.829804729314 0.0116735118739798 8.99290870243995e-05 no_error _Recombination_Map_Scenario_4_ 750 2250 1 0.05 GF_Model_IV
0.013701409487538 613.941108260103 0.0114023451128883 9.02424189877038e-05 no_error _Recombination_Map_Scenario_4_ 750 2250 1 0.05 GF_Model_IV
0.0163636435104119 442.280906038976 0.00684217554361198 7.17310234587724e-05 no_error _Recombination_Map_Scenario_4_ 750 2250 1 0.05 GF_Model_IV
0.0151936146567064 502.935520070219 0.00493133195504305 4.77368478472746e-05 no_error _Recombination_Map_Scenario_4_ 750 2250 1 0.05 GF_Model_IV
0.00925149458777303 546.602054663624 0.0106379618234341 2.43859899522264e-05 no_error _Recombination_Map_Scenario_4_ 750 2250 1 0.05 GF_Model_IV
0.011551657838237 667.603428422674 0.0101661374458268 2.71777126218874e-05 no_error _Recombination_Map_Scenario_4_ 750 2250 1 0.05 GF_Model_IV
0.0116876573573932 476.831823810931 0.0156022468218898 4.41571272980029e-05 no_error _Recombination_Map_Scenario_4_ 750 2250 1 0.05 GF_Model_IV
0.0180930122242553 418.989891348766 0.00620859442266905 3.48486556880975e-05 no_error _Recombination_Map_Scenario_4_ 750 2250 1 0.05 GF_Model_IV
0.0128279378509926 702.177387154964 0.00806946415598675 1.69531653011858e-05 no_error _Recombination_Map_Scenario_4_ 750 2250 1 0.05 GF_Model_IV
0.00500461264770112 1721.13971359956 0.032046820937529 0.000115289925481661 no_error _Recombination_Map_Scenario_4_ 750 2250 1 0.05 GF_Model_IV
0.0113468149943895 620.365712087165 0.0120958861502832 2.74296803765494e-05 no_error _Recombination_Map_Scenario_4_ 750 2250 1 0.05 GF_Model_IV
0.0135242988076147 529.449838451698 0.00525880071417378 3.22900489086249e-05 no_error _Recombination_Map_Scenario_4_ 750 2250 1 0.05 GF_Model_IV
0.016031593812448 595.828932827691 0.00447418599127008 5.59333911928577e-05 no_error _Recombination_Map_Scenario_4_ 750 2250 1 0.05 GF_Model_IV
0.021671091462128 547.922168794388 0.00227860102819037 5.28566745963735e-05 no_error _Recombination_Map_Scenario_4_ 750 2250 1 0.05 GF_Model_IV
0.0117342408659625 421.592368834761 0.0136507870903046 3.17109555667908e-05 no_error _Recombination_Map_Scenario_4_ 750 2250 1 0.05 GF_Model_IV
0.0132796698415941 612.999131658481 0.00850263010504205 3.76989246200504e-05 no_error _Recombination_Map_Scenario_4_ 750 2250 1 0.05 GF_Model_IV
0.0107673731599504 633.362071788327 0.00806912317512968 2.56896173571444e-05 no_error _Recombination_Map_Scenario_4_ 750 2250 1 0.05 GF_Model_IV
0.00976511292667041 437.03106366064 0.0154227081950729 6.41055209559597e-05 no_error _Recombination_Map_Scenario_4_ 750 2250 1 0.05 GF_Model_IV
0.0140424435284842 485.192116234171 0.00713538696931798 8.17251992037154e-05 no_error _Recombination_Map_Scenario_4_ 750 2250 1 0.05 GF_Model_IV
