0.000572833993511623 281.628668481577 1.38300303973693e-05 3.39067304604539e-08 no_error _Scenario_1_ 250 251 0 0.02 GF_Model_IV
0.000640564338456122 284.395562761921 1.92213480339509e-05 4.89882411809209e-08 no_error _Scenario_1_ 250 251 0 0.02 GF_Model_IV
0.000594589164177734 278.983501551455 1.13607962774956e-05 3.0220291692501e-08 no_error _Scenario_1_ 250 251 0 0.02 GF_Model_IV
0.000591150198945698 281.875879120612 1.32283284028047e-05 3.57813239168776e-08 no_error _Scenario_1_ 250 251 0 0.02 GF_Model_IV
0.000587580724207124 280.945517930028 1.3592144808665e-05 3.25284905909097e-08 no_error _Scenario_1_ 250 251 0 0.02 GF_Model_IV
0.000585414956896392 278.478521046956 1.3550561894063e-05 3.60653210079679e-08 no_error _Scenario_1_ 250 251 0 0.02 GF_Model_IV
0.000599746763567035 279.234369409228 1.33952304224407e-05 3.42036178309046e-08 no_error _Scenario_1_ 250 251 0 0.02 GF_Model_IV
0.000610507978135624 281.90973003622 1.69665974205058e-05 4.33319303592478e-08 no_error _Scenario_1_ 250 251 0 0.02 GF_Model_IV
0.000608001583679817 280.497038871986 1.50551655858145e-05 4.17377588264397e-08 no_error _Scenario_1_ 250 251 0 0.02 GF_Model_IV
0.000598817731422388 276.97364685133 1.59756843438286e-05 4.215264274055e-08 no_error _Scenario_1_ 250 251 0 0.02 GF_Model_IV
0.000617172714816169 545.477679272646 4.42340103947646e-06 2.76594378932472e-08 no_error _Scenario_2_ 500 501 0 0.02 GF_Model_IV
0.000595290498133555 544.358685691145 4.35259037998965e-06 2.58390069391113e-08 no_error _Scenario_2_ 500 501 0 0.02 GF_Model_IV
0.000588839721274116 542.292468745314 4.85060907315583e-06 2.60043111108741e-08 no_error _Scenario_2_ 500 501 0 0.02 GF_Model_IV
0.000589584448864633 543.238274221152 3.41608507182008e-06 2.46010767405615e-08 no_error _Scenario_2_ 500 501 0 0.02 GF_Model_IV
0.000569983673248703 538.07349906511 2.9500167098383e-06 2.27069522579681e-08 no_error _Scenario_2_ 500 501 0 0.02 GF_Model_IV
0.000618828697770322 553.154893122875 4.36122783304302e-06 2.48326566922997e-08 no_error _Scenario_2_ 500 501 0 0.02 GF_Model_IV
0.000583889261695963 544.291170201846 4.03362847794331e-06 2.96343781133952e-08 no_error _Scenario_2_ 500 501 0 0.02 GF_Model_IV
0.000582632216168205 549.553767084484 3.90351944584004e-06 2.04425957397507e-08 no_error _Scenario_2_ 500 501 0 0.02 GF_Model_IV
0.000618790611104357 542.95862673559 3.82101327537715e-06 2.98361002584712e-08 no_error _Scenario_2_ 500 501 0 0.02 GF_Model_IV
0.00058803583537903 550.535409129079 3.58152715401525e-06 2.37894117729243e-08 no_error _Scenario_2_ 500 501 0 0.02 GF_Model_IV
0.000542733726532929 1100.41821858933 8.3481035729499e-07 9.29104081099613e-09 no_error _Scenario_3_ 1000 1001 0 0.02 GF_Model_IV
0.00054154889034058 1093.68404279711 1.66819014577658e-06 1.39451098369565e-08 no_error _Scenario_3_ 1000 1001 0 0.02 GF_Model_IV
0.000531175161992413 1075.95061219094 1.11686479546392e-06 8.31068599238864e-09 no_error _Scenario_3_ 1000 1001 0 0.02 GF_Model_IV
0.000540017925473219 1103.10288013046 1.16481639528252e-06 8.72032449052249e-09 no_error _Scenario_3_ 1000 1001 0 0.02 GF_Model_IV
0.000537203314449894 1101.66978800582 1.1578389375267e-06 1.24195982719968e-08 no_error _Scenario_3_ 1000 1001 0 0.02 GF_Model_IV
0.000561674808139307 1096.30721800352 1.41452598688323e-06 1.07020226469513e-08 no_error _Scenario_3_ 1000 1001 0 0.02 GF_Model_IV
0.000543928193146643 1109.22858073784 3.67864283930682e-07 1.04870007664411e-08 no_error _Scenario_3_ 1000 1001 0 0.02 GF_Model_IV
0.00052895775682771 1077.27109200577 7.0114445896356e-07 9.07238495684304e-09 no_error _Scenario_3_ 1000 1001 0 0.02 GF_Model_IV
0.000558124535255362 1078.0531214912 1.30317846628331e-06 1.57496734979118e-08 no_error _Scenario_3_ 1000 1001 0 0.02 GF_Model_IV
0.000544284107254912 1086.99398661761 9.40722148227797e-07 9.75725801720891e-09 no_error _Scenario_3_ 1000 1001 0 0.02 GF_Model_IV
0.000473133551655069 1680.91742521386 6.66241623808765e-07 3.57818909490829e-09 no_error _Scenario_4_ 1500 1501 0 0.02 GF_Model_IV
0.000524653377418067 1648.74936353328 8.67357531296278e-07 4.46335181700005e-09 no_error _Scenario_4_ 1500 1501 0 0.02 GF_Model_IV
0.000486942628160171 1661.53437397018 5.54449070390196e-07 5.37329740197603e-09 no_error _Scenario_4_ 1500 1501 0 0.02 GF_Model_IV
0.000508879659696236 1635.92864700972 9.07216204475848e-07 5.92919558405549e-09 no_error _Scenario_4_ 1500 1501 0 0.02 GF_Model_IV
0.000476181625367436 1653.27833728323 6.83527811374238e-07 5.08702406026124e-09 no_error _Scenario_4_ 1500 1501 0 0.02 GF_Model_IV
0.000498433997380438 1646.30214134619 7.18145494614481e-07 4.77645501292429e-09 no_error _Scenario_4_ 1500 1501 0 0.02 GF_Model_IV
0.00049332356795644 1620.44482926981 6.81494364020385e-07 5.48308193860381e-09 no_error _Scenario_4_ 1500 1501 0 0.02 GF_Model_IV
0.000515419695082814 1677.46710885071 6.25089971001833e-07 4.88101626622484e-09 no_error _Scenario_4_ 1500 1501 0 0.02 GF_Model_IV
0.000476352489085354 1683.43209586983 7.08302195159055e-07 8.0129034487357e-09 no_error _Scenario_4_ 1500 1501 0 0.02 GF_Model_IV
0.000503090325770951 1646.71063190872 3.71567044413416e-07 5.30515146992207e-09 no_error _Scenario_4_ 1500 1501 0 0.02 GF_Model_IV
0.00045395026063942 2295.84009592921 2.98011863000935e-07 2.72349030856297e-09 no_error _Scenario_5_ 2000 2001 0 0.02 GF_Model_IV
0.000444586170774652 2211.37242114001 4.86959184260681e-07 3.15084135610415e-09 no_error _Scenario_5_ 2000 2001 0 0.02 GF_Model_IV
0.000460855323658905 2252.93389363316 3.89036308042732e-07 2.60391104982701e-09 no_error _Scenario_5_ 2000 2001 0 0.02 GF_Model_IV
0.000429609044292162 2145.04187581552 1.64266596228313e-07 3.11009257176305e-09 no_error _Scenario_5_ 2000 2001 0 0.02 GF_Model_IV
0.000454682230111179 2261.80301649724 2.04523365954062e-07 2.67669537999812e-09 no_error _Scenario_5_ 2000 2001 0 0.02 GF_Model_IV
0.000433250548784064 2221.53874299968 3.88344357211512e-07 1.88184129139194e-09 no_error _Scenario_5_ 2000 2001 0 0.02 GF_Model_IV
0.000448347972598849 2245.05591766243 3.17187009703554e-07 3.45725804420144e-09 no_error _Scenario_5_ 2000 2001 0 0.02 GF_Model_IV
0.000459231514217973 2272.00098086218 3.54275677649607e-07 3.13551312956186e-09 no_error _Scenario_5_ 2000 2001 0 0.02 GF_Model_IV
0.000465830018731964 2278.03705552896 1.66431024513904e-07 3.10433641288878e-09 no_error _Scenario_5_ 2000 2001 0 0.02 GF_Model_IV
0.000442748496210807 2247.75508202738 5.1211928309623e-07 2.01882366105724e-09 no_error _Scenario_5_ 2000 2001 0 0.02 GF_Model_IV
0.000578953095940251 283.864216681517 1.96510257360737e-05 4.00687692839e-08 no_error _Scenario_6_ 188 312 0 0.02 GF_Model_IV
0.000607458483560109 281.814812266169 1.80660433978669e-05 4.09579535803864e-08 no_error _Scenario_6_ 188 312 0 0.02 GF_Model_IV
0.000599466417220642 278.816897878261 1.63073778870618e-05 4.06210285083631e-08 no_error _Scenario_6_ 188 312 0 0.02 GF_Model_IV
0.000593261774480925 282.074398786423 1.91316046989149e-05 4.18883690807107e-08 no_error _Scenario_6_ 188 312 0 0.02 GF_Model_IV
0.000592384977576849 282.039740225021 1.84702522620831e-05 4.0680484851512e-08 no_error _Scenario_6_ 188 312 0 0.02 GF_Model_IV
0.00060968511599577 276.284705518643 1.80151821608269e-05 4.13188038407957e-08 no_error _Scenario_6_ 188 312 0 0.02 GF_Model_IV
0.000600215790982233 276.544803534029 1.90109957370112e-05 3.95045492090302e-08 no_error _Scenario_6_ 188 312 0 0.02 GF_Model_IV
0.000581926448337999 282.552772634814 1.88714213393794e-05 3.67752522802103e-08 no_error _Scenario_6_ 188 312 0 0.02 GF_Model_IV
0.000608077732151941 280.943067490068 1.80227547543114e-05 4.10689396460646e-08 no_error _Scenario_6_ 188 312 0 0.02 GF_Model_IV
0.00059886986426846 282.785067376982 1.92894896427026e-05 3.80718499404256e-08 no_error _Scenario_6_ 188 312 0 0.02 GF_Model_IV
0.000574699856330148 546.836953877095 4.78325067101306e-06 2.81207718976882e-08 no_error _Scenario_7_ 375 625 0 0.02 GF_Model_IV
0.000577122583852319 539.111154247356 4.19944585889246e-06 2.5428031712158e-08 no_error _Scenario_7_ 375 625 0 0.02 GF_Model_IV
0.000607237219622712 536.046171500942 3.7924995130756e-06 2.78882082879522e-08 no_error _Scenario_7_ 375 625 0 0.02 GF_Model_IV
0.000590690026149173 536.862082450177 3.06772498695087e-06 2.45009514021043e-08 no_error _Scenario_7_ 375 625 0 0.02 GF_Model_IV
0.000574420275609654 542.193694141227 6.12968910953821e-06 2.78175880412073e-08 no_error _Scenario_7_ 375 625 0 0.02 GF_Model_IV
0.000598522038423513 538.278201753366 4.16370382592422e-06 2.54341593416388e-08 no_error _Scenario_7_ 375 625 0 0.02 GF_Model_IV
0.00055811497813861 535.662013168331 5.23513855304959e-06 2.25484726855816e-08 no_error _Scenario_7_ 375 625 0 0.02 GF_Model_IV
0.000534281331555862 542.590090265983 5.0100364611067e-06 2.70139274410868e-08 no_error _Scenario_7_ 375 625 0 0.02 GF_Model_IV
0.000589528809050575 529.429775340852 4.86517462525969e-06 2.62626011108413e-08 no_error _Scenario_7_ 375 625 0 0.02 GF_Model_IV
0.000581921415611753 535.948651562992 3.55498032467024e-06 2.65302578848983e-08 no_error _Scenario_7_ 375 625 0 0.02 GF_Model_IV
0.000508100478141997 1070.74174602532 1.46945783580893e-06 9.36766925307234e-09 no_error _Scenario_8_ 750 1250 0 0.02 GF_Model_IV
0.000501750536684698 1087.43509549079 1.96408396560182e-06 9.43834709841026e-09 no_error _Scenario_8_ 750 1250 0 0.02 GF_Model_IV
0.000505946593916103 1055.40510817304 1.25124656380154e-06 1.03484680401241e-08 no_error _Scenario_8_ 750 1250 0 0.02 GF_Model_IV
0.000517329845474357 1071.58105472676 1.35048181765419e-06 1.20684114288064e-08 no_error _Scenario_8_ 750 1250 0 0.02 GF_Model_IV
0.000516406189362154 1059.65687640187 1.42431735081885e-06 9.84048813497991e-09 no_error _Scenario_8_ 750 1250 0 0.02 GF_Model_IV
0.000518325914132617 1075.43710546427 1.24551457448635e-06 1.12004669944349e-08 no_error _Scenario_8_ 750 1250 0 0.02 GF_Model_IV
0.000502531227602205 1068.46541379913 1.19749572471544e-06 1.05089785374652e-08 no_error _Scenario_8_ 750 1250 0 0.02 GF_Model_IV
0.000509879395625497 1065.77452106769 7.73972342864317e-07 8.606682976587e-09 no_error _Scenario_8_ 750 1250 0 0.02 GF_Model_IV
0.000530867246034706 1071.90946786552 1.49902300577804e-06 1.29658303021948e-08 no_error _Scenario_8_ 750 1250 0 0.02 GF_Model_IV
0.00051848186135107 1077.19847019203 1.27358337055131e-06 1.32904082293719e-08 no_error _Scenario_8_ 750 1250 0 0.02 GF_Model_IV
0.000459327882726177 1659.90154706712 7.09199358639678e-07 6.01303028430963e-09 no_error _Scenario_9_ 1125 1875 0 0.02 GF_Model_IV
0.000507334135131993 1642.76249794776 4.08530024818571e-07 5.34279657205949e-09 no_error _Scenario_9_ 1125 1875 0 0.02 GF_Model_IV
0.00046192484598473 1599.31127278155 6.36075515354786e-07 4.75260627490402e-09 no_error _Scenario_9_ 1125 1875 0 0.02 GF_Model_IV
0.000520643379708554 1625.09512477436 8.43812217567932e-07 7.4312501070112e-09 no_error _Scenario_9_ 1125 1875 0 0.02 GF_Model_IV
0.000490251292971551 1644.48003298498 4.12799880646496e-07 5.75387855506123e-09 no_error _Scenario_9_ 1125 1875 0 0.02 GF_Model_IV
0.000503191830216026 1605.09062382534 5.32296768567037e-07 5.31350517234421e-09 no_error _Scenario_9_ 1125 1875 0 0.02 GF_Model_IV
0.000447384639202891 1640.26292697375 5.99525093922703e-07 4.71477088069559e-09 no_error _Scenario_9_ 1125 1875 0 0.02 GF_Model_IV
0.000481693079176845 1608.44636500216 8.04805044324971e-07 5.71941408156133e-09 no_error _Scenario_9_ 1125 1875 0 0.02 GF_Model_IV
0.000482855707384259 1647.8101305919 7.67962685257391e-07 4.55926753271839e-09 no_error _Scenario_9_ 1125 1875 0 0.02 GF_Model_IV
0.000449599361364758 1647.0418099702 5.28803140470395e-07 4.96211119033391e-09 no_error _Scenario_9_ 1125 1875 0 0.02 GF_Model_IV
0.000432883744966483 2199.12387180259 1.83113873034904e-07 2.82647690984768e-09 no_error _Scenario_10_ 1500 2500 0 0.02 GF_Model_IV
0.0004588836636696 2162.90930009221 4.96009965688911e-07 4.11464436264014e-09 no_error _Scenario_10_ 1500 2500 0 0.02 GF_Model_IV
0.000449391466391494 2156.86873361911 2.12968093982119e-07 3.09869098851617e-09 no_error _Scenario_10_ 1500 2500 0 0.02 GF_Model_IV
0.000431695466107766 2225.51971692722 3.9330817934714e-07 3.61531894181519e-09 no_error _Scenario_10_ 1500 2500 0 0.02 GF_Model_IV
0.000441232020528013 2131.68279293436 3.99067593840916e-07 2.91521345150083e-09 no_error _Scenario_10_ 1500 2500 0 0.02 GF_Model_IV
0.00043908486194649 2192.44876144507 6.34904015962574e-07 2.08739891769234e-09 no_error _Scenario_10_ 1500 2500 0 0.02 GF_Model_IV
0.000430239634369995 2227.86782540358 2.19652932505782e-07 2.83839536784367e-09 no_error _Scenario_10_ 1500 2500 0 0.02 GF_Model_IV
0.000445026015903359 2207.00477011276 3.93643746674335e-07 2.87792242297206e-09 no_error _Scenario_10_ 1500 2500 0 0.02 GF_Model_IV
0.000427776070127646 2191.24569097833 3.38072826402974e-07 2.69448575663908e-09 no_error _Scenario_10_ 1500 2500 0 0.02 GF_Model_IV
0.000427385192188323 2148.51271471857 6.03661988835574e-07 2.3583997723571e-09 no_error _Scenario_10_ 1500 2500 0 0.02 GF_Model_IV
