0.000441925170895437 1566.81127732181 3.29950871209857e-07 4.8795228250227e-10 no_error _Scenario_11_ 1500 1501 0 0.05 GF_Model_IV
0.000462784075681787 1576.37115909809 2.43483192246166e-07 3.74653377019437e-10 no_error _Scenario_11_ 1500 1501 0 0.05 GF_Model_IV
0.000455295598435814 1582.39983718376 5.84281942390064e-07 5.11796469328435e-10 no_error _Scenario_11_ 1500 1501 0 0.05 GF_Model_IV
0.000461767164839765 1527.8058330895 -5.63922635745112e-08 4.34240513519581e-10 no_error _Scenario_11_ 1500 1501 0 0.05 GF_Model_IV
0.000460025407676758 1551.43245587088 7.94095377278822e-08 4.53903256434472e-10 no_error _Scenario_11_ 1500 1501 0 0.05 GF_Model_IV
0.00046360937130696 1566.32834904012 3.0916039344462e-08 3.71368440687206e-10 no_error _Scenario_11_ 1500 1501 0 0.05 GF_Model_IV
0.000442251075097895 1505.14848661235 -1.16189082233497e-07 7.84225416745244e-10 no_error _Scenario_11_ 1500 1501 0 0.05 GF_Model_IV
0.000411516692204844 1555.97686662458 2.92389230054079e-07 4.70927411367173e-10 no_error _Scenario_11_ 1500 1501 0 0.05 GF_Model_IV
0.000417818155641839 1538.62148803673 -3.17567839547832e-08 4.28511131416721e-10 no_error _Scenario_11_ 1500 1501 0 0.05 GF_Model_IV
0.000444536079192923 1605.07297592494 4.45127699881984e-07 4.38363535986349e-10 no_error _Scenario_11_ 1500 1501 0 0.05 GF_Model_IV
0.000445129559156037 1556.87803426005 2.84026161059681e-07 5.3714152140414e-10 no_error _Scenario_12_ 1400 1600 0 0.05 GF_Model_IV
0.000438415186589786 1528.95813622281 1.58778538929125e-07 4.53998902830215e-10 no_error _Scenario_12_ 1400 1600 0 0.05 GF_Model_IV
0.000450513260095394 1570.13308255883 2.69647249951805e-08 5.13148000928349e-10 no_error _Scenario_12_ 1400 1600 0 0.05 GF_Model_IV
0.000452065493281343 1541.25008852853 6.86181931284008e-08 5.05376022183457e-10 no_error _Scenario_12_ 1400 1600 0 0.05 GF_Model_IV
0.000453390813869516 1571.99539784136 -1.48866790528341e-07 5.18580058019252e-10 no_error _Scenario_12_ 1400 1600 0 0.05 GF_Model_IV
0.000431205035817196 1532.09475034955 2.25785151150233e-07 5.37623675343769e-10 no_error _Scenario_12_ 1400 1600 0 0.05 GF_Model_IV
0.000421446994248403 1506.64848361281 -1.50987502460437e-07 4.94884483044778e-10 no_error _Scenario_12_ 1400 1600 0 0.05 GF_Model_IV
0.000451862178090212 1513.18765814589 1.32340616045775e-07 6.57077674517316e-10 no_error _Scenario_12_ 1400 1600 0 0.05 GF_Model_IV
0.000446910161319963 1567.87927023835 3.11079927070518e-08 4.83009303671158e-10 no_error _Scenario_12_ 1400 1600 0 0.05 GF_Model_IV
0.000438251483342808 1548.39986928539 1.35077235320789e-07 6.98421628351023e-10 no_error _Scenario_12_ 1400 1600 0 0.05 GF_Model_IV
0.000425124118417594 1524.44107445129 1.18949981296838e-07 3.92638486313214e-10 no_error _Scenario_13_ 1300 1700 0 0.05 GF_Model_IV
0.000455460829145879 1559.5178726285 3.08310308555577e-07 4.38103527214121e-10 no_error _Scenario_13_ 1300 1700 0 0.05 GF_Model_IV
0.000441662951425633 1536.91787267309 1.70708193753852e-07 3.58502915929526e-10 no_error _Scenario_13_ 1300 1700 0 0.05 GF_Model_IV
0.000436423293267795 1492.90233135913 -3.62393154636123e-08 6.01181139684952e-10 no_error _Scenario_13_ 1300 1700 0 0.05 GF_Model_IV
0.000421049845796494 1545.73012018458 2.55106278501227e-07 8.32846435307434e-10 no_error _Scenario_13_ 1300 1700 0 0.05 GF_Model_IV
0.000430392413013757 1508.64850388778 2.61086172614433e-07 5.903061167007e-10 no_error _Scenario_13_ 1300 1700 0 0.05 GF_Model_IV
0.000428645264130151 1516.34533953723 7.9955236133021e-08 5.50337774581328e-10 no_error _Scenario_13_ 1300 1700 0 0.05 GF_Model_IV
0.0004493879292048 1536.14319471399 9.65337575052295e-08 5.86656894790065e-10 no_error _Scenario_13_ 1300 1700 0 0.05 GF_Model_IV
0.000430631400975251 1551.43479580806 2.52554594456979e-07 4.17345653359119e-10 no_error _Scenario_13_ 1300 1700 0 0.05 GF_Model_IV
0.000427810021770351 1515.42960585994 4.22190098671252e-08 4.68914290597636e-10 no_error _Scenario_13_ 1300 1700 0 0.05 GF_Model_IV
0.000411182850706873 1477.98198830655 -3.60172267181941e-08 5.90154588195058e-10 no_error _Scenario_14_ 1100 1900 0 0.05 GF_Model_IV
0.000417803466863853 1512.85475344812 -8.39364848419353e-08 6.21211377792502e-10 no_error _Scenario_14_ 1100 1900 0 0.05 GF_Model_IV
0.000384496671763778 1498.91992401347 5.23281070258668e-07 4.79949895825137e-10 no_error _Scenario_14_ 1100 1900 0 0.05 GF_Model_IV
0.000448294606361055 1548.9923035438 2.42030684785007e-07 4.33963867461612e-10 no_error _Scenario_14_ 1100 1900 0 0.05 GF_Model_IV
0.000400779090910065 1502.55296069299 1.77586947372801e-07 7.63874955447375e-10 no_error _Scenario_14_ 1100 1900 0 0.05 GF_Model_IV
0.000416704760807699 1499.92582802226 2.49057078714798e-07 4.74969559725877e-10 no_error _Scenario_14_ 1100 1900 0 0.05 GF_Model_IV
0.000423462501614351 1508.6620306251 -2.73955774135938e-07 3.93134327972186e-10 no_error _Scenario_14_ 1100 1900 0 0.05 GF_Model_IV
0.000450741688591044 1483.68601163719 5.7909880124151e-08 8.01842772515577e-10 no_error _Scenario_14_ 1100 1900 0 0.05 GF_Model_IV
0.000430257661145118 1468.4807414829 2.21087450361081e-07 6.53303566860002e-10 no_error _Scenario_14_ 1100 1900 0 0.05 GF_Model_IV
0.000423746719763096 1532.88904510723 6.09219459454105e-07 7.62072347885374e-10 no_error _Scenario_14_ 1100 1900 0 0.05 GF_Model_IV
0.000388059479100047 1466.33469020689 1.5139737045594e-07 8.67409094470966e-10 no_error _Scenario_15_ 1000 2000 0 0.05 GF_Model_IV
0.00040186317986683 1432.97367253268 -2.05323405320263e-07 8.27894203655699e-10 no_error _Scenario_15_ 1000 2000 0 0.05 GF_Model_IV
0.000416853040489785 1465.62391960811 2.64234202581585e-07 8.85893046438055e-10 no_error _Scenario_15_ 1000 2000 0 0.05 GF_Model_IV
0.000417848724023082 1499.35522149097 3.62451666867923e-07 6.23992580816849e-10 no_error _Scenario_15_ 1000 2000 0 0.05 GF_Model_IV
0.000397048708082851 1451.29685978542 1.93221338292968e-07 5.72602719051472e-10 no_error _Scenario_15_ 1000 2000 0 0.05 GF_Model_IV
0.000431599624822603 1499.5468334862 2.15969092113935e-07 6.36318485742959e-10 no_error _Scenario_15_ 1000 2000 0 0.05 GF_Model_IV
0.000409749189491711 1470.93136030729 -1.51753329657595e-08 4.73581086349026e-10 no_error _Scenario_15_ 1000 2000 0 0.05 GF_Model_IV
0.000429620509233722 1473.81401714777 2.52405067039778e-07 6.7211245610699e-10 no_error _Scenario_15_ 1000 2000 0 0.05 GF_Model_IV
0.000411789901302062 1457.56900417647 2.5120030825325e-08 5.61826711217301e-10 no_error _Scenario_15_ 1000 2000 0 0.05 GF_Model_IV
0.000405549984910549 1435.24992025847 2.39042417658755e-07 7.65429378125031e-10 no_error _Scenario_15_ 1000 2000 0 0.05 GF_Model_IV
0.000383618971626923 1353.81725560585 4.80541083156949e-07 8.48897501077018e-10 no_error _Scenario_16_ 750 2250 0 0.05 GF_Model_IV
0.000413087707116487 1376.76969087611 3.69242852475653e-07 1.0753044407473e-09 no_error _Scenario_16_ 750 2250 0 0.05 GF_Model_IV
0.000417391287839122 1362.73638669219 7.00991493103349e-07 7.30137414088011e-10 no_error _Scenario_16_ 750 2250 0 0.05 GF_Model_IV
0.000409721226913609 1370.32205041007 5.98297214180987e-07 1.22971946512138e-09 no_error _Scenario_16_ 750 2250 0 0.05 GF_Model_IV
0.000426235175672901 1382.90829562582 1.90856315711474e-07 9.17660643058587e-10 no_error _Scenario_16_ 750 2250 0 0.05 GF_Model_IV
0.000413862075428156 1407.25893748122 6.59496740182335e-07 1.17742572174392e-09 no_error _Scenario_16_ 750 2250 0 0.05 GF_Model_IV
0.000402694249053736 1383.63609673524 3.55512879273385e-07 7.2478415156858e-10 no_error _Scenario_16_ 750 2250 0 0.05 GF_Model_IV
0.000417532944587092 1362.81895452815 1.24309913597145e-07 7.25378029301277e-10 no_error _Scenario_16_ 750 2250 0 0.05 GF_Model_IV
0.000436167862635735 1384.99147921296 7.3197974290463e-08 1.28510476584445e-09 no_error _Scenario_16_ 750 2250 0 0.05 GF_Model_IV
0.000392429940697066 1358.34163785092 6.07170738946843e-07 9.90096138983261e-10 no_error _Scenario_16_ 750 2250 0 0.05 GF_Model_IV
