0.000564001816199231 263.642079651349 5.10891685803617e-06 3.30427606436937e-09 no_error _Scenario_1_ 250 251 0 0.05 GF_Model_IV
0.000629635382127812 264.755548764488 8.74100984063892e-06 4.36581965972968e-09 no_error _Scenario_1_ 250 251 0 0.05 GF_Model_IV
0.00058637539290161 262.708313149225 3.05349869310832e-06 2.56972287281065e-09 no_error _Scenario_1_ 250 251 0 0.05 GF_Model_IV
0.000582007923431235 263.874114028083 4.23850848859658e-06 3.38889151398389e-09 no_error _Scenario_1_ 250 251 0 0.05 GF_Model_IV
0.000579106238823627 264.134928546581 5.22459122603689e-06 3.19496083477408e-09 no_error _Scenario_1_ 250 251 0 0.05 GF_Model_IV
0.000576677590552524 260.510632288371 4.40752899542493e-06 3.34947513940978e-09 no_error _Scenario_1_ 250 251 0 0.05 GF_Model_IV
0.000591244803952155 262.392717635729 4.70907086753286e-06 2.99978969669328e-09 no_error _Scenario_1_ 250 251 0 0.05 GF_Model_IV
0.000600486676501736 262.57783495161 6.93357045507832e-06 6.24554178393341e-09 no_error _Scenario_1_ 250 251 0 0.05 GF_Model_IV
0.000598378071085006 261.705264401571 5.2558433289332e-06 3.95081735953723e-09 no_error _Scenario_1_ 250 251 0 0.05 GF_Model_IV
0.000589682627827458 258.106334059414 5.97909362631824e-06 5.00003437107211e-09 no_error _Scenario_1_ 250 251 0 0.05 GF_Model_IV
0.000594117307833633 519.00093460077 1.86507079352009e-06 2.13926506592888e-09 no_error _Scenario_2_ 500 501 0 0.05 GF_Model_IV
0.00057161062882856 516.344913542388 1.72879051067132e-06 2.87127486989522e-09 no_error _Scenario_2_ 500 501 0 0.05 GF_Model_IV
0.000565751221939896 514.590793994639 2.25249157041098e-06 2.66154048513901e-09 no_error _Scenario_2_ 500 501 0 0.05 GF_Model_IV
0.000567716304464425 517.016051210163 9.71453468394371e-07 2.40365269391069e-09 no_error _Scenario_2_ 500 501 0 0.05 GF_Model_IV
0.000549084514303374 512.234375357157 5.65843970363067e-07 1.58436247340453e-09 no_error _Scenario_2_ 500 501 0 0.05 GF_Model_IV
0.000594840934493385 526.015951282013 1.85357692839171e-06 2.66275329175727e-09 no_error _Scenario_2_ 500 501 0 0.05 GF_Model_IV
0.000559088312849234 514.235449215885 1.25279951483876e-06 3.76631398694093e-09 no_error _Scenario_2_ 500 501 0 0.05 GF_Model_IV
0.000561990107098573 524.64757893738 1.69809676325132e-06 1.7455096937108e-09 no_error _Scenario_2_ 500 501 0 0.05 GF_Model_IV
0.000594104235375225 514.76075930897 1.05076412977563e-06 1.9908673686338e-09 no_error _Scenario_2_ 500 501 0 0.05 GF_Model_IV
0.000565341233819651 523.307244505738 1.14532828515491e-06 1.33857338454227e-09 no_error _Scenario_2_ 500 501 0 0.05 GF_Model_IV
0.000505633214683668 1036.38224264294 4.78787144292184e-08 9.96743909801483e-10 no_error _Scenario_3_ 1000 1001 0 0.05 GF_Model_IV
0.000497267209301421 1016.3936245756 6.80945313416369e-07 1.41542313005922e-09 no_error _Scenario_3_ 1000 1001 0 0.05 GF_Model_IV
0.000498969088463079 1019.70260518026 3.98116589650491e-07 7.53484506508138e-10 no_error _Scenario_3_ 1000 1001 0 0.05 GF_Model_IV
0.000510582406833335 1050.74815922975 5.17913436676521e-07 6.60264209856771e-10 no_error _Scenario_3_ 1000 1001 0 0.05 GF_Model_IV
0.000495981121482095 1028.65296747498 2.51872542501692e-07 9.54620567151445e-10 no_error _Scenario_3_ 1000 1001 0 0.05 GF_Model_IV
0.000523066761760711 1031.55650028443 5.73018113014682e-07 1.17220218156616e-09 no_error _Scenario_3_ 1000 1001 0 0.05 GF_Model_IV
0.000506686862427013 1044.22956600916 -4.22983018678237e-07 7.72305317714574e-10 no_error _Scenario_3_ 1000 1001 0 0.05 GF_Model_IV
0.000495181254817527 1017.734623192 -5.94718634654374e-08 6.50216193813747e-10 no_error _Scenario_3_ 1000 1001 0 0.05 GF_Model_IV
0.000511524812516141 999.747476363136 2.2902993547017e-07 1.2590039645489e-09 no_error _Scenario_3_ 1000 1001 0 0.05 GF_Model_IV
0.000511310555045791 1029.82136842355 2.02748309520368e-07 8.3248012904746e-10 no_error _Scenario_3_ 1000 1001 0 0.05 GF_Model_IV
0.000429471634148207 1569.02157790455 2.82264414145282e-07 3.88362606946336e-10 no_error _Scenario_4_ 1500 1501 0 0.05 GF_Model_IV
0.000472624327216509 1531.7622085058 4.07016042700021e-07 5.71095174707873e-10 no_error _Scenario_4_ 1500 1501 0 0.05 GF_Model_IV
0.000434432378008951 1530.14602296095 6.48659255021814e-08 5.36477717003488e-10 no_error _Scenario_4_ 1500 1501 0 0.05 GF_Model_IV
0.000447117939141565 1492.09884332122 3.36674507877309e-07 6.78415465382386e-10 no_error _Scenario_4_ 1500 1501 0 0.05 GF_Model_IV
0.000425126726039297 1523.68369826555 2.07512776398351e-07 6.707080123259e-10 no_error _Scenario_4_ 1500 1501 0 0.05 GF_Model_IV
0.000455073582340733 1540.78222684697 3.08040641010366e-07 4.70423354782331e-10 no_error _Scenario_4_ 1500 1501 0 0.05 GF_Model_IV
0.000454498118489693 1523.49627867766 2.82171034603956e-07 7.54204360482678e-10 no_error _Scenario_4_ 1500 1501 0 0.05 GF_Model_IV
0.000467417545798279 1563.5966017271 1.90960164036608e-07 5.47470589668734e-10 no_error _Scenario_4_ 1500 1501 0 0.05 GF_Model_IV
0.000419131941545371 1532.5497672786 1.61886972436405e-07 4.96203402468591e-10 no_error _Scenario_4_ 1500 1501 0 0.05 GF_Model_IV
0.000453120911435137 1527.01256677269 -9.55498898928941e-08 5.18976953690346e-10 no_error _Scenario_4_ 1500 1501 0 0.05 GF_Model_IV
0.000389942043996995 2087.56239707127 1.26171661250826e-09 5.03997661110053e-10 nls_error _Scenario_5_ 2000 2001 0 0.05 GF_Model_IV
0.000381287900883608 2002.48366377046 1.56658543236269e-07 3.62209780574442e-10 no_error _Scenario_5_ 2000 2001 0 0.05 GF_Model_IV
0.000392253949225445 2037.64870751904 6.74958019965125e-08 3.47647853900329e-10 no_error _Scenario_5_ 2000 2001 0 0.05 GF_Model_IV
0.000372823673707187 1955.33254733475 -1.50740379645011e-07 5.158571593307e-10 no_error _Scenario_5_ 2000 2001 0 0.05 GF_Model_IV
0.000395921045134459 2071.55250680641 -7.9166489117011e-08 3.02029049083196e-10 no_error _Scenario_5_ 2000 2001 0 0.05 GF_Model_IV
0.0003895358095155 2074.34015851733 1.67673805801018e-07 4.38011553451875e-10 no_error _Scenario_5_ 2000 2001 0 0.05 GF_Model_IV
0.000381065098168959 2022.22988625045 -2.29593642110236e-08 3.10027525752485e-10 no_error _Scenario_5_ 2000 2001 0 0.05 GF_Model_IV
0.000387047978403592 2040.60569732512 1.14558440779485e-08 3.31117548894246e-10 no_error _Scenario_5_ 2000 2001 0 0.05 GF_Model_IV
0.000408079968206197 2090.86873020727 -1.24115053390811e-07 3.33225448260836e-10 no_error _Scenario_5_ 2000 2001 0 0.05 GF_Model_IV
0.000396282359887052 2093.86238954383 2.84082388108646e-07 4.50546123201404e-10 no_error _Scenario_5_ 2000 2001 0 0.05 GF_Model_IV
0.000569432299559538 264.794762777414 1.04198757251801e-05 6.52587163438202e-09 no_error _Scenario_6_ 188 312 0 0.05 GF_Model_IV
0.000598126050264749 263.769588855006 8.78305169220703e-06 5.12502645285536e-09 no_error _Scenario_6_ 188 312 0 0.05 GF_Model_IV
0.000589935749079877 259.720055430131 6.35067716142595e-06 3.83312743084406e-09 no_error _Scenario_6_ 188 312 0 0.05 GF_Model_IV
0.000583363432850317 262.539141787702 9.30079076207913e-06 3.51044770006879e-09 no_error _Scenario_6_ 188 312 0 0.05 GF_Model_IV
0.000582928714228558 263.3278734801 9.08471927420066e-06 3.91998808607668e-09 no_error _Scenario_6_ 188 312 0 0.05 GF_Model_IV
0.000600741318374232 258.117206343874 8.18910538432947e-06 4.38381049279655e-09 no_error _Scenario_6_ 188 312 0 0.05 GF_Model_IV
0.000591700679826584 259.046016515208 9.73316342201491e-06 5.99871771369899e-09 no_error _Scenario_6_ 188 312 0 0.05 GF_Model_IV
0.000572683235593641 264.098379720669 9.83036806741188e-06 3.89451936294131e-09 no_error _Scenario_6_ 188 312 0 0.05 GF_Model_IV
0.000598444665057609 262.214270178992 8.29418185482537e-06 2.8418129166596e-09 no_error _Scenario_6_ 188 312 0 0.05 GF_Model_IV
0.000589593452928764 264.831280548322 1.02682184681509e-05 4.65564972700092e-09 no_error _Scenario_6_ 188 312 0 0.05 GF_Model_IV
0.000550843793669085 517.387311932708 2.13628231929879e-06 2.5128432842035e-09 no_error _Scenario_7_ 375 625 0 0.05 GF_Model_IV
0.000554346136973096 511.259184022591 1.60023015529825e-06 1.48134676557056e-09 no_error _Scenario_7_ 375 625 0 0.05 GF_Model_IV
0.000582906397088162 507.866944912883 9.84808656687073e-07 1.88386879016843e-09 no_error _Scenario_7_ 375 625 0 0.05 GF_Model_IV
0.000569166888138784 511.160205953568 5.93819514924776e-07 1.42087825061503e-09 no_error _Scenario_7_ 375 625 0 0.05 GF_Model_IV
0.000550986676505603 513.275465403547 3.47154504765299e-06 2.79567411299412e-09 no_error _Scenario_7_ 375 625 0 0.05 GF_Model_IV
0.000575592145066676 511.304066175366 1.54774687135698e-06 2.19536438389351e-09 no_error _Scenario_7_ 375 625 0 0.05 GF_Model_IV
0.000537641781957399 509.746200711109 2.85918372742493e-06 1.54403671328065e-09 no_error _Scenario_7_ 375 625 0 0.05 GF_Model_IV
0.000511238447091383 511.928808746482 2.38027420854517e-06 3.50808397778639e-09 no_error _Scenario_7_ 375 625 0 0.05 GF_Model_IV
0.000565837672967378 501.233852165145 2.04434147326428e-06 1.74072572848193e-09 no_error _Scenario_7_ 375 625 0 0.05 GF_Model_IV
0.000558054267663452 507.110678874383 7.9670966435562e-07 2.15007932254806e-09 no_error _Scenario_7_ 375 625 0 0.05 GF_Model_IV
0.00047498611008633 1010.00492845409 7.09877177331699e-07 5.12801339065892e-10 no_error _Scenario_8_ 750 1250 0 0.05 GF_Model_IV
0.000464753018719907 1018.57289490802 1.14697953610698e-06 1.56331788697873e-09 no_error _Scenario_8_ 750 1250 0 0.05 GF_Model_IV
0.000471057743978167 991.673154361668 4.23774950221122e-07 5.98884226160745e-10 no_error _Scenario_8_ 750 1250 0 0.05 GF_Model_IV
0.000477618212626897 999.827664532892 4.27816669183229e-07 7.70038485561199e-10 no_error _Scenario_8_ 750 1250 0 0.05 GF_Model_IV
0.000481730869439653 997.701552898245 6.14087271170854e-07 1.15537687525885e-09 no_error _Scenario_8_ 750 1250 0 0.05 GF_Model_IV
0.000479968699791443 1006.55456625993 3.7471344275163e-07 9.25127876796352e-10 no_error _Scenario_8_ 750 1250 0 0.05 GF_Model_IV
0.000467488469985578 1003.0825375576 3.73145004144008e-07 8.70568876101173e-10 no_error _Scenario_8_ 750 1250 0 0.05 GF_Model_IV
0.000478462567567909 1008.65335886001 4.94432530598735e-08 8.28264957026948e-10 no_error _Scenario_8_ 750 1250 0 0.05 GF_Model_IV
0.000489840884156553 999.631042300527 5.44578568549031e-07 1.10085800774441e-09 no_error _Scenario_8_ 750 1250 0 0.05 GF_Model_IV
0.000474935713195635 998.634527885607 2.72603679480567e-07 1.19856497719705e-09 no_error _Scenario_8_ 750 1250 0 0.05 GF_Model_IV
0.000405550692670343 1515.54226056979 1.90194573369998e-07 5.58577118076808e-10 no_error _Scenario_9_ 1125 1875 0 0.05 GF_Model_IV
0.000459721246483849 1528.3937118945 -5.08305323528868e-08 4.82917024643566e-10 no_error _Scenario_9_ 1125 1875 0 0.05 GF_Model_IV
0.000416742376367774 1483.56023636042 1.87666815168569e-07 4.64067577111927e-10 no_error _Scenario_9_ 1125 1875 0 0.05 GF_Model_IV
0.000455986347791572 1476.45736634388 2.17097341678729e-07 5.17151692070357e-10 no_error _Scenario_9_ 1125 1875 0 0.05 GF_Model_IV
0.000439557672437914 1518.39077218192 -7.62960239105526e-08 4.69060907952696e-10 no_error _Scenario_9_ 1125 1875 0 0.05 GF_Model_IV
0.000455128579622369 1491.30267204396 5.30953860482166e-08 8.15376657412277e-10 no_error _Scenario_9_ 1125 1875 0 0.05 GF_Model_IV
0.000399874272215974 1511.95860634928 1.46101196057602e-07 5.10078721723222e-10 no_error _Scenario_9_ 1125 1875 0 0.05 GF_Model_IV
0.00043161141231289 1484.09580580531 3.03648305815599e-07 6.75241759707425e-10 no_error _Scenario_9_ 1125 1875 0 0.05 GF_Model_IV
0.000430956562434859 1519.75685203708 2.97366571321695e-07 4.33759419484873e-10 no_error _Scenario_9_ 1125 1875 0 0.05 GF_Model_IV
0.000405002382608834 1526.12474481431 1.00882759542486e-07 4.10632572937884e-10 no_error _Scenario_9_ 1125 1875 0 0.05 GF_Model_IV
0.000378911269672923 2016.92966201745 -1.00218586234751e-07 3.18797639412985e-10 no_error _Scenario_10_ 1500 2500 0 0.05 GF_Model_IV
0.000395818894542978 1960.41100483491 1.35502363932459e-07 3.21921581550893e-10 no_error _Scenario_10_ 1500 2500 0 0.05 GF_Model_IV
0.000395077724162732 1982.41024714228 -8.58134608937969e-08 3.47154238028349e-10 no_error _Scenario_10_ 1500 2500 0 0.05 GF_Model_IV
0.000355197075967295 1965.16003447228 2.28927728981958e-09 2.7530251488498e-10 no_error _Scenario_10_ 1500 2500 0 0.05 GF_Model_IV
0.00038914734828821 1962.66504123606 1.06597727014162e-07 3.67924618461975e-10 no_error _Scenario_10_ 1500 2500 0 0.05 GF_Model_IV
0.000386455142258194 2024.12526922081 3.80279504773548e-07 3.75628989708665e-10 no_error _Scenario_10_ 1500 2500 0 0.05 GF_Model_IV
0.00037633541295251 2041.34364736296 -6.21295209712683e-08 3.49635543065778e-10 no_error _Scenario_10_ 1500 2500 0 0.05 GF_Model_IV
0.000387796868491521 2018.82648802745 9.54172755055296e-08 2.79845818492844e-10 no_error _Scenario_10_ 1500 2500 0 0.05 GF_Model_IV
0.000363022217321543 1974.71897375506 1.13017556239772e-08 3.20440099362534e-10 no_error _Scenario_10_ 1500 2500 0 0.05 GF_Model_IV
0.00037779512253757 1984.10245784043 3.38547892550605e-07 5.11152324314377e-10 no_error _Scenario_10_ 1500 2500 0 0.05 GF_Model_IV
