0.0156775764503922 1558.69172103944 -2.94399853160024e-06 2.7786201024047e-07 no_error _Inferred_Demographies_Scenario_1_ 1500 1501 0 0.05 GF_Model_IV
0.0169849359634344 1505.62061631618 -3.41492160852796e-06 3.06426337661372e-07 no_error _Inferred_Demographies_Scenario_1_ 1500 1501 0 0.05 GF_Model_IV
0.0165086581554308 1527.44541719808 1.04929125536954e-05 3.925047848525e-07 no_error _Inferred_Demographies_Scenario_1_ 1500 1501 0 0.05 GF_Model_IV
0.0161077300949382 1512.51595031359 1.0647938370213e-06 3.43682408137096e-07 no_error _Inferred_Demographies_Scenario_1_ 1500 1501 0 0.05 GF_Model_IV
0.0166320493106414 1508.04917405097 7.37518022801253e-06 4.25570033988216e-07 no_error _Inferred_Demographies_Scenario_1_ 1500 1501 0 0.05 GF_Model_IV
0.0166350429924326 1492.7633998668 3.82086969735925e-06 4.27132312750425e-07 no_error _Inferred_Demographies_Scenario_1_ 1500 1501 0 0.05 GF_Model_IV
0.0166557737608043 1494.10809035326 -1.47571823255817e-05 3.64322766419029e-07 no_error _Inferred_Demographies_Scenario_1_ 1500 1501 0 0.05 GF_Model_IV
0.0178327900289165 1496.31726415681 7.92177198672984e-06 4.52389651680796e-07 no_error _Inferred_Demographies_Scenario_1_ 1500 1501 0 0.05 GF_Model_IV
0.0178964901669842 1489.9488711858 1.02560942461721e-05 3.42647791708373e-07 no_error _Inferred_Demographies_Scenario_1_ 1500 1501 0 0.05 GF_Model_IV
0.0163035821990472 1513.56832006427 3.81275524512737e-07 3.1988398588717e-07 no_error _Inferred_Demographies_Scenario_1_ 1500 1501 0 0.05 GF_Model_IV
0.0187571915228064 1518.08287986267 -2.01306082223365e-05 4.5802271700822e-07 no_error _Inferred_Demographies_Scenario_1_ 1500 1501 0 0.05 GF_Model_IV
0.0163822789586286 1513.27155018901 1.20521409185975e-07 3.58754721841727e-07 no_error _Inferred_Demographies_Scenario_1_ 1500 1501 0 0.05 GF_Model_IV
0.0180784095249473 1527.44784782581 -3.68609140104042e-06 4.01805750173207e-07 no_error _Inferred_Demographies_Scenario_1_ 1500 1501 0 0.05 GF_Model_IV
0.0179073847466025 1528.58504689553 -5.72526644744771e-06 4.08479721073314e-07 no_error _Inferred_Demographies_Scenario_1_ 1500 1501 0 0.05 GF_Model_IV
0.0168685948627621 1546.61192684632 2.18711779907e-06 4.51950183858539e-07 no_error _Inferred_Demographies_Scenario_1_ 1500 1501 0 0.05 GF_Model_IV
0.0163440357775826 1518.98190790816 3.49541847836508e-06 4.01960325851649e-07 no_error _Inferred_Demographies_Scenario_1_ 1500 1501 0 0.05 GF_Model_IV
0.0198996620930753 1533.0035148514 1.26638002809854e-05 3.31910613033934e-07 no_error _Inferred_Demographies_Scenario_1_ 1500 1501 0 0.05 GF_Model_IV
0.0148419808481873 1539.55160728843 4.55841657145897e-06 3.59815959813358e-07 no_error _Inferred_Demographies_Scenario_1_ 1500 1501 0 0.05 GF_Model_IV
0.0168653039541506 1542.79200284824 -8.89492199441912e-06 4.43556470448436e-07 no_error _Inferred_Demographies_Scenario_1_ 1500 1501 0 0.05 GF_Model_IV
0.0167776070876544 1491.85020692415 -1.72182354481109e-05 3.02666317308039e-07 no_error _Inferred_Demographies_Scenario_1_ 1500 1501 0 0.05 GF_Model_IV
0.0162184137660469 1527.90129505815 7.71897386559325e-06 5.08387032474494e-07 no_error _Inferred_Demographies_Scenario_1_ 1500 1501 0 0.05 GF_Model_IV
0.0183696612695555 1569.27601153079 6.39519444266917e-06 5.52329971199756e-07 no_error _Inferred_Demographies_Scenario_1_ 1500 1501 0 0.05 GF_Model_IV
0.0167355382352141 1540.54923252385 4.90945967621544e-06 4.08899604868989e-07 no_error _Inferred_Demographies_Scenario_1_ 1500 1501 0 0.05 GF_Model_IV
0.0171604013549413 1508.37397184822 9.57315272202866e-06 5.05194253566234e-07 no_error _Inferred_Demographies_Scenario_1_ 1500 1501 0 0.05 GF_Model_IV
0.0154567948850768 1498.12394498695 2.52377529697112e-06 2.91951240126434e-07 no_error _Inferred_Demographies_Scenario_1_ 1500 1501 0 0.05 GF_Model_IV
0.0171593517976209 1496.0057917146 9.93081556283895e-07 5.05205759826265e-07 no_error _Inferred_Demographies_Scenario_1_ 1500 1501 0 0.05 GF_Model_IV
0.0175230922306607 1495.72305352184 2.33471520596468e-06 4.22470875092031e-07 no_error _Inferred_Demographies_Scenario_1_ 1500 1501 0 0.05 GF_Model_IV
0.0163047937087252 1489.31046358007 4.89048796564852e-06 2.85673866603264e-07 no_error _Inferred_Demographies_Scenario_1_ 1500 1501 0 0.05 GF_Model_IV
0.0181081792243477 1511.9732703912 4.09172491624358e-06 4.10977876996528e-07 no_error _Inferred_Demographies_Scenario_1_ 1500 1501 0 0.05 GF_Model_IV
0.0157772799277223 1614.48987294896 -3.82612515962864e-06 2.37718286189133e-07 no_error _Inferred_Demographies_Scenario_1_ 1500 1501 0 0.05 GF_Model_IV
0.0171465339861364 1514.2492949119 3.86456638175795e-06 4.00585099413624e-07 no_error _Inferred_Demographies_Scenario_1_ 1500 1501 0 0.05 GF_Model_IV
0.0166207713101664 1541.96692705039 -7.34734702683173e-06 3.17256723515039e-07 no_error _Inferred_Demographies_Scenario_1_ 1500 1501 0 0.05 GF_Model_IV
0.0184517263990389 1519.50931878053 -1.21930851270999e-06 5.66070559027242e-07 no_error _Inferred_Demographies_Scenario_1_ 1500 1501 0 0.05 GF_Model_IV
0.0162939652983465 1493.79994434321 -5.58784624500876e-06 3.41034525171606e-07 no_error _Inferred_Demographies_Scenario_1_ 1500 1501 0 0.05 GF_Model_IV
0.0170189856330761 1527.49758424633 3.18155792918277e-06 4.3890854560185e-07 no_error _Inferred_Demographies_Scenario_1_ 1500 1501 0 0.05 GF_Model_IV
0.0154361904514983 1481.94774105579 -9.13199108070098e-06 3.0069946584663e-07 no_error _Inferred_Demographies_Scenario_1_ 1500 1501 0 0.05 GF_Model_IV
0.0157409728099127 1515.08655376133 1.39666050446059e-06 4.77121276920139e-07 no_error _Inferred_Demographies_Scenario_1_ 1500 1501 0 0.05 GF_Model_IV
0.0162040503849156 1506.96517667062 4.33731842933266e-06 3.22709703262981e-07 no_error _Inferred_Demographies_Scenario_1_ 1500 1501 0 0.05 GF_Model_IV
0.0170092074102472 1509.00976942305 -1.21564796787317e-06 3.34736794732655e-07 no_error _Inferred_Demographies_Scenario_1_ 1500 1501 0 0.05 GF_Model_IV
0.0184654088710625 1488.68041939838 -1.07768549254804e-05 4.10814385967953e-07 no_error _Inferred_Demographies_Scenario_1_ 1500 1501 0 0.05 GF_Model_IV
0.0156174177074128 1479.01017339275 -2.6475843407465e-06 3.64085978550182e-07 no_error _Inferred_Demographies_Scenario_1_ 1500 1501 0 0.05 GF_Model_IV
0.016172803033314 1475.33893874495 9.61340218094661e-06 4.33670596975483e-07 no_error _Inferred_Demographies_Scenario_1_ 1500 1501 0 0.05 GF_Model_IV
0.016752526051371 1510.8599454659 -7.9197566305815e-06 4.12169023059583e-07 no_error _Inferred_Demographies_Scenario_1_ 1500 1501 0 0.05 GF_Model_IV
0.0187005187055545 1520.29992312539 -5.75273013691552e-07 2.65818602036979e-07 no_error _Inferred_Demographies_Scenario_1_ 1500 1501 0 0.05 GF_Model_IV
0.0178999256145846 1542.52798663627 2.06392157597713e-06 4.03813309831938e-07 no_error _Inferred_Demographies_Scenario_1_ 1500 1501 0 0.05 GF_Model_IV
0.0171563795161784 1522.84412975549 -4.7884838587597e-06 3.56809484136454e-07 no_error _Inferred_Demographies_Scenario_1_ 1500 1501 0 0.05 GF_Model_IV
0.0163804249033116 1554.86365537683 -3.62130046522491e-06 2.77061377987176e-07 no_error _Inferred_Demographies_Scenario_1_ 1500 1501 0 0.05 GF_Model_IV
0.0177624759199473 1507.94567212082 5.4853526133699e-06 3.21088854133071e-07 no_error _Inferred_Demographies_Scenario_1_ 1500 1501 0 0.05 GF_Model_IV
0.0174709001619547 1471.80374020478 -4.36470651392663e-06 4.42605975342238e-07 no_error _Inferred_Demographies_Scenario_1_ 1500 1501 0 0.05 GF_Model_IV
0.0178690673196177 1561.70713698443 -2.83021977768428e-06 4.71815490927842e-07 no_error _Inferred_Demographies_Scenario_1_ 1500 1501 0 0.05 GF_Model_IV
0.0163808716046657 1560.82979757626 2.26867686387244e-06 2.51091023675245e-07 no_error _Inferred_Demographies_Scenario_1_ 1500 1501 0 0.05 GF_Model_IV
0.0169568154581131 1464.30372852589 -1.50101442005604e-06 3.01978653709631e-07 no_error _Inferred_Demographies_Scenario_1_ 1500 1501 0 0.05 GF_Model_IV
0.0161086801909644 1555.07339019718 -2.06794301798547e-06 4.6480747485443e-07 no_error _Inferred_Demographies_Scenario_1_ 1500 1501 0 0.05 GF_Model_IV
0.0173721689797903 1522.50346315397 9.33375710230135e-06 3.41504870691791e-07 no_error _Inferred_Demographies_Scenario_1_ 1500 1501 0 0.05 GF_Model_IV
0.0164751698609674 1525.27663442947 2.31822857671785e-06 3.548441212527e-07 no_error _Inferred_Demographies_Scenario_1_ 1500 1501 0 0.05 GF_Model_IV
0.0159019575551978 1487.67930694925 1.68278880515874e-06 5.93745366289142e-07 no_error _Inferred_Demographies_Scenario_1_ 1500 1501 0 0.05 GF_Model_IV
0.0153599452438552 1539.2317897456 2.27620620046496e-06 2.75116896641778e-07 no_error _Inferred_Demographies_Scenario_1_ 1500 1501 0 0.05 GF_Model_IV
0.0162144298370401 1504.73236191213 -3.21161056611019e-06 3.57049673986913e-07 no_error _Inferred_Demographies_Scenario_1_ 1500 1501 0 0.05 GF_Model_IV
0.0166924364717747 1496.02100221377 6.06357105222943e-06 4.22489734718124e-07 no_error _Inferred_Demographies_Scenario_1_ 1500 1501 0 0.05 GF_Model_IV
0.0177130512826872 1548.5863119141 1.55964708814212e-05 3.61066001575946e-07 no_error _Inferred_Demographies_Scenario_1_ 1500 1501 0 0.05 GF_Model_IV
0.0173018208746256 1519.74124250168 -1.32282816301418e-06 3.90887321022224e-07 no_error _Inferred_Demographies_Scenario_1_ 1500 1501 0 0.05 GF_Model_IV
0.0178263004234856 1538.63104134264 -1.02055378825676e-05 3.87089813915356e-07 no_error _Inferred_Demographies_Scenario_1_ 1500 1501 0 0.05 GF_Model_IV
0.0163223672834589 1478.79711232388 -4.38772802561126e-06 3.63110818636004e-07 no_error _Inferred_Demographies_Scenario_1_ 1500 1501 0 0.05 GF_Model_IV
0.0172930270598827 1497.08948198542 -1.80045789111077e-05 5.31137051052392e-07 no_error _Inferred_Demographies_Scenario_1_ 1500 1501 0 0.05 GF_Model_IV
0.0169652002464356 1542.65555594283 6.44377310402637e-06 3.06977356920874e-07 no_error _Inferred_Demographies_Scenario_1_ 1500 1501 0 0.05 GF_Model_IV
0.0166337353297061 1460.34994495806 -5.29035971276657e-06 4.33902958405224e-07 no_error _Inferred_Demographies_Scenario_1_ 1500 1501 0 0.05 GF_Model_IV
0.0175364822224116 1537.3946751197 2.54362729893273e-06 3.96614379983113e-07 no_error _Inferred_Demographies_Scenario_1_ 1500 1501 0 0.05 GF_Model_IV
0.0166198208348493 1543.26692846317 -9.35278330725853e-06 4.76482283607329e-07 no_error _Inferred_Demographies_Scenario_1_ 1500 1501 0 0.05 GF_Model_IV
0.0165963336965563 1487.74507433012 -8.99438442997685e-06 3.7369390557617e-07 no_error _Inferred_Demographies_Scenario_1_ 1500 1501 0 0.05 GF_Model_IV
0.0158878624001619 1484.25266483142 1.65632808884542e-06 4.51653924319518e-07 no_error _Inferred_Demographies_Scenario_1_ 1500 1501 0 0.05 GF_Model_IV
0.0174077022869737 1522.53147173722 2.22388366532064e-05 6.16356926817681e-07 no_error _Inferred_Demographies_Scenario_1_ 1500 1501 0 0.05 GF_Model_IV
0.0155071220447937 1494.6340402808 -3.91936168475625e-06 4.94705735952041e-07 no_error _Inferred_Demographies_Scenario_1_ 1500 1501 0 0.05 GF_Model_IV
0.0162494253924558 1512.20181958082 -6.77195271477193e-06 3.35986271256742e-07 no_error _Inferred_Demographies_Scenario_1_ 1500 1501 0 0.05 GF_Model_IV
0.0169785708233164 1502.9829272353 -2.34252932251862e-06 6.22667312547545e-07 no_error _Inferred_Demographies_Scenario_1_ 1500 1501 0 0.05 GF_Model_IV
0.0160092548138714 1543.62859768998 -4.52542906689519e-06 2.53421472564128e-07 no_error _Inferred_Demographies_Scenario_1_ 1500 1501 0 0.05 GF_Model_IV
0.0166229024128632 1532.4759877202 3.40334048432794e-06 3.13972438962708e-07 no_error _Inferred_Demographies_Scenario_1_ 1500 1501 0 0.05 GF_Model_IV
0.0173613604380131 1489.76911834234 1.22475311607736e-05 4.12306178416308e-07 no_error _Inferred_Demographies_Scenario_1_ 1500 1501 0 0.05 GF_Model_IV
0.0176185091088136 1531.59728467486 5.63486030287002e-06 5.98881811860382e-07 no_error _Inferred_Demographies_Scenario_1_ 1500 1501 0 0.05 GF_Model_IV
0.0165619632951718 1543.16071941513 7.99123994611364e-06 4.58169643649127e-07 no_error _Inferred_Demographies_Scenario_1_ 1500 1501 0 0.05 GF_Model_IV
0.0168163875580515 1553.91282084502 -1.05129538429266e-05 5.5303645741658e-07 no_error _Inferred_Demographies_Scenario_1_ 1500 1501 0 0.05 GF_Model_IV
0.01636307776639 1540.09933964452 3.51727311238014e-06 3.85257266874167e-07 no_error _Inferred_Demographies_Scenario_1_ 1500 1501 0 0.05 GF_Model_IV
0.0166200244763935 1491.85003274404 4.49870120623333e-06 5.98118038130073e-07 no_error _Inferred_Demographies_Scenario_1_ 1500 1501 0 0.05 GF_Model_IV
0.0176751013783365 1547.34921999894 1.69300687315563e-06 3.24765946385714e-07 no_error _Inferred_Demographies_Scenario_1_ 1500 1501 0 0.05 GF_Model_IV
0.015877389944519 1506.47837067851 -5.69428411958273e-06 5.39087072479977e-07 no_error _Inferred_Demographies_Scenario_1_ 1500 1501 0 0.05 GF_Model_IV
0.018264931828733 1572.47679673976 1.85634728285665e-05 4.80660848414995e-07 no_error _Inferred_Demographies_Scenario_1_ 1500 1501 0 0.05 GF_Model_IV
0.0172431189022021 1496.45910697896 1.77171412652646e-05 6.25306515914562e-07 no_error _Inferred_Demographies_Scenario_1_ 1500 1501 0 0.05 GF_Model_IV
0.0154847166497911 1501.29199732293 -1.58651964560984e-05 4.12204454108432e-07 no_error _Inferred_Demographies_Scenario_1_ 1500 1501 0 0.05 GF_Model_IV
0.0161784231638544 1509.10487195379 -1.59715842753614e-06 3.58458875886704e-07 no_error _Inferred_Demographies_Scenario_1_ 1500 1501 0 0.05 GF_Model_IV
0.0172483085198357 1512.4203439408 -3.95039808880388e-06 4.45141188919924e-07 no_error _Inferred_Demographies_Scenario_1_ 1500 1501 0 0.05 GF_Model_IV
0.0165090157022632 1517.09885915628 -5.46233464672685e-06 2.73140258585959e-07 no_error _Inferred_Demographies_Scenario_1_ 1500 1501 0 0.05 GF_Model_IV
0.0170482057901969 1492.42117475188 -6.10402520811914e-06 3.48218278439765e-07 no_error _Inferred_Demographies_Scenario_1_ 1500 1501 0 0.05 GF_Model_IV
0.0162294004652883 1521.0687819843 3.60495169755272e-07 3.62838723879919e-07 no_error _Inferred_Demographies_Scenario_1_ 1500 1501 0 0.05 GF_Model_IV
0.018592925453694 1523.10515299779 -6.43542774086372e-07 4.2540915350532e-07 no_error _Inferred_Demographies_Scenario_1_ 1500 1501 0 0.05 GF_Model_IV
0.0177434242336195 1554.49842292236 -2.31485170990486e-06 3.92640158849224e-07 no_error _Inferred_Demographies_Scenario_1_ 1500 1501 0 0.05 GF_Model_IV
0.0163745064341192 1504.02795880781 -4.11841598606477e-06 3.68147782691753e-07 no_error _Inferred_Demographies_Scenario_1_ 1500 1501 0 0.05 GF_Model_IV
0.017790101008022 1513.33861135152 7.12404152093173e-06 3.25290505400558e-07 no_error _Inferred_Demographies_Scenario_1_ 1500 1501 0 0.05 GF_Model_IV
0.0164446323660946 1527.41930928411 -3.66055694518881e-06 2.66048906902466e-07 no_error _Inferred_Demographies_Scenario_1_ 1500 1501 0 0.05 GF_Model_IV
0.016645554786369 1528.10878170819 -1.24075946161822e-06 4.38563377560595e-07 no_error _Inferred_Demographies_Scenario_1_ 1500 1501 0 0.05 GF_Model_IV
0.0161242500585681 1521.50303620728 -7.36862632072354e-06 3.27892954879709e-07 no_error _Inferred_Demographies_Scenario_1_ 1500 1501 0 0.05 GF_Model_IV
0.0157231362225856 1501.28976033514 1.43559103909822e-05 3.19127471099271e-07 no_error _Inferred_Demographies_Scenario_1_ 1500 1501 0 0.05 GF_Model_IV
0.194755147745756 1314.56410939159 0.000293074781426066 0.000204453015523953 no_error _Inferred_Demographies_Scenario_2_ 1500 1501 1 0.05 GF_Model_IV
0.19533930469178 1323.66150553416 -0.000208693166842741 0.000104762295466931 no_error _Inferred_Demographies_Scenario_2_ 1500 1501 1 0.05 GF_Model_IV
0.197049215607666 1320.59074751393 -0.000152675163815088 0.000142717834389176 no_error _Inferred_Demographies_Scenario_2_ 1500 1501 1 0.05 GF_Model_IV
0.195321729523711 1320.98990654201 -1.1325464427193e-05 0.000158342368983823 no_error _Inferred_Demographies_Scenario_2_ 1500 1501 1 0.05 GF_Model_IV
0.193374173428083 1299.84015516484 -0.000347876694575717 0.000127016621035434 no_error _Inferred_Demographies_Scenario_2_ 1500 1501 1 0.05 GF_Model_IV
0.186543825674761 1219.63988253534 1.78674639912439e-05 0.000122732866924068 no_error _Inferred_Demographies_Scenario_2_ 1500 1501 1 0.05 GF_Model_IV
0.200922461489554 1337.36838760163 -0.000189599095751148 0.000261063657161324 no_error _Inferred_Demographies_Scenario_2_ 1500 1501 1 0.05 GF_Model_IV
0.191670935867413 1278.2271569385 -0.000278446844568577 0.000103191475417586 no_error _Inferred_Demographies_Scenario_2_ 1500 1501 1 0.05 GF_Model_IV
0.194626139504591 1303.53675063286 5.06688983074756e-05 0.000145780147444084 no_error _Inferred_Demographies_Scenario_2_ 1500 1501 1 0.05 GF_Model_IV
0.193792710107732 1308.81880281582 -0.000110466407061164 0.000181350327428559 no_error _Inferred_Demographies_Scenario_2_ 1500 1501 1 0.05 GF_Model_IV
0.195286117033776 1307.74704410645 -0.000139787292514318 0.000156876443672363 no_error _Inferred_Demographies_Scenario_2_ 1500 1501 1 0.05 GF_Model_IV
0.199028793447085 1310.61689065083 -0.000145038398460375 0.000122518172940947 no_error _Inferred_Demographies_Scenario_2_ 1500 1501 1 0.05 GF_Model_IV
0.192356312129191 1275.58615885369 -4.22555637407673e-05 0.000106069496254088 no_error _Inferred_Demographies_Scenario_2_ 1500 1501 1 0.05 GF_Model_IV
0.193989064149563 1311.17100386924 -4.64981637840991e-05 0.000100777024531333 no_error _Inferred_Demographies_Scenario_2_ 1500 1501 1 0.05 GF_Model_IV
0.188033794873587 1302.64553655102 0.000102506001110441 0.000114385747290977 no_error _Inferred_Demographies_Scenario_2_ 1500 1501 1 0.05 GF_Model_IV
0.185293646008707 1247.29669830178 -0.00029491866242934 0.000114216946750719 no_error _Inferred_Demographies_Scenario_2_ 1500 1501 1 0.05 GF_Model_IV
0.197442584503232 1286.72007931941 -0.000168222864330895 0.000136737607256587 no_error _Inferred_Demographies_Scenario_2_ 1500 1501 1 0.05 GF_Model_IV
0.199970967284502 1283.1710043519 -0.000256538594222076 0.000129034725694067 no_error _Inferred_Demographies_Scenario_2_ 1500 1501 1 0.05 GF_Model_IV
0.18449235309358 1295.75401012545 -4.8529574902535e-05 9.60292587652983e-05 no_error _Inferred_Demographies_Scenario_2_ 1500 1501 1 0.05 GF_Model_IV
0.188247221471512 1294.27575353609 3.18375863128167e-05 0.000108167527199357 no_error _Inferred_Demographies_Scenario_2_ 1500 1501 1 0.05 GF_Model_IV
0.192037683521428 1284.30220359805 3.19719999638081e-06 0.000150422311766092 nls_error _Inferred_Demographies_Scenario_2_ 1500 1501 1 0.05 GF_Model_IV
0.19495661780713 1278.26698888501 -0.000289585599651723 0.000170392208414209 no_error _Inferred_Demographies_Scenario_2_ 1500 1501 1 0.05 GF_Model_IV
0.190806259825724 1305.48756218412 2.13215284158005e-05 0.000129907372637888 no_error _Inferred_Demographies_Scenario_2_ 1500 1501 1 0.05 GF_Model_IV
0.191143672840122 1294.71601949689 -0.000104822013594836 0.000270978598140226 no_error _Inferred_Demographies_Scenario_2_ 1500 1501 1 0.05 GF_Model_IV
0.190891389464151 1270.00442188511 -0.000167909490170353 0.000124370913928172 no_error _Inferred_Demographies_Scenario_2_ 1500 1501 1 0.05 GF_Model_IV
0.197528796407699 1303.16312689079 -0.000328292763502015 7.26854611910463e-05 no_error _Inferred_Demographies_Scenario_2_ 1500 1501 1 0.05 GF_Model_IV
0.195275760326341 1259.66100809409 -8.42257278995736e-05 9.60249656159679e-05 no_error _Inferred_Demographies_Scenario_2_ 1500 1501 1 0.05 GF_Model_IV
0.191092068227363 1321.64974343268 -0.000143796666797426 0.00021236018089672 no_error _Inferred_Demographies_Scenario_2_ 1500 1501 1 0.05 GF_Model_IV
0.188732986503397 1317.77110049303 0.000200900095299093 9.8649933237601e-05 no_error _Inferred_Demographies_Scenario_2_ 1500 1501 1 0.05 GF_Model_IV
0.196988425612757 1283.3859547536 0.000167085587144835 0.000148867751662023 no_error _Inferred_Demographies_Scenario_2_ 1500 1501 1 0.05 GF_Model_IV
0.192000412878327 1299.01622839385 5.97684184433555e-05 0.000281158125430084 no_error _Inferred_Demographies_Scenario_2_ 1500 1501 1 0.05 GF_Model_IV
0.197346180354226 1324.08027780518 -0.000260453478050377 0.000103833556480314 no_error _Inferred_Demographies_Scenario_2_ 1500 1501 1 0.05 GF_Model_IV
0.186211640515123 1243.70479554466 -0.000237429550640913 8.69826286495196e-05 no_error _Inferred_Demographies_Scenario_2_ 1500 1501 1 0.05 GF_Model_IV
0.187512190252832 1273.07508508269 -9.3552645666138e-05 7.98118927405015e-05 no_error _Inferred_Demographies_Scenario_2_ 1500 1501 1 0.05 GF_Model_IV
0.194043370175607 1263.16897981628 -0.000282601137094373 0.000117286522724204 no_error _Inferred_Demographies_Scenario_2_ 1500 1501 1 0.05 GF_Model_IV
0.202821874664496 1353.04436118359 -1.8992402568392e-05 0.00024611107398491 no_error _Inferred_Demographies_Scenario_2_ 1500 1501 1 0.05 GF_Model_IV
0.191710144360507 1277.21157469372 -9.89363147243727e-05 0.00011395588404476 no_error _Inferred_Demographies_Scenario_2_ 1500 1501 1 0.05 GF_Model_IV
0.188057239216523 1288.65853436506 0.000120931045129392 0.000105290850014768 no_error _Inferred_Demographies_Scenario_2_ 1500 1501 1 0.05 GF_Model_IV
0.19331144750901 1304.78406228457 1.10071394680245e-05 0.000168801318797807 no_error _Inferred_Demographies_Scenario_2_ 1500 1501 1 0.05 GF_Model_IV
0.189417661251709 1278.09296527498 7.52869383051557e-05 9.0340050572139e-05 no_error _Inferred_Demographies_Scenario_2_ 1500 1501 1 0.05 GF_Model_IV
0.192716686796669 1284.27708340429 2.81868579590966e-05 0.000193842909467208 no_error _Inferred_Demographies_Scenario_2_ 1500 1501 1 0.05 GF_Model_IV
0.19861071602731 1317.80579320719 -7.12605907707209e-05 0.000139150301009199 no_error _Inferred_Demographies_Scenario_2_ 1500 1501 1 0.05 GF_Model_IV
0.196400436907392 1320.5125384018 0.000111284960824567 0.000274942690090007 no_error _Inferred_Demographies_Scenario_2_ 1500 1501 1 0.05 GF_Model_IV
0.193109757193645 1287.6634680237 1.9417665773627e-05 0.000226815390207527 no_error _Inferred_Demographies_Scenario_2_ 1500 1501 1 0.05 GF_Model_IV
0.192490098223838 1304.65411732269 -6.56360296325075e-05 0.000193951152915465 no_error _Inferred_Demographies_Scenario_2_ 1500 1501 1 0.05 GF_Model_IV
0.186246377317608 1298.43807063274 2.26686706923015e-05 0.000104512984184435 no_error _Inferred_Demographies_Scenario_2_ 1500 1501 1 0.05 GF_Model_IV
0.187249072206593 1315.62503732897 -0.000150002243602444 0.000140807432247736 no_error _Inferred_Demographies_Scenario_2_ 1500 1501 1 0.05 GF_Model_IV
0.198045136220544 1299.23660631259 -0.000142601585667145 0.00024482221018084 no_error _Inferred_Demographies_Scenario_2_ 1500 1501 1 0.05 GF_Model_IV
0.192973338758444 1261.80023297131 -0.000222720014824017 9.18599138018488e-05 no_error _Inferred_Demographies_Scenario_2_ 1500 1501 1 0.05 GF_Model_IV
0.192823831732077 1277.53615560716 -6.10790314668275e-05 0.000123871292249734 no_error _Inferred_Demographies_Scenario_2_ 1500 1501 1 0.05 GF_Model_IV
0.190819550009437 1262.87295329791 -0.000121776243129203 0.000118682916901814 no_error _Inferred_Demographies_Scenario_2_ 1500 1501 1 0.05 GF_Model_IV
0.196991717819975 1326.37581004856 8.88363310806462e-06 0.000102210612641013 no_error _Inferred_Demographies_Scenario_2_ 1500 1501 1 0.05 GF_Model_IV
0.197235211912696 1288.21415313523 -0.00018679943694477 0.000212814970526956 no_error _Inferred_Demographies_Scenario_2_ 1500 1501 1 0.05 GF_Model_IV
0.193598199142432 1306.64353741511 0.000126201812933985 0.000141030018256243 no_error _Inferred_Demographies_Scenario_2_ 1500 1501 1 0.05 GF_Model_IV
0.191667657468576 1323.73462959035 0.000127255420265289 8.37565462003322e-05 no_error _Inferred_Demographies_Scenario_2_ 1500 1501 1 0.05 GF_Model_IV
0.193046184493669 1295.62730198483 -0.000249561054705639 0.00014814155621082 no_error _Inferred_Demographies_Scenario_2_ 1500 1501 1 0.05 GF_Model_IV
0.197705494996606 1312.95223812843 -0.000199906580535009 9.75484165472927e-05 no_error _Inferred_Demographies_Scenario_2_ 1500 1501 1 0.05 GF_Model_IV
0.200268364459402 1300.05956915657 -0.000204442355677615 0.000144085179529611 no_error _Inferred_Demographies_Scenario_2_ 1500 1501 1 0.05 GF_Model_IV
0.190905168056732 1296.00146673531 4.61590578431748e-05 0.00010257207892322 no_error _Inferred_Demographies_Scenario_2_ 1500 1501 1 0.05 GF_Model_IV
0.192279879341586 1279.07256077342 9.8061682175802e-05 0.000141350120363768 no_error _Inferred_Demographies_Scenario_2_ 1500 1501 1 0.05 GF_Model_IV
0.19823359408144 1300.02823315736 -0.00015500925727651 9.58584148528061e-05 no_error _Inferred_Demographies_Scenario_2_ 1500 1501 1 0.05 GF_Model_IV
0.195875702903678 1283.58393953983 -0.000277672120181199 0.000207675738537581 no_error _Inferred_Demographies_Scenario_2_ 1500 1501 1 0.05 GF_Model_IV
0.197338337434076 1275.3580787209 -0.000197305800541576 0.000150525556979746 no_error _Inferred_Demographies_Scenario_2_ 1500 1501 1 0.05 GF_Model_IV
0.19353935353559 1290.93246281198 0.000216223735164535 8.21642052691965e-05 no_error _Inferred_Demographies_Scenario_2_ 1500 1501 1 0.05 GF_Model_IV
0.191319525131786 1262.98418440865 -0.000103024894472281 0.000182653505317397 no_error _Inferred_Demographies_Scenario_2_ 1500 1501 1 0.05 GF_Model_IV
0.19087590462529 1275.57437425958 -9.49937584280867e-05 7.86252287311631e-05 no_error _Inferred_Demographies_Scenario_2_ 1500 1501 1 0.05 GF_Model_IV
0.189376535624579 1289.11023136201 -0.000191925824623395 0.000103285084969933 no_error _Inferred_Demographies_Scenario_2_ 1500 1501 1 0.05 GF_Model_IV
0.193658266027952 1293.9633434361 -6.20798931022625e-06 7.05571299131249e-05 no_error _Inferred_Demographies_Scenario_2_ 1500 1501 1 0.05 GF_Model_IV
0.192950662855104 1324.93222694927 -0.000207304387514688 0.000234638208088917 no_error _Inferred_Demographies_Scenario_2_ 1500 1501 1 0.05 GF_Model_IV
0.200776935716939 1318.20457113096 4.01372480957074e-05 0.000213046684275546 no_error _Inferred_Demographies_Scenario_2_ 1500 1501 1 0.05 GF_Model_IV
0.193032455434687 1268.5977415175 0.000100691275060748 0.000108784174157855 no_error _Inferred_Demographies_Scenario_2_ 1500 1501 1 0.05 GF_Model_IV
0.192713767845042 1301.27118206276 -0.000236449036475429 0.000189802697030137 no_error _Inferred_Demographies_Scenario_2_ 1500 1501 1 0.05 GF_Model_IV
0.193182850091874 1269.97850762156 -2.26111264607864e-05 0.000127523124912824 no_error _Inferred_Demographies_Scenario_2_ 1500 1501 1 0.05 GF_Model_IV
0.189954729485253 1287.43259316809 -5.16811861073807e-06 7.77569842732157e-05 no_error _Inferred_Demographies_Scenario_2_ 1500 1501 1 0.05 GF_Model_IV
0.194529365617031 1288.651509819 4.80827262863904e-05 0.000113871657472151 no_error _Inferred_Demographies_Scenario_2_ 1500 1501 1 0.05 GF_Model_IV
0.197861640128563 1315.42216036739 -5.95351277524934e-05 0.000256838202087011 no_error _Inferred_Demographies_Scenario_2_ 1500 1501 1 0.05 GF_Model_IV
0.196169021069579 1293.81325300429 -0.00018567219307719 8.90979033588923e-05 no_error _Inferred_Demographies_Scenario_2_ 1500 1501 1 0.05 GF_Model_IV
0.190797702808717 1298.93571469463 -0.000283067966323197 0.000137932909824181 no_error _Inferred_Demographies_Scenario_2_ 1500 1501 1 0.05 GF_Model_IV
0.198458576421762 1352.21775035242 -3.02002284769329e-05 0.000157419848588852 no_error _Inferred_Demographies_Scenario_2_ 1500 1501 1 0.05 GF_Model_IV
0.187317161914575 1292.01411643463 -0.000130191912459987 0.000180224717565846 no_error _Inferred_Demographies_Scenario_2_ 1500 1501 1 0.05 GF_Model_IV
0.195420075703291 1325.18019989582 -0.000136553743091715 0.000154938721721932 no_error _Inferred_Demographies_Scenario_2_ 1500 1501 1 0.05 GF_Model_IV
0.190400268599715 1273.47744087734 1.3946179221792e-05 9.79577563114433e-05 no_error _Inferred_Demographies_Scenario_2_ 1500 1501 1 0.05 GF_Model_IV
0.194110035318054 1314.06005737569 -8.89139759251508e-05 0.000222912288503878 no_error _Inferred_Demographies_Scenario_2_ 1500 1501 1 0.05 GF_Model_IV
0.197996835227233 1312.67676883483 -7.15899109298391e-05 0.000137249307389648 no_error _Inferred_Demographies_Scenario_2_ 1500 1501 1 0.05 GF_Model_IV
0.194161537861489 1288.29867240909 0.000139092464115123 0.000122865503248726 no_error _Inferred_Demographies_Scenario_2_ 1500 1501 1 0.05 GF_Model_IV
0.199578305389209 1319.85154109146 -0.000231908454009427 0.000201843216600964 no_error _Inferred_Demographies_Scenario_2_ 1500 1501 1 0.05 GF_Model_IV
0.197786278952805 1311.29682191278 -0.000126190308435169 0.000156376209268226 no_error _Inferred_Demographies_Scenario_2_ 1500 1501 1 0.05 GF_Model_IV
0.197621436697362 1310.31027246945 3.42109209472776e-06 0.000107456563851038 no_error _Inferred_Demographies_Scenario_2_ 1500 1501 1 0.05 GF_Model_IV
0.196014289590411 1313.64991510173 -0.000139478206143123 0.000112742528146466 no_error _Inferred_Demographies_Scenario_2_ 1500 1501 1 0.05 GF_Model_IV
0.193538753406492 1326.83346603501 -0.000132284380747597 8.25126128149581e-05 no_error _Inferred_Demographies_Scenario_2_ 1500 1501 1 0.05 GF_Model_IV
0.185826323096335 1269.76119444013 -0.000203067990196974 0.000128729713775805 no_error _Inferred_Demographies_Scenario_2_ 1500 1501 1 0.05 GF_Model_IV
0.188917103615021 1267.1963837336 -0.000130934206862119 7.51745716072417e-05 no_error _Inferred_Demographies_Scenario_2_ 1500 1501 1 0.05 GF_Model_IV
0.188455096658132 1299.80851066982 -0.000204300429603051 0.000121270287214809 no_error _Inferred_Demographies_Scenario_2_ 1500 1501 1 0.05 GF_Model_IV
0.200552249871923 1308.10210855199 -2.74678868431094e-05 0.00014138742839039 no_error _Inferred_Demographies_Scenario_2_ 1500 1501 1 0.05 GF_Model_IV
0.192569730028993 1264.07510800306 -7.94613744732941e-05 0.000100123943042431 no_error _Inferred_Demographies_Scenario_2_ 1500 1501 1 0.05 GF_Model_IV
0.191915066839107 1304.64036573233 -0.000130442713480111 0.000233511822550769 no_error _Inferred_Demographies_Scenario_2_ 1500 1501 1 0.05 GF_Model_IV
0.189856807850824 1294.19436276001 0.000127504855704157 0.000111819200560148 no_error _Inferred_Demographies_Scenario_2_ 1500 1501 1 0.05 GF_Model_IV
0.195568566854323 1301.48041421313 -0.000221766974640357 0.000178782614235065 no_error _Inferred_Demographies_Scenario_2_ 1500 1501 1 0.05 GF_Model_IV
0.197555390646513 1330.53050584583 4.62856938808119e-05 0.000153321482065029 no_error _Inferred_Demographies_Scenario_2_ 1500 1501 1 0.05 GF_Model_IV
0.19441756296338 1304.12308385172 3.16292699160838e-06 0.000164858237693678 no_error _Inferred_Demographies_Scenario_2_ 1500 1501 1 0.05 GF_Model_IV
0.0155682716632966 1455.24745202035 7.82920154555035e-06 8.3810674573261e-07 no_error _Inferred_Demographies_Scenario_3_ 750 2250 0 0.05 GF_Model_IV
0.0153220114480478 1367.65354028724 1.33890692541662e-05 3.95926780973424e-07 no_error _Inferred_Demographies_Scenario_3_ 750 2250 0 0.05 GF_Model_IV
0.0139070546145452 1435.83655293166 1.29732740705579e-05 3.50333091873592e-07 no_error _Inferred_Demographies_Scenario_3_ 750 2250 0 0.05 GF_Model_IV
0.0148566697520567 1381.35758075502 1.31148885475746e-05 4.82955774144114e-07 no_error _Inferred_Demographies_Scenario_3_ 750 2250 0 0.05 GF_Model_IV
0.0159538611443592 1416.10505354225 1.94735106193596e-05 1.07102976825469e-06 no_error _Inferred_Demographies_Scenario_3_ 750 2250 0 0.05 GF_Model_IV
0.0167004430568452 1390.15142394108 1.25207366866893e-05 4.17693203397969e-07 no_error _Inferred_Demographies_Scenario_3_ 750 2250 0 0.05 GF_Model_IV
0.0158975438163424 1373.88203805117 7.55740392908742e-06 3.88202649152085e-07 no_error _Inferred_Demographies_Scenario_3_ 750 2250 0 0.05 GF_Model_IV
0.015272917744268 1391.52334464359 1.19749258355716e-05 7.7456302671525e-07 no_error _Inferred_Demographies_Scenario_3_ 750 2250 0 0.05 GF_Model_IV
0.0146768712978217 1390.32457939238 9.36090070220442e-06 5.20410458949462e-07 no_error _Inferred_Demographies_Scenario_3_ 750 2250 0 0.05 GF_Model_IV
0.0155189261581926 1418.99540210585 2.24288923117894e-05 1.47135618353985e-06 no_error _Inferred_Demographies_Scenario_3_ 750 2250 0 0.05 GF_Model_IV
0.015498769774742 1431.28512939878 1.38845692776437e-05 5.72346375214917e-07 no_error _Inferred_Demographies_Scenario_3_ 750 2250 0 0.05 GF_Model_IV
0.0152976713193087 1404.98990756681 1.56713787333431e-05 4.62076381376382e-07 no_error _Inferred_Demographies_Scenario_3_ 750 2250 0 0.05 GF_Model_IV
0.0153459365654981 1398.16670685673 2.02808375134488e-05 3.79070166388944e-07 no_error _Inferred_Demographies_Scenario_3_ 750 2250 0 0.05 GF_Model_IV
0.0143760945680169 1412.40167061584 1.67100339870008e-05 9.59401145053098e-07 no_error _Inferred_Demographies_Scenario_3_ 750 2250 0 0.05 GF_Model_IV
0.0164736131459504 1413.77284728039 1.31780104161161e-05 1.03356943192464e-06 no_error _Inferred_Demographies_Scenario_3_ 750 2250 0 0.05 GF_Model_IV
0.015651047154071 1399.41862191197 1.48861849627863e-05 1.2666634467469e-06 no_error _Inferred_Demographies_Scenario_3_ 750 2250 0 0.05 GF_Model_IV
0.0147607414857023 1377.96430986564 1.20080681623222e-05 4.83436789922669e-07 no_error _Inferred_Demographies_Scenario_3_ 750 2250 0 0.05 GF_Model_IV
0.0149335494777276 1378.68750822318 1.25989447070944e-05 1.015348063589e-06 no_error _Inferred_Demographies_Scenario_3_ 750 2250 0 0.05 GF_Model_IV
0.0138763721740684 1412.14579987891 9.31283947094544e-06 4.0687061427822e-07 no_error _Inferred_Demographies_Scenario_3_ 750 2250 0 0.05 GF_Model_IV
0.0162238346778718 1375.61383607839 1.82955372560357e-05 7.24829623821079e-07 no_error _Inferred_Demographies_Scenario_3_ 750 2250 0 0.05 GF_Model_IV
0.015541531254456 1370.49841497185 7.75327899600201e-08 7.51930447759095e-07 no_error _Inferred_Demographies_Scenario_3_ 750 2250 0 0.05 GF_Model_IV
0.0156690034831138 1430.64435110578 3.54289978095807e-06 4.04888767213694e-07 no_error _Inferred_Demographies_Scenario_3_ 750 2250 0 0.05 GF_Model_IV
0.0139791922068104 1466.25881335658 1.55983158227189e-05 7.64341797712483e-07 no_error _Inferred_Demographies_Scenario_3_ 750 2250 0 0.05 GF_Model_IV
0.0150617593246617 1380.80887863183 1.70958461924577e-05 8.16938341208064e-07 no_error _Inferred_Demographies_Scenario_3_ 750 2250 0 0.05 GF_Model_IV
0.0165468928843211 1412.49429182247 1.16257535248702e-05 7.71871020478958e-07 no_error _Inferred_Demographies_Scenario_3_ 750 2250 0 0.05 GF_Model_IV
0.0146420360001713 1410.65066806361 9.93858625245859e-06 4.47261681366823e-07 no_error _Inferred_Demographies_Scenario_3_ 750 2250 0 0.05 GF_Model_IV
0.0136688081236232 1401.1788670635 1.76807405255975e-05 6.48276530916318e-07 no_error _Inferred_Demographies_Scenario_3_ 750 2250 0 0.05 GF_Model_IV
0.0143948073442798 1411.94456839668 1.46775431491971e-05 8.37802818213327e-07 no_error _Inferred_Demographies_Scenario_3_ 750 2250 0 0.05 GF_Model_IV
0.0158282622337653 1371.94117181619 2.29905115169692e-05 5.94459055411861e-07 no_error _Inferred_Demographies_Scenario_3_ 750 2250 0 0.05 GF_Model_IV
0.0149997775084116 1355.07613125956 1.55080122110532e-06 1.13877642844205e-06 no_error _Inferred_Demographies_Scenario_3_ 750 2250 0 0.05 GF_Model_IV
0.0156668467571594 1400.99014812899 -1.2385196398127e-06 3.38931782407838e-07 no_error _Inferred_Demographies_Scenario_3_ 750 2250 0 0.05 GF_Model_IV
0.0133826908214005 1368.00904432025 1.38727639257958e-05 5.5163120920223e-07 no_error _Inferred_Demographies_Scenario_3_ 750 2250 0 0.05 GF_Model_IV
0.0145041422150477 1468.77961313826 1.78755488284627e-05 7.03078443457148e-07 no_error _Inferred_Demographies_Scenario_3_ 750 2250 0 0.05 GF_Model_IV
0.0174152821289209 1414.70247449147 1.2089273646886e-05 4.6784309711206e-07 no_error _Inferred_Demographies_Scenario_3_ 750 2250 0 0.05 GF_Model_IV
0.015066650187995 1421.52525312826 6.41072034357267e-06 3.76620819409422e-07 no_error _Inferred_Demographies_Scenario_3_ 750 2250 0 0.05 GF_Model_IV
0.0146257714142742 1406.49176030828 -2.7495119836246e-06 5.04805460129606e-07 no_error _Inferred_Demographies_Scenario_3_ 750 2250 0 0.05 GF_Model_IV
0.014139469885217 1375.14283551803 2.58519049393303e-05 1.43941403288741e-06 no_error _Inferred_Demographies_Scenario_3_ 750 2250 0 0.05 GF_Model_IV
0.0161702658992102 1354.5630713754 8.40743326896795e-06 4.82895689667273e-07 no_error _Inferred_Demographies_Scenario_3_ 750 2250 0 0.05 GF_Model_IV
0.0145175063560443 1433.14666194614 1.56715923832275e-05 3.3755231494149e-07 no_error _Inferred_Demographies_Scenario_3_ 750 2250 0 0.05 GF_Model_IV
0.0140554580574143 1444.3470693828 5.17951767473595e-06 4.07214611904432e-07 no_error _Inferred_Demographies_Scenario_3_ 750 2250 0 0.05 GF_Model_IV
0.0160960327245136 1375.41712812279 2.78136343186795e-05 8.34476056342075e-07 no_error _Inferred_Demographies_Scenario_3_ 750 2250 0 0.05 GF_Model_IV
0.0154907061704194 1420.21958635739 2.17078876333652e-06 5.86733242630885e-07 no_error _Inferred_Demographies_Scenario_3_ 750 2250 0 0.05 GF_Model_IV
0.0159308203001967 1399.07544926004 2.29441283576303e-05 8.53183981711157e-07 no_error _Inferred_Demographies_Scenario_3_ 750 2250 0 0.05 GF_Model_IV
0.0137120064308318 1421.79942126109 2.27287626961993e-06 3.11216251593198e-07 no_error _Inferred_Demographies_Scenario_3_ 750 2250 0 0.05 GF_Model_IV
0.0144894689064437 1434.95442158016 6.15761497405002e-07 3.3308672475279e-07 no_error _Inferred_Demographies_Scenario_3_ 750 2250 0 0.05 GF_Model_IV
0.0165982517992189 1366.83211526534 2.41088115099422e-05 1.07675453224725e-06 no_error _Inferred_Demographies_Scenario_3_ 750 2250 0 0.05 GF_Model_IV
0.0157875560945928 1427.10502511584 1.30086336539309e-05 5.85086748565943e-07 no_error _Inferred_Demographies_Scenario_3_ 750 2250 0 0.05 GF_Model_IV
0.0157299670091477 1410.55271936954 -1.69240643605522e-06 3.33235179652183e-07 no_error _Inferred_Demographies_Scenario_3_ 750 2250 0 0.05 GF_Model_IV
0.0142677209625817 1371.7418659215 1.01619703040231e-05 4.04530905848573e-07 no_error _Inferred_Demographies_Scenario_3_ 750 2250 0 0.05 GF_Model_IV
0.0157583194604093 1404.34166016813 1.06491938710693e-05 7.27995869358319e-07 no_error _Inferred_Demographies_Scenario_3_ 750 2250 0 0.05 GF_Model_IV
0.0140677435818888 1423.39241997265 9.97426562210732e-06 1.04601897263659e-06 no_error _Inferred_Demographies_Scenario_3_ 750 2250 0 0.05 GF_Model_IV
0.0145124672751614 1421.42484651194 8.70483960092778e-06 1.02501877882736e-06 no_error _Inferred_Demographies_Scenario_3_ 750 2250 0 0.05 GF_Model_IV
0.0153273432390832 1379.01918202747 1.83237638283357e-05 3.59085284387419e-07 no_error _Inferred_Demographies_Scenario_3_ 750 2250 0 0.05 GF_Model_IV
0.0142265405131052 1419.7944268257 9.131687956503e-06 3.06949563030934e-07 no_error _Inferred_Demographies_Scenario_3_ 750 2250 0 0.05 GF_Model_IV
0.0158254154351615 1421.35005904008 1.04481519179237e-05 6.16842896243578e-07 no_error _Inferred_Demographies_Scenario_3_ 750 2250 0 0.05 GF_Model_IV
0.0143380387721938 1325.2138270665 1.26975820754256e-05 4.74680972885485e-07 no_error _Inferred_Demographies_Scenario_3_ 750 2250 0 0.05 GF_Model_IV
0.0170984039463713 1386.89647085471 6.9009833148731e-06 4.47806195570384e-07 no_error _Inferred_Demographies_Scenario_3_ 750 2250 0 0.05 GF_Model_IV
0.0157343084988043 1391.60264388103 1.41714835894536e-05 4.80913583130638e-07 no_error _Inferred_Demographies_Scenario_3_ 750 2250 0 0.05 GF_Model_IV
0.0151368191589876 1418.11248842791 1.74433961057726e-05 5.98418525554417e-07 no_error _Inferred_Demographies_Scenario_3_ 750 2250 0 0.05 GF_Model_IV
0.0142147350407282 1414.97231841109 1.23582290502984e-06 4.95813201367593e-07 no_error _Inferred_Demographies_Scenario_3_ 750 2250 0 0.05 GF_Model_IV
0.0165904517502417 1441.80423275705 1.28419585784607e-06 3.67572368025067e-07 no_error _Inferred_Demographies_Scenario_3_ 750 2250 0 0.05 GF_Model_IV
0.0150382498502789 1417.1566669139 1.61087854330472e-05 7.40318613784346e-07 no_error _Inferred_Demographies_Scenario_3_ 750 2250 0 0.05 GF_Model_IV
0.0146462159087271 1365.85467870799 1.42387427425501e-05 8.69662029332318e-07 no_error _Inferred_Demographies_Scenario_3_ 750 2250 0 0.05 GF_Model_IV
0.0155403688887958 1362.95280292214 1.14233183464432e-05 7.86999263811532e-07 no_error _Inferred_Demographies_Scenario_3_ 750 2250 0 0.05 GF_Model_IV
0.0146487790667113 1421.44369116038 9.51265285815898e-06 8.12513904963377e-07 no_error _Inferred_Demographies_Scenario_3_ 750 2250 0 0.05 GF_Model_IV
0.0150761475890875 1412.20262634832 7.69830214293111e-06 5.81240713252925e-07 no_error _Inferred_Demographies_Scenario_3_ 750 2250 0 0.05 GF_Model_IV
0.0149186504567342 1392.88177773122 1.63636944114085e-05 5.3274917928658e-07 no_error _Inferred_Demographies_Scenario_3_ 750 2250 0 0.05 GF_Model_IV
0.0150853777587166 1421.59135218059 1.14515231247533e-05 7.10596805111835e-07 no_error _Inferred_Demographies_Scenario_3_ 750 2250 0 0.05 GF_Model_IV
0.0155445144208966 1423.71278039659 2.51629378988915e-05 8.87604843159914e-07 no_error _Inferred_Demographies_Scenario_3_ 750 2250 0 0.05 GF_Model_IV
0.0142613040333777 1411.8892953761 8.91971179508174e-06 4.67177808640626e-07 no_error _Inferred_Demographies_Scenario_3_ 750 2250 0 0.05 GF_Model_IV
0.0162181217577216 1410.01901953447 1.92280405591005e-06 4.15167069595268e-07 no_error _Inferred_Demographies_Scenario_3_ 750 2250 0 0.05 GF_Model_IV
0.0159420003061356 1419.3211179125 1.07411763043608e-05 8.52905439011583e-07 no_error _Inferred_Demographies_Scenario_3_ 750 2250 0 0.05 GF_Model_IV
0.0152635736032299 1388.97883231062 7.53993892732895e-06 5.17431543379137e-07 no_error _Inferred_Demographies_Scenario_3_ 750 2250 0 0.05 GF_Model_IV
0.0140259635220898 1445.63221144076 8.6582200262786e-06 7.10099119695644e-07 no_error _Inferred_Demographies_Scenario_3_ 750 2250 0 0.05 GF_Model_IV
0.0136616965114682 1374.62924135633 4.10395330179391e-06 3.74350545873732e-07 no_error _Inferred_Demographies_Scenario_3_ 750 2250 0 0.05 GF_Model_IV
0.0150916103178302 1385.73219553988 1.88753722460458e-05 4.44544059668514e-07 no_error _Inferred_Demographies_Scenario_3_ 750 2250 0 0.05 GF_Model_IV
0.015437290056485 1354.21462087671 1.32520158866565e-05 1.61558806089079e-06 no_error _Inferred_Demographies_Scenario_3_ 750 2250 0 0.05 GF_Model_IV
0.0171964162182315 1382.93822992086 1.66059623168907e-05 7.71424457057795e-07 no_error _Inferred_Demographies_Scenario_3_ 750 2250 0 0.05 GF_Model_IV
0.0148101856246318 1378.83304851435 2.11002637603791e-05 6.3712306579855e-07 no_error _Inferred_Demographies_Scenario_3_ 750 2250 0 0.05 GF_Model_IV
0.015722338444741 1428.29310717333 1.98788408506533e-06 3.73408540558417e-07 no_error _Inferred_Demographies_Scenario_3_ 750 2250 0 0.05 GF_Model_IV
0.0144454953255032 1408.60973894968 1.4747688669354e-05 7.57381331875059e-07 no_error _Inferred_Demographies_Scenario_3_ 750 2250 0 0.05 GF_Model_IV
0.0154168140497259 1385.52790453649 8.19656800558764e-06 6.20966922730345e-07 no_error _Inferred_Demographies_Scenario_3_ 750 2250 0 0.05 GF_Model_IV
0.0134545508100144 1410.82186132682 2.28471771769869e-05 6.59300211062631e-07 no_error _Inferred_Demographies_Scenario_3_ 750 2250 0 0.05 GF_Model_IV
0.0150221589056815 1386.26450667027 1.46243649617176e-05 9.8508787160458e-07 no_error _Inferred_Demographies_Scenario_3_ 750 2250 0 0.05 GF_Model_IV
0.015864616828105 1419.27842058786 1.80559787403792e-05 8.11473113798259e-07 no_error _Inferred_Demographies_Scenario_3_ 750 2250 0 0.05 GF_Model_IV
0.0158160590970438 1426.79175136708 1.56804025781737e-05 8.74278599036905e-07 no_error _Inferred_Demographies_Scenario_3_ 750 2250 0 0.05 GF_Model_IV
0.0156210595202438 1377.60423790716 1.4755226312942e-05 4.40871734962758e-07 no_error _Inferred_Demographies_Scenario_3_ 750 2250 0 0.05 GF_Model_IV
0.0174259932319856 1401.3899055551 1.20505624904639e-05 8.27843147275909e-07 no_error _Inferred_Demographies_Scenario_3_ 750 2250 0 0.05 GF_Model_IV
0.0153237711800985 1380.08675669274 1.13936304627929e-06 5.5923185723851e-07 no_error _Inferred_Demographies_Scenario_3_ 750 2250 0 0.05 GF_Model_IV
0.0144106680344988 1436.61962848883 2.07850923580226e-05 7.5193040438856e-07 no_error _Inferred_Demographies_Scenario_3_ 750 2250 0 0.05 GF_Model_IV
0.0152419014417664 1378.64292772917 1.6403102726353e-05 9.64341595474393e-07 no_error _Inferred_Demographies_Scenario_3_ 750 2250 0 0.05 GF_Model_IV
0.0139401541173704 1386.76680998037 1.23491131006634e-05 6.58062718447482e-07 no_error _Inferred_Demographies_Scenario_3_ 750 2250 0 0.05 GF_Model_IV
0.0146238379365962 1400.49192450382 2.34804304277234e-06 4.41387968910322e-07 no_error _Inferred_Demographies_Scenario_3_ 750 2250 0 0.05 GF_Model_IV
0.0140799246585489 1398.14663563534 1.30325671598938e-05 8.25911156847571e-07 no_error _Inferred_Demographies_Scenario_3_ 750 2250 0 0.05 GF_Model_IV
0.0152090031775973 1377.00363523033 2.04995011564133e-05 8.97472754288568e-07 no_error _Inferred_Demographies_Scenario_3_ 750 2250 0 0.05 GF_Model_IV
0.0147616301086919 1490.49211440439 1.6807906894275e-05 3.09500645980643e-07 no_error _Inferred_Demographies_Scenario_3_ 750 2250 0 0.05 GF_Model_IV
0.0142144920187818 1369.02590428055 1.0139408451382e-05 6.47411358230518e-07 no_error _Inferred_Demographies_Scenario_3_ 750 2250 0 0.05 GF_Model_IV
0.0141568379531323 1344.87224383717 2.22250526176542e-05 1.17728083529753e-06 no_error _Inferred_Demographies_Scenario_3_ 750 2250 0 0.05 GF_Model_IV
0.0143306047097436 1390.31480007154 1.10100856517073e-05 8.36329070728093e-07 no_error _Inferred_Demographies_Scenario_3_ 750 2250 0 0.05 GF_Model_IV
0.0142762076675552 1487.63093705794 2.76397349447685e-05 4.70488303434129e-07 no_error _Inferred_Demographies_Scenario_3_ 750 2250 0 0.05 GF_Model_IV
0.162489134229019 1149.18070546089 0.000170674424435913 7.22261622614588e-05 no_error _Inferred_Demographies_Scenario_4_ 750 2250 1 0.05 GF_Model_IV
0.168467634084681 1213.85822029935 0.000236047410331282 6.40527650015135e-05 no_error _Inferred_Demographies_Scenario_4_ 750 2250 1 0.05 GF_Model_IV
0.167085540462352 1187.91329669236 0.000367145826629967 9.26469679123479e-05 no_error _Inferred_Demographies_Scenario_4_ 750 2250 1 0.05 GF_Model_IV
0.164802976680342 1202.34340496173 0.00020205326351483 0.000114173107997076 no_error _Inferred_Demographies_Scenario_4_ 750 2250 1 0.05 GF_Model_IV
0.160701584950548 1176.4388114057 0.000207608606768101 0.000120863600325885 no_error _Inferred_Demographies_Scenario_4_ 750 2250 1 0.05 GF_Model_IV
0.164488419162609 1181.34755219711 6.38424816005764e-05 8.21864606315255e-05 no_error _Inferred_Demographies_Scenario_4_ 750 2250 1 0.05 GF_Model_IV
0.168667476874393 1218.57977450402 -2.00525140839636e-05 7.17138414097455e-05 no_error _Inferred_Demographies_Scenario_4_ 750 2250 1 0.05 GF_Model_IV
0.163154308614608 1163.38440325312 -0.000145498629815794 0.000107755939833196 no_error _Inferred_Demographies_Scenario_4_ 750 2250 1 0.05 GF_Model_IV
0.160248319125475 1207.41137648258 0.00021742508746166 6.48230089620863e-05 no_error _Inferred_Demographies_Scenario_4_ 750 2250 1 0.05 GF_Model_IV
0.173909357473922 1248.98393691005 0.000140599521744566 7.17634425919165e-05 no_error _Inferred_Demographies_Scenario_4_ 750 2250 1 0.05 GF_Model_IV
0.165789542496344 1167.13299393828 0.000422788037138072 9.6688962372933e-05 no_error _Inferred_Demographies_Scenario_4_ 750 2250 1 0.05 GF_Model_IV
0.16758954329606 1180.62742567777 0.000150825252644904 5.82761969683106e-05 no_error _Inferred_Demographies_Scenario_4_ 750 2250 1 0.05 GF_Model_IV
0.170518575066119 1210.50374575735 -8.21328471904953e-05 8.48061909792633e-05 no_error _Inferred_Demographies_Scenario_4_ 750 2250 1 0.05 GF_Model_IV
0.169827811517845 1226.91416895733 0.00014923448694357 6.21605223319851e-05 no_error _Inferred_Demographies_Scenario_4_ 750 2250 1 0.05 GF_Model_IV
0.163932579904454 1175.87194045563 -4.66847955974043e-05 7.28394109585407e-05 no_error _Inferred_Demographies_Scenario_4_ 750 2250 1 0.05 GF_Model_IV
0.165604909187194 1223.56171019905 0.000177460060544645 6.73332213628536e-05 no_error _Inferred_Demographies_Scenario_4_ 750 2250 1 0.05 GF_Model_IV
0.167835007781531 1191.83812502208 -3.43867131904465e-05 8.48706047615453e-05 no_error _Inferred_Demographies_Scenario_4_ 750 2250 1 0.05 GF_Model_IV
0.1695428762787 1194.93845168656 0.000219464741136066 0.000101957373633746 no_error _Inferred_Demographies_Scenario_4_ 750 2250 1 0.05 GF_Model_IV
0.163335165180386 1174.03219258375 4.70052336726772e-05 4.33151798976647e-05 no_error _Inferred_Demographies_Scenario_4_ 750 2250 1 0.05 GF_Model_IV
0.163063296451161 1213.55970444822 7.45678255747118e-05 0.000127234785750415 no_error _Inferred_Demographies_Scenario_4_ 750 2250 1 0.05 GF_Model_IV
0.165207267292133 1229.14317951257 0.000158897985312984 6.66966788478895e-05 no_error _Inferred_Demographies_Scenario_4_ 750 2250 1 0.05 GF_Model_IV
0.158285284179268 1182.66911900585 0.000235224925208703 7.4360492312908e-05 no_error _Inferred_Demographies_Scenario_4_ 750 2250 1 0.05 GF_Model_IV
0.171984050091824 1208.89421488038 4.69350563396856e-05 9.74411866646108e-05 no_error _Inferred_Demographies_Scenario_4_ 750 2250 1 0.05 GF_Model_IV
0.165833543783291 1189.87558821572 0.000280617663490628 6.17980294035883e-05 no_error _Inferred_Demographies_Scenario_4_ 750 2250 1 0.05 GF_Model_IV
0.176376198906535 1233.68945579053 -0.000135737077108646 0.000113430028317306 no_error _Inferred_Demographies_Scenario_4_ 750 2250 1 0.05 GF_Model_IV
0.167250669768728 1181.23578406858 0.000112847152106375 0.000116460157357953 no_error _Inferred_Demographies_Scenario_4_ 750 2250 1 0.05 GF_Model_IV
0.164636752272931 1208.81305230155 0.000363041524103494 0.000100831487507164 no_error _Inferred_Demographies_Scenario_4_ 750 2250 1 0.05 GF_Model_IV
0.166630545361817 1211.17612222894 3.89070959683756e-05 9.53795770572934e-05 no_error _Inferred_Demographies_Scenario_4_ 750 2250 1 0.05 GF_Model_IV
0.159541201299465 1175.89492879209 1.29360753606398e-05 6.87550996591741e-05 no_error _Inferred_Demographies_Scenario_4_ 750 2250 1 0.05 GF_Model_IV
0.165894266825339 1165.54400117267 5.89989138757953e-05 7.98712018389562e-05 no_error _Inferred_Demographies_Scenario_4_ 750 2250 1 0.05 GF_Model_IV
0.168392498741941 1216.85387140935 -4.56028160876397e-05 0.000139840232261322 no_error _Inferred_Demographies_Scenario_4_ 750 2250 1 0.05 GF_Model_IV
0.162921728071428 1155.99839077882 -0.000168030622765373 6.61230806052185e-05 no_error _Inferred_Demographies_Scenario_4_ 750 2250 1 0.05 GF_Model_IV
0.166566735366359 1217.22716722288 0.000191451419269755 9.59394963409066e-05 no_error _Inferred_Demographies_Scenario_4_ 750 2250 1 0.05 GF_Model_IV
0.165034259945173 1174.8334115842 -0.000117953099498061 9.04104735955078e-05 no_error _Inferred_Demographies_Scenario_4_ 750 2250 1 0.05 GF_Model_IV
0.163538169680005 1213.13111529778 0.000232383519420866 7.93868539813189e-05 no_error _Inferred_Demographies_Scenario_4_ 750 2250 1 0.05 GF_Model_IV
0.16992525649558 1250.21069259666 9.88746667143168e-05 7.41778812791269e-05 no_error _Inferred_Demographies_Scenario_4_ 750 2250 1 0.05 GF_Model_IV
0.157736821198994 1142.71611848207 0.000210147070447307 7.97258038045786e-05 no_error _Inferred_Demographies_Scenario_4_ 750 2250 1 0.05 GF_Model_IV
0.168399142478803 1176.29104812282 8.76306863263829e-05 0.000101022237197252 no_error _Inferred_Demographies_Scenario_4_ 750 2250 1 0.05 GF_Model_IV
0.156426709019524 1132.89846188559 0.000219253751280953 0.000150741704177013 no_error _Inferred_Demographies_Scenario_4_ 750 2250 1 0.05 GF_Model_IV
0.162602821781873 1181.38877282576 3.18312110369989e-05 0.000120260230359651 no_error _Inferred_Demographies_Scenario_4_ 750 2250 1 0.05 GF_Model_IV
0.156944740887213 1150.00602075011 0.000256349578152932 0.000162346266379597 no_error _Inferred_Demographies_Scenario_4_ 750 2250 1 0.05 GF_Model_IV
0.171299347540507 1235.6122260042 0.000251135699872228 7.23752239340983e-05 no_error _Inferred_Demographies_Scenario_4_ 750 2250 1 0.05 GF_Model_IV
0.15776753536896 1135.19704626878 -8.0389955579363e-05 0.000129208597207551 no_error _Inferred_Demographies_Scenario_4_ 750 2250 1 0.05 GF_Model_IV
0.167387307154484 1211.21250623426 2.28698863476921e-06 9.47026538951835e-05 no_error _Inferred_Demographies_Scenario_4_ 750 2250 1 0.05 GF_Model_IV
0.172687056660028 1188.33470242276 7.78507274210146e-05 7.93153300814445e-05 no_error _Inferred_Demographies_Scenario_4_ 750 2250 1 0.05 GF_Model_IV
0.170177258974428 1175.93971966437 -0.000268330491428332 7.3719366012309e-05 no_error _Inferred_Demographies_Scenario_4_ 750 2250 1 0.05 GF_Model_IV
0.165708734870979 1184.40300291662 0.000102932869301546 7.76850349804331e-05 no_error _Inferred_Demographies_Scenario_4_ 750 2250 1 0.05 GF_Model_IV
0.168273849262375 1227.3388561914 0.00022251689625178 7.59680887824791e-05 no_error _Inferred_Demographies_Scenario_4_ 750 2250 1 0.05 GF_Model_IV
0.166372770770641 1186.30684045568 1.59287755825966e-05 8.90161390953533e-05 no_error _Inferred_Demographies_Scenario_4_ 750 2250 1 0.05 GF_Model_IV
0.166480997079371 1208.56219036075 8.67434567040486e-05 7.71770831197239e-05 no_error _Inferred_Demographies_Scenario_4_ 750 2250 1 0.05 GF_Model_IV
0.173231783744679 1217.48247538245 0.000117610045573294 8.41227466787721e-05 no_error _Inferred_Demographies_Scenario_4_ 750 2250 1 0.05 GF_Model_IV
0.170762195120777 1205.33685811935 -4.55497714735373e-05 5.78584046954281e-05 no_error _Inferred_Demographies_Scenario_4_ 750 2250 1 0.05 GF_Model_IV
0.160771474818781 1132.73851078274 -0.000277448411028369 5.55107018020476e-05 no_error _Inferred_Demographies_Scenario_4_ 750 2250 1 0.05 GF_Model_IV
0.168700242159299 1196.67022055345 0.00015120717937035 8.2914745284638e-05 no_error _Inferred_Demographies_Scenario_4_ 750 2250 1 0.05 GF_Model_IV
0.167943693232688 1193.27656859824 -0.000134194803042982 8.45078763451524e-05 no_error _Inferred_Demographies_Scenario_4_ 750 2250 1 0.05 GF_Model_IV
0.173610311860253 1216.25832096984 -9.91471098186321e-05 6.78510822051574e-05 no_error _Inferred_Demographies_Scenario_4_ 750 2250 1 0.05 GF_Model_IV
0.17020889364932 1219.59980640778 0.000113892329374025 6.34524696319709e-05 no_error _Inferred_Demographies_Scenario_4_ 750 2250 1 0.05 GF_Model_IV
0.165755636295965 1165.09010169463 -0.000155203734481713 6.43896017064826e-05 no_error _Inferred_Demographies_Scenario_4_ 750 2250 1 0.05 GF_Model_IV
0.166315520936014 1193.72460154495 0.000150783813435716 6.6749886121559e-05 no_error _Inferred_Demographies_Scenario_4_ 750 2250 1 0.05 GF_Model_IV
0.165153803759967 1217.76458097825 0.000240824970477994 0.000124273314940564 no_error _Inferred_Demographies_Scenario_4_ 750 2250 1 0.05 GF_Model_IV
0.168259686722397 1226.76044574107 0.000245013092780475 0.000115554744858558 no_error _Inferred_Demographies_Scenario_4_ 750 2250 1 0.05 GF_Model_IV
0.167597307657581 1192.12095726952 0.000217921440346094 8.62177499932239e-05 no_error _Inferred_Demographies_Scenario_4_ 750 2250 1 0.05 GF_Model_IV
0.161413602186818 1153.6008147128 0.000164522739203916 8.7356308020631e-05 no_error _Inferred_Demographies_Scenario_4_ 750 2250 1 0.05 GF_Model_IV
0.161056122130169 1194.40306856219 6.03126337474176e-05 7.75810453419109e-05 no_error _Inferred_Demographies_Scenario_4_ 750 2250 1 0.05 GF_Model_IV
0.169178542414055 1212.03817038348 -2.71728332072093e-05 8.55554256214343e-05 no_error _Inferred_Demographies_Scenario_4_ 750 2250 1 0.05 GF_Model_IV
0.168304075100688 1198.52911234855 0.000418664072552626 0.000144500893676483 no_error _Inferred_Demographies_Scenario_4_ 750 2250 1 0.05 GF_Model_IV
0.160417012903302 1171.64609878962 0.000477710543641679 6.5730373073352e-05 no_error _Inferred_Demographies_Scenario_4_ 750 2250 1 0.05 GF_Model_IV
0.172217682538621 1255.84026447236 5.4539598834325e-05 7.44537260966828e-05 no_error _Inferred_Demographies_Scenario_4_ 750 2250 1 0.05 GF_Model_IV
0.177204337996006 1217.37429036472 0.000384142682007607 0.000105453840176694 no_error _Inferred_Demographies_Scenario_4_ 750 2250 1 0.05 GF_Model_IV
0.172180932622763 1243.2195630902 -8.12419725800806e-05 0.000137439559139608 no_error _Inferred_Demographies_Scenario_4_ 750 2250 1 0.05 GF_Model_IV
0.170001642287153 1232.89873281956 2.80577644817679e-05 8.53553124704559e-05 no_error _Inferred_Demographies_Scenario_4_ 750 2250 1 0.05 GF_Model_IV
0.173276929439772 1240.99592923195 0.000159841326976048 6.25442042834744e-05 no_error _Inferred_Demographies_Scenario_4_ 750 2250 1 0.05 GF_Model_IV
0.16978865969334 1228.12343140607 5.34660170782006e-05 0.000117946153109924 no_error _Inferred_Demographies_Scenario_4_ 750 2250 1 0.05 GF_Model_IV
0.159772674186555 1170.48493500147 0.000173697703824173 9.3781597667854e-05 no_error _Inferred_Demographies_Scenario_4_ 750 2250 1 0.05 GF_Model_IV
0.170091617144337 1186.99879938137 0.000303085704408747 0.000107580553780202 no_error _Inferred_Demographies_Scenario_4_ 750 2250 1 0.05 GF_Model_IV
0.160948585480135 1195.92507657545 4.95952346064788e-05 9.20629243041398e-05 no_error _Inferred_Demographies_Scenario_4_ 750 2250 1 0.05 GF_Model_IV
0.168555328168294 1193.64022541717 0.000266974893711705 6.03576778585762e-05 no_error _Inferred_Demographies_Scenario_4_ 750 2250 1 0.05 GF_Model_IV
0.164256748306083 1195.55317938845 -7.728552426235e-05 6.11844270408705e-05 no_error _Inferred_Demographies_Scenario_4_ 750 2250 1 0.05 GF_Model_IV
0.175892701448047 1217.21742780374 0.0001231072098094 8.00395429182199e-05 no_error _Inferred_Demographies_Scenario_4_ 750 2250 1 0.05 GF_Model_IV
0.168151089266426 1220.42513649059 0.000237832315377251 0.000108685598672335 no_error _Inferred_Demographies_Scenario_4_ 750 2250 1 0.05 GF_Model_IV
0.164307161094974 1189.17165462985 0.000169171495979394 0.000146102080446145 no_error _Inferred_Demographies_Scenario_4_ 750 2250 1 0.05 GF_Model_IV
0.175498867873844 1232.70166503615 -4.73163756545195e-05 0.000117582808897434 no_error _Inferred_Demographies_Scenario_4_ 750 2250 1 0.05 GF_Model_IV
0.169222133693808 1152.47761224695 0.000128627794621736 0.000129048659311354 no_error _Inferred_Demographies_Scenario_4_ 750 2250 1 0.05 GF_Model_IV
0.173780429698463 1231.76843817286 0.000190779448520005 7.94747240396392e-05 no_error _Inferred_Demographies_Scenario_4_ 750 2250 1 0.05 GF_Model_IV
0.158956257387712 1171.55864885416 0.000144280114250566 0.000127669993025702 no_error _Inferred_Demographies_Scenario_4_ 750 2250 1 0.05 GF_Model_IV
0.164146987125282 1176.01455222249 -0.000120274341630568 7.44422011797945e-05 no_error _Inferred_Demographies_Scenario_4_ 750 2250 1 0.05 GF_Model_IV
0.165659209880839 1186.97715124188 0.00010115050183231 6.76277295915034e-05 no_error _Inferred_Demographies_Scenario_4_ 750 2250 1 0.05 GF_Model_IV
0.167240707865715 1193.77865716947 0.00016460464451689 0.000150498388710908 no_error _Inferred_Demographies_Scenario_4_ 750 2250 1 0.05 GF_Model_IV
0.161082483803417 1158.45612435435 -4.85520381257663e-05 6.64699892976191e-05 no_error _Inferred_Demographies_Scenario_4_ 750 2250 1 0.05 GF_Model_IV
0.162800251204203 1148.53287622487 9.54942623893438e-05 0.000102881367248213 no_error _Inferred_Demographies_Scenario_4_ 750 2250 1 0.05 GF_Model_IV
0.16719377588862 1200.74779836066 0.000303301073118764 8.07046851646189e-05 no_error _Inferred_Demographies_Scenario_4_ 750 2250 1 0.05 GF_Model_IV
0.170751290335776 1190.83231240313 9.0941427124829e-05 5.62162941569071e-05 no_error _Inferred_Demographies_Scenario_4_ 750 2250 1 0.05 GF_Model_IV
0.161989141750944 1157.48992038736 0.000295434848122185 0.000122983548118716 no_error _Inferred_Demographies_Scenario_4_ 750 2250 1 0.05 GF_Model_IV
0.164558825861716 1170.24538513406 -0.000131623105912903 6.42131319586411e-05 no_error _Inferred_Demographies_Scenario_4_ 750 2250 1 0.05 GF_Model_IV
0.16105451141028 1159.52784975607 -8.31489780199348e-05 0.000113512436894143 no_error _Inferred_Demographies_Scenario_4_ 750 2250 1 0.05 GF_Model_IV
0.169136154984324 1218.7452410868 2.32400923906147e-05 7.85970641082312e-05 no_error _Inferred_Demographies_Scenario_4_ 750 2250 1 0.05 GF_Model_IV
0.15838475864246 1168.00303603403 4.10337292733843e-05 0.000108546686325066 no_error _Inferred_Demographies_Scenario_4_ 750 2250 1 0.05 GF_Model_IV
0.165852551657226 1191.10056037362 -7.36366838310862e-05 5.99704318080998e-05 no_error _Inferred_Demographies_Scenario_4_ 750 2250 1 0.05 GF_Model_IV
0.167499902532413 1213.61556521708 -3.44957647400569e-05 0.000133981794509922 no_error _Inferred_Demographies_Scenario_4_ 750 2250 1 0.05 GF_Model_IV
0.16502979448316 1160.61384491456 0.000168198478976245 6.27936671433265e-05 no_error _Inferred_Demographies_Scenario_4_ 750 2250 1 0.05 GF_Model_IV
