0.000489621659481834 1688.36003979858 7.70054467028388e-07 5.61508368576711e-09 no_error _Scenario_11_ 1500 1501 0 0.02 GF_Model_IV
0.000498965598429137 1667.48017120618 5.96152245454429e-07 4.78380213024808e-09 no_error _Scenario_11_ 1500 1501 0 0.02 GF_Model_IV
0.000499145612744491 1689.69680046962 9.68676031950286e-07 4.03728062413915e-09 no_error _Scenario_11_ 1500 1501 0 0.02 GF_Model_IV
0.000508542523903586 1636.71731627874 3.70251972246743e-07 4.06354333449444e-09 no_error _Scenario_11_ 1500 1501 0 0.02 GF_Model_IV
0.000508914247883036 1669.90114463977 5.37327146865937e-07 6.03625874012923e-09 no_error _Scenario_11_ 1500 1501 0 0.02 GF_Model_IV
0.000499491264103336 1653.61734381698 3.64251404692986e-07 3.46977808405088e-09 no_error _Scenario_11_ 1500 1501 0 0.02 GF_Model_IV
0.000479516878174817 1597.6532429342 2.58720266181559e-07 4.19987930031605e-09 no_error _Scenario_11_ 1500 1501 0 0.02 GF_Model_IV
0.00045618810548153 1676.39382970519 7.03485463366483e-07 4.47727616374496e-09 no_error _Scenario_11_ 1500 1501 0 0.02 GF_Model_IV
0.000472955073851747 1682.17463065661 4.71676019035958e-07 5.75140721533299e-09 no_error _Scenario_11_ 1500 1501 0 0.02 GF_Model_IV
0.000490441786550911 1722.08360917433 8.43252415022601e-07 4.19224088455386e-09 no_error _Scenario_11_ 1500 1501 0 0.02 GF_Model_IV
0.000493342558716328 1675.33170404216 7.12507055979185e-07 4.32787726502797e-09 no_error _Scenario_12_ 1400 1600 0 0.02 GF_Model_IV
0.000483315309732694 1643.29330101111 6.00993343213442e-07 5.4840861807559e-09 no_error _Scenario_12_ 1400 1600 0 0.02 GF_Model_IV
0.000493872471818784 1676.8819221341 4.1383551465296e-07 3.75661344390646e-09 no_error _Scenario_12_ 1400 1600 0 0.02 GF_Model_IV
0.000501230859826589 1660.98521430956 5.26458561010961e-07 5.30643843716265e-09 no_error _Scenario_12_ 1400 1600 0 0.02 GF_Model_IV
0.000488119130265394 1660.92111476058 1.8995586260541e-07 4.28095355375501e-09 no_error _Scenario_12_ 1400 1600 0 0.02 GF_Model_IV
0.000480246540353778 1656.35977629891 6.84900732914481e-07 5.04362851102606e-09 no_error _Scenario_12_ 1400 1600 0 0.02 GF_Model_IV
0.000473822597212828 1640.11951903513 3.49506501590224e-07 5.62298436069759e-09 no_error _Scenario_12_ 1400 1600 0 0.02 GF_Model_IV
0.000498688727831141 1626.43935268753 5.90378093168786e-07 5.27768141819996e-09 no_error _Scenario_12_ 1400 1600 0 0.02 GF_Model_IV
0.000492863377320866 1682.21703010793 4.45013859008655e-07 4.50211771213864e-09 no_error _Scenario_12_ 1400 1600 0 0.02 GF_Model_IV
0.000485791085775517 1668.65541955297 5.78960524428792e-07 5.23828831489723e-09 no_error _Scenario_12_ 1400 1600 0 0.02 GF_Model_IV
0.00046297057598207 1624.63454364618 5.0149451817707e-07 4.66448191871514e-09 no_error _Scenario_13_ 1300 1700 0 0.02 GF_Model_IV
0.000497949092921317 1665.14906372678 7.12825249404797e-07 4.88322633803181e-09 no_error _Scenario_13_ 1300 1700 0 0.02 GF_Model_IV
0.000483573503253493 1643.89978678055 5.83748192862038e-07 5.19944436844328e-09 no_error _Scenario_13_ 1300 1700 0 0.02 GF_Model_IV
0.000481944397494721 1607.79980583678 4.36143612813563e-07 6.00160189577146e-09 no_error _Scenario_13_ 1300 1700 0 0.02 GF_Model_IV
0.000474410704222336 1683.97267576269 7.41135662669713e-07 5.32425569418405e-09 no_error _Scenario_13_ 1300 1700 0 0.02 GF_Model_IV
0.000481720811069089 1639.10581330032 7.68918416392283e-07 6.33220564998438e-09 no_error _Scenario_13_ 1300 1700 0 0.02 GF_Model_IV
0.000484734736455527 1656.86816797499 6.03838936471038e-07 5.94289564916326e-09 no_error _Scenario_13_ 1300 1700 0 0.02 GF_Model_IV
0.00050199560139717 1665.40400417831 5.96639078591234e-07 6.67600668125741e-09 no_error _Scenario_13_ 1300 1700 0 0.02 GF_Model_IV
0.000475412163472789 1669.07188062395 6.83325591165976e-07 5.52388135893178e-09 no_error _Scenario_13_ 1300 1700 0 0.02 GF_Model_IV
0.000481429962584654 1651.17717115476 5.52895727957308e-07 6.08896244848796e-09 no_error _Scenario_13_ 1300 1700 0 0.02 GF_Model_IV
0.000458831872676243 1599.80428293615 4.28492385127848e-07 4.46836512858174e-09 no_error _Scenario_14_ 1100 1900 0 0.02 GF_Model_IV
0.000466951319720927 1638.91657602881 3.78068441249467e-07 4.62010237803346e-09 no_error _Scenario_14_ 1100 1900 0 0.02 GF_Model_IV
0.000432873932344389 1634.26778764262 9.95029755882109e-07 5.23215435199251e-09 no_error _Scenario_14_ 1100 1900 0 0.02 GF_Model_IV
0.000490956985066383 1654.26677955179 6.37134312802384e-07 3.80783256414682e-09 no_error _Scenario_14_ 1100 1900 0 0.02 GF_Model_IV
0.000456150173458614 1650.38177902846 7.08112104948688e-07 6.04077652307089e-09 no_error _Scenario_14_ 1100 1900 0 0.02 GF_Model_IV
0.000459853471651432 1613.75520168804 6.87569840624362e-07 5.03333708193322e-09 no_error _Scenario_14_ 1100 1900 0 0.02 GF_Model_IV
0.000467285821538808 1622.32593865575 1.61772601763245e-07 5.41384867237959e-09 no_error _Scenario_14_ 1100 1900 0 0.02 GF_Model_IV
0.000498981282960615 1598.93712424411 5.46196323522676e-07 5.76748996970842e-09 no_error _Scenario_14_ 1100 1900 0 0.02 GF_Model_IV
0.000492450301543254 1620.30919027197 8.38985950783719e-07 7.51249383225888e-09 no_error _Scenario_14_ 1100 1900 0 0.02 GF_Model_IV
0.000468335582881154 1647.4949271794 1.02543711321587e-06 4.29220695698062e-09 no_error _Scenario_14_ 1100 1900 0 0.02 GF_Model_IV
0.000438654475400418 1604.65564800461 6.68249558710438e-07 5.54145207010768e-09 no_error _Scenario_15_ 1000 2000 0 0.02 GF_Model_IV
0.000462177171655903 1587.50443433234 4.18142025211551e-07 7.05430798071943e-09 no_error _Scenario_15_ 1000 2000 0 0.02 GF_Model_IV
0.000480830708217082 1624.29381825087 8.82948198408863e-07 6.88061061889972e-09 no_error _Scenario_15_ 1000 2000 0 0.02 GF_Model_IV
0.000460564202553018 1611.34942070772 7.95052519135098e-07 5.2504568054506e-09 no_error _Scenario_15_ 1000 2000 0 0.02 GF_Model_IV
0.000449028598996395 1588.5640957724 7.27938450328967e-07 5.69093951877342e-09 no_error _Scenario_15_ 1000 2000 0 0.02 GF_Model_IV
0.000476000982594308 1612.08739064199 6.63785266536382e-07 5.3783643211075e-09 no_error _Scenario_15_ 1000 2000 0 0.02 GF_Model_IV
0.000455128765506482 1587.93520196883 4.37528244015595e-07 4.49275752226023e-09 no_error _Scenario_15_ 1000 2000 0 0.02 GF_Model_IV
0.000474903741111897 1586.72212326055 7.16116302048041e-07 5.15527154999468e-09 no_error _Scenario_15_ 1000 2000 0 0.02 GF_Model_IV
0.00046715083953407 1599.95906782449 5.97372307861967e-07 7.14807677318653e-09 no_error _Scenario_15_ 1000 2000 0 0.02 GF_Model_IV
0.000452281407373003 1558.08792986083 7.55180258064353e-07 6.15646588272727e-09 no_error _Scenario_15_ 1000 2000 0 0.02 GF_Model_IV
0.000441980923817197 1507.36199365547 1.17673103084916e-06 8.84815540516485e-09 no_error _Scenario_16_ 750 2250 0 0.02 GF_Model_IV
0.000464373342052835 1506.30473370693 9.90215381626216e-07 8.57830360347753e-09 no_error _Scenario_16_ 750 2250 0 0.02 GF_Model_IV
0.000470498948474412 1493.61551536016 1.34464435157309e-06 8.94522925293376e-09 no_error _Scenario_16_ 750 2250 0 0.02 GF_Model_IV
0.000467133539939399 1513.04645859621 1.27101915657764e-06 8.47560793672803e-09 no_error _Scenario_16_ 750 2250 0 0.02 GF_Model_IV
0.000484849602009173 1522.85472170856 8.54928739208584e-07 8.44484324954721e-09 no_error _Scenario_16_ 750 2250 0 0.02 GF_Model_IV
0.000467024167921516 1541.80365494804 1.26500508123197e-06 7.85412597946158e-09 no_error _Scenario_16_ 750 2250 0 0.02 GF_Model_IV
0.00045419187451123 1514.0474222599 9.4016825252887e-07 6.6242894722951e-09 no_error _Scenario_16_ 750 2250 0 0.02 GF_Model_IV
0.000478183704546474 1509.57115994286 8.33601486851372e-07 9.08670397243075e-09 no_error _Scenario_16_ 750 2250 0 0.02 GF_Model_IV
0.000485489220329324 1502.09601821173 6.51492356168587e-07 7.21654884261577e-09 no_error _Scenario_16_ 750 2250 0 0.02 GF_Model_IV
0.000449776460016202 1506.22183893928 1.28865530118945e-06 8.37650162256917e-09 no_error _Scenario_16_ 750 2250 0 0.02 GF_Model_IV
