0.0107879127590117 1708.8559822935 1.61295707955952e-05 6.16984655592209e-07 no_error _Complex_Demographies_Scenario_1_ 1500 1501 0 0.02 GF_Model_IV
0.0119231188896429 1647.90975079443 2.07972462111742e-05 1.04764461824666e-06 no_error _Complex_Demographies_Scenario_1_ 1500 1501 0 0.02 GF_Model_IV
0.0112202960524737 1647.49708038683 1.54696911991356e-05 9.37864507163309e-07 no_error _Complex_Demographies_Scenario_1_ 1500 1501 0 0.02 GF_Model_IV
0.0100915279324074 1661.74953000844 1.48480496894003e-05 7.85454115932335e-07 no_error _Complex_Demographies_Scenario_1_ 1500 1501 0 0.02 GF_Model_IV
0.0104589245495459 1606.4609724967 9.60483279848016e-06 4.20595645776283e-07 no_error _Complex_Demographies_Scenario_1_ 1500 1501 0 0.02 GF_Model_IV
0.010946496253273 1652.3597743231 1.64780222829242e-05 6.60493000465421e-07 no_error _Complex_Demographies_Scenario_1_ 1500 1501 0 0.02 GF_Model_IV
0.0109472944662904 1665.58006772109 1.30221662486742e-05 5.52467627452467e-07 no_error _Complex_Demographies_Scenario_1_ 1500 1501 0 0.02 GF_Model_IV
0.0102660156311104 1657.78783731576 9.16105746452101e-06 9.90675606626612e-07 no_error _Complex_Demographies_Scenario_1_ 1500 1501 0 0.02 GF_Model_IV
0.011127128403115 1625.14793494197 1.55288683629621e-05 8.68879589209058e-07 no_error _Complex_Demographies_Scenario_1_ 1500 1501 0 0.02 GF_Model_IV
0.0113945816518422 1647.05284491892 1.21923452763298e-05 6.59091868864336e-07 no_error _Complex_Demographies_Scenario_1_ 1500 1501 0 0.02 GF_Model_IV
0.0117956817051949 1608.63166343657 1.16732652696665e-05 7.92066712222512e-07 no_error _Complex_Demographies_Scenario_1_ 1500 1501 0 0.02 GF_Model_IV
0.0113682347606902 1654.08508036264 1.6613519069353e-05 1.09505057439265e-06 no_error _Complex_Demographies_Scenario_1_ 1500 1501 0 0.02 GF_Model_IV
0.0110100069421139 1631.76462380962 1.74895176595343e-05 7.58351673174112e-07 no_error _Complex_Demographies_Scenario_1_ 1500 1501 0 0.02 GF_Model_IV
0.0116399267756098 1594.48112343465 1.05989884889676e-05 6.32245285695504e-07 no_error _Complex_Demographies_Scenario_1_ 1500 1501 0 0.02 GF_Model_IV
0.0105774704674961 1624.06497631388 7.16964019330463e-06 5.88253482759926e-07 no_error _Complex_Demographies_Scenario_1_ 1500 1501 0 0.02 GF_Model_IV
0.0105623791046463 1632.21858458383 9.60504799568457e-06 6.33748905274251e-07 no_error _Complex_Demographies_Scenario_1_ 1500 1501 0 0.02 GF_Model_IV
0.0108695259451895 1675.97609658917 1.64258552770847e-05 6.33356949404893e-07 no_error _Complex_Demographies_Scenario_1_ 1500 1501 0 0.02 GF_Model_IV
0.0108664980691507 1639.20155153292 1.67002127371201e-05 7.66372019373819e-07 no_error _Complex_Demographies_Scenario_1_ 1500 1501 0 0.02 GF_Model_IV
0.0108610081124108 1648.43171924815 1.86589247452015e-05 8.8188749928581e-07 no_error _Complex_Demographies_Scenario_1_ 1500 1501 0 0.02 GF_Model_IV
0.011603953857971 1615.76788881332 1.53215423825085e-05 6.06092628390003e-07 no_error _Complex_Demographies_Scenario_1_ 1500 1501 0 0.02 GF_Model_IV
0.011413132961413 1653.43833873231 4.35428481338305e-06 5.07775190307541e-07 no_error _Complex_Demographies_Scenario_1_ 1500 1501 0 0.02 GF_Model_IV
0.0135825565312651 1658.45363175909 1.33599335001957e-05 3.30947693985198e-07 no_error _Complex_Demographies_Scenario_1_ 1500 1501 0 0.02 GF_Model_IV
0.0109610641551607 1638.47071008694 1.49734167581194e-05 5.59382952991067e-07 no_error _Complex_Demographies_Scenario_1_ 1500 1501 0 0.02 GF_Model_IV
0.0102972665169027 1625.40835222597 2.26334748656498e-05 1.25077344312328e-06 no_error _Complex_Demographies_Scenario_1_ 1500 1501 0 0.02 GF_Model_IV
0.0100684563564781 1622.87515333613 8.89964064751014e-06 9.1754960227363e-07 no_error _Complex_Demographies_Scenario_1_ 1500 1501 0 0.02 GF_Model_IV
0.011315776258479 1659.59359522039 8.07296859455862e-06 7.67265750943812e-07 no_error _Complex_Demographies_Scenario_1_ 1500 1501 0 0.02 GF_Model_IV
0.0111436485692057 1653.85004669036 8.18695210959259e-06 4.84051370417437e-07 no_error _Complex_Demographies_Scenario_1_ 1500 1501 0 0.02 GF_Model_IV
0.0115007770946576 1616.48892825157 -1.38182001748641e-06 5.53025315411635e-07 no_error _Complex_Demographies_Scenario_1_ 1500 1501 0 0.02 GF_Model_IV
0.0105459691253174 1660.38958029801 1.03544063792903e-05 5.58044702912309e-07 no_error _Complex_Demographies_Scenario_1_ 1500 1501 0 0.02 GF_Model_IV
0.0114294207063455 1643.8127220498 1.61769578310359e-05 7.02314637423697e-07 no_error _Complex_Demographies_Scenario_1_ 1500 1501 0 0.02 GF_Model_IV
0.0110866891970727 1689.84366836535 1.40834532710314e-05 2.92677281846659e-07 no_error _Complex_Demographies_Scenario_1_ 1500 1501 0 0.02 GF_Model_IV
0.0122721649888182 1637.06089552795 1.64143231193207e-05 1.17724778618267e-06 no_error _Complex_Demographies_Scenario_1_ 1500 1501 0 0.02 GF_Model_IV
0.0111073755667815 1639.50902818787 9.40377261234949e-06 5.63373890608185e-07 no_error _Complex_Demographies_Scenario_1_ 1500 1501 0 0.02 GF_Model_IV
0.0109950691357536 1642.77031026626 1.0875074775852e-05 7.1032443203589e-07 no_error _Complex_Demographies_Scenario_1_ 1500 1501 0 0.02 GF_Model_IV
0.0115130607082932 1669.10685042652 1.30711614630395e-05 4.33139269882268e-07 no_error _Complex_Demographies_Scenario_1_ 1500 1501 0 0.02 GF_Model_IV
0.0117124384083722 1666.12837763249 1.11693544244435e-05 9.30968933137558e-07 no_error _Complex_Demographies_Scenario_1_ 1500 1501 0 0.02 GF_Model_IV
0.0122877185908477 1611.69416819688 2.47981821583835e-05 1.60005628183774e-06 no_error _Complex_Demographies_Scenario_1_ 1500 1501 0 0.02 GF_Model_IV
0.0122581413125209 1641.40591852937 1.32873102560842e-05 6.0034882588087e-07 no_error _Complex_Demographies_Scenario_1_ 1500 1501 0 0.02 GF_Model_IV
0.0114847341884392 1605.38261001285 9.47205558571844e-06 9.06654828187278e-07 no_error _Complex_Demographies_Scenario_1_ 1500 1501 0 0.02 GF_Model_IV
0.0115221565899642 1677.39409337659 2.10944324656301e-05 6.57488676152736e-07 no_error _Complex_Demographies_Scenario_1_ 1500 1501 0 0.02 GF_Model_IV
0.011822451649645 1654.98577696539 2.03206208087442e-05 1.52228015357215e-06 no_error _Complex_Demographies_Scenario_1_ 1500 1501 0 0.02 GF_Model_IV
0.0111650734503561 1656.1573314006 1.98863826541113e-05 9.08770331208551e-07 no_error _Complex_Demographies_Scenario_1_ 1500 1501 0 0.02 GF_Model_IV
0.0120088674388595 1636.50495921145 7.15528610240728e-06 3.79248292111727e-07 no_error _Complex_Demographies_Scenario_1_ 1500 1501 0 0.02 GF_Model_IV
0.0112541479175328 1651.15648182323 2.208869043808e-05 7.61892659809761e-07 no_error _Complex_Demographies_Scenario_1_ 1500 1501 0 0.02 GF_Model_IV
0.0110453469808977 1627.17435941472 6.65243797948353e-06 7.15474806804582e-07 no_error _Complex_Demographies_Scenario_1_ 1500 1501 0 0.02 GF_Model_IV
0.0122023681021683 1683.42191077263 1.2500358849658e-05 8.78277538890607e-07 no_error _Complex_Demographies_Scenario_1_ 1500 1501 0 0.02 GF_Model_IV
0.0108210049283219 1633.83159321738 1.47675852717667e-05 1.12887990638117e-06 no_error _Complex_Demographies_Scenario_1_ 1500 1501 0 0.02 GF_Model_IV
0.0110956799835419 1700.86059598235 2.10771154237617e-05 7.99757889788484e-07 no_error _Complex_Demographies_Scenario_1_ 1500 1501 0 0.02 GF_Model_IV
0.0116054088301528 1660.50569693203 3.56905079755539e-06 4.80188485637525e-07 no_error _Complex_Demographies_Scenario_1_ 1500 1501 0 0.02 GF_Model_IV
0.0106891921116382 1631.62473678036 1.13651225255712e-05 8.88680100151307e-07 no_error _Complex_Demographies_Scenario_1_ 1500 1501 0 0.02 GF_Model_IV
0.0106119687265479 1622.10335038669 1.69463024765867e-05 7.59157946398261e-07 no_error _Complex_Demographies_Scenario_1_ 1500 1501 0 0.02 GF_Model_IV
0.0107034688681709 1618.79978472067 1.68692189655729e-05 1.17909312227523e-06 no_error _Complex_Demographies_Scenario_1_ 1500 1501 0 0.02 GF_Model_IV
0.0107908834460568 1673.8077942224 1.38627147837527e-05 9.81699259337844e-07 no_error _Complex_Demographies_Scenario_1_ 1500 1501 0 0.02 GF_Model_IV
0.0118345126483262 1649.26858076171 1.64587526075517e-05 1.06907509837633e-06 no_error _Complex_Demographies_Scenario_1_ 1500 1501 0 0.02 GF_Model_IV
0.0118334815866132 1650.11340583104 1.64280966171438e-05 6.51885498942053e-07 no_error _Complex_Demographies_Scenario_1_ 1500 1501 0 0.02 GF_Model_IV
0.0120560415568882 1623.50009025094 1.26657789829744e-05 7.43154967336565e-07 no_error _Complex_Demographies_Scenario_1_ 1500 1501 0 0.02 GF_Model_IV
0.0113383460944999 1680.92185427388 1.27155407261289e-05 6.18885244921096e-07 no_error _Complex_Demographies_Scenario_1_ 1500 1501 0 0.02 GF_Model_IV
0.00991043241653923 1711.42330334116 9.45128356514241e-06 5.8543599337385e-07 no_error _Complex_Demographies_Scenario_1_ 1500 1501 0 0.02 GF_Model_IV
0.0112645724238095 1631.19419035055 2.09366009365666e-05 7.17773368950185e-07 no_error _Complex_Demographies_Scenario_1_ 1500 1501 0 0.02 GF_Model_IV
0.0113063018384299 1621.27362250329 9.00770340664247e-06 7.31316193900224e-07 no_error _Complex_Demographies_Scenario_1_ 1500 1501 0 0.02 GF_Model_IV
0.0119021466459097 1653.80425378644 6.4119835076185e-06 6.3656738216304e-07 no_error _Complex_Demographies_Scenario_1_ 1500 1501 0 0.02 GF_Model_IV
0.0108539164693942 1614.01358016774 1.39788370227011e-05 4.8588148089712e-07 no_error _Complex_Demographies_Scenario_1_ 1500 1501 0 0.02 GF_Model_IV
0.0112615678859334 1644.09391339078 1.04504808131666e-05 8.87394349382423e-07 no_error _Complex_Demographies_Scenario_1_ 1500 1501 0 0.02 GF_Model_IV
0.0103864755384461 1677.95206133951 6.41978786575294e-06 8.20692901726791e-07 no_error _Complex_Demographies_Scenario_1_ 1500 1501 0 0.02 GF_Model_IV
0.0111465619449717 1619.04183387661 1.82809016961054e-05 9.12693040123043e-07 no_error _Complex_Demographies_Scenario_1_ 1500 1501 0 0.02 GF_Model_IV
0.0122274573754094 1638.41109056134 1.71636347873284e-05 9.59430454033822e-07 no_error _Complex_Demographies_Scenario_1_ 1500 1501 0 0.02 GF_Model_IV
0.0114424547295413 1616.98265950054 1.28430960839704e-05 6.68988234007544e-07 no_error _Complex_Demographies_Scenario_1_ 1500 1501 0 0.02 GF_Model_IV
0.0109248535982563 1671.37739411003 8.98323142814365e-06 1.49367665596634e-06 no_error _Complex_Demographies_Scenario_1_ 1500 1501 0 0.02 GF_Model_IV
0.0114772015876092 1627.10002105013 9.92238302125435e-06 1.28548428122655e-06 no_error _Complex_Demographies_Scenario_1_ 1500 1501 0 0.02 GF_Model_IV
0.00981369666121073 1642.49514894037 1.17098914955767e-05 6.43111069002355e-07 no_error _Complex_Demographies_Scenario_1_ 1500 1501 0 0.02 GF_Model_IV
0.0112528115738072 1643.73666818491 1.07918443801854e-05 8.03583387089025e-07 no_error _Complex_Demographies_Scenario_1_ 1500 1501 0 0.02 GF_Model_IV
0.0110786971393602 1643.19231852459 1.64642618764006e-05 6.69260871766943e-07 no_error _Complex_Demographies_Scenario_1_ 1500 1501 0 0.02 GF_Model_IV
0.0123414126404842 1654.82707862359 1.5896477658256e-05 5.14834479125075e-07 no_error _Complex_Demographies_Scenario_1_ 1500 1501 0 0.02 GF_Model_IV
0.0117925151990369 1655.86840286735 7.5220504117383e-06 7.0127150620778e-07 no_error _Complex_Demographies_Scenario_1_ 1500 1501 0 0.02 GF_Model_IV
0.00989578887421506 1626.92361812178 1.21689767331065e-05 4.65688947972425e-07 no_error _Complex_Demographies_Scenario_1_ 1500 1501 0 0.02 GF_Model_IV
0.0125848040032506 1606.15709744569 2.11298741716737e-05 6.66072557796095e-07 no_error _Complex_Demographies_Scenario_1_ 1500 1501 0 0.02 GF_Model_IV
0.010707081375228 1616.88567714261 9.00356050607673e-06 7.60985098385273e-07 no_error _Complex_Demographies_Scenario_1_ 1500 1501 0 0.02 GF_Model_IV
0.0108325636889718 1646.91833652492 9.77231617733394e-06 6.80204469068655e-07 no_error _Complex_Demographies_Scenario_1_ 1500 1501 0 0.02 GF_Model_IV
0.0111391716633643 1608.54642234713 9.37411350682632e-06 6.95325483912563e-07 no_error _Complex_Demographies_Scenario_1_ 1500 1501 0 0.02 GF_Model_IV
0.0120910449950803 1650.26048633212 1.83860565192653e-05 8.70130636003765e-07 no_error _Complex_Demographies_Scenario_1_ 1500 1501 0 0.02 GF_Model_IV
0.0107535961586045 1634.63097015717 9.46278353641715e-06 3.8724958767688e-07 no_error _Complex_Demographies_Scenario_1_ 1500 1501 0 0.02 GF_Model_IV
0.0112339685292825 1633.36512937471 8.60010033576179e-06 5.57203017975832e-07 no_error _Complex_Demographies_Scenario_1_ 1500 1501 0 0.02 GF_Model_IV
0.0113719519982995 1631.68906501338 1.79647952946734e-05 1.07421119520767e-06 no_error _Complex_Demographies_Scenario_1_ 1500 1501 0 0.02 GF_Model_IV
0.0112397101180506 1633.30171736836 2.0540025800573e-05 6.48963046951534e-07 no_error _Complex_Demographies_Scenario_1_ 1500 1501 0 0.02 GF_Model_IV
0.0122230456330049 1676.85179759907 2.18286215391422e-05 6.76390834074502e-07 no_error _Complex_Demographies_Scenario_1_ 1500 1501 0 0.02 GF_Model_IV
0.0110970912245095 1629.18478273482 1.70199770297012e-05 7.64395646391717e-07 no_error _Complex_Demographies_Scenario_1_ 1500 1501 0 0.02 GF_Model_IV
0.0118110656003147 1620.70152405005 2.30011671059568e-05 1.55884042523359e-06 no_error _Complex_Demographies_Scenario_1_ 1500 1501 0 0.02 GF_Model_IV
0.0109340769400439 1640.07468065004 7.95151664402711e-06 4.666504720049e-07 no_error _Complex_Demographies_Scenario_1_ 1500 1501 0 0.02 GF_Model_IV
0.0105833539392234 1643.96361424178 1.7315534425358e-05 7.52646106628101e-07 no_error _Complex_Demographies_Scenario_1_ 1500 1501 0 0.02 GF_Model_IV
0.0106851707933635 1633.71271586109 1.33891660947731e-05 2.90460211325411e-07 no_error _Complex_Demographies_Scenario_1_ 1500 1501 0 0.02 GF_Model_IV
0.0104173166969951 1668.52285879364 1.54257538077e-05 3.08589831387422e-07 no_error _Complex_Demographies_Scenario_1_ 1500 1501 0 0.02 GF_Model_IV
0.0113611050742739 1647.07833143418 1.07284668555117e-05 6.35814316386231e-07 no_error _Complex_Demographies_Scenario_1_ 1500 1501 0 0.02 GF_Model_IV
0.0107114253966249 1652.38027900016 1.41575639896979e-05 8.75784233367928e-07 no_error _Complex_Demographies_Scenario_1_ 1500 1501 0 0.02 GF_Model_IV
0.0118559996712215 1596.81165965407 1.14304921027496e-05 9.59388172655181e-07 no_error _Complex_Demographies_Scenario_1_ 1500 1501 0 0.02 GF_Model_IV
0.0109121176735846 1634.61167779767 9.50295540858403e-06 8.08774091360032e-07 no_error _Complex_Demographies_Scenario_1_ 1500 1501 0 0.02 GF_Model_IV
0.0113491475173958 1656.22517684574 9.6931042339617e-06 6.27065690731492e-07 no_error _Complex_Demographies_Scenario_1_ 1500 1501 0 0.02 GF_Model_IV
0.0104477050502947 1644.92667992256 1.45157913419003e-05 1.06577565016882e-06 no_error _Complex_Demographies_Scenario_1_ 1500 1501 0 0.02 GF_Model_IV
0.0106196908879763 1632.70313440358 6.52882044575076e-06 4.54464969580963e-07 no_error _Complex_Demographies_Scenario_1_ 1500 1501 0 0.02 GF_Model_IV
0.012442560003765 1663.48069515093 9.61996616728735e-06 5.1563826480785e-07 no_error _Complex_Demographies_Scenario_1_ 1500 1501 0 0.02 GF_Model_IV
0.0112171655453518 1612.38547564738 1.14332875226444e-05 7.66260555714802e-07 no_error _Complex_Demographies_Scenario_1_ 1500 1501 0 0.02 GF_Model_IV
0.145549070603674 1257.90338465442 8.62993709602664e-08 0.000249654727916156 nls_error _Complex_Demographies_Scenario_2_ 1500 1501 1 0.02 GF_Model_IV
0.145595322027063 1266.77804080039 -7.63788742285733e-05 9.06436379793239e-05 no_error _Complex_Demographies_Scenario_2_ 1500 1501 1 0.02 GF_Model_IV
0.144871695719596 1256.6614810312 -0.000111987123405184 0.000195981634383693 no_error _Complex_Demographies_Scenario_2_ 1500 1501 1 0.02 GF_Model_IV
0.146226988828853 1259.91567216217 3.0442649768946e-05 0.000207135267434826 no_error _Complex_Demographies_Scenario_2_ 1500 1501 1 0.02 GF_Model_IV
0.149853893880646 1253.86093271369 -9.27792181548286e-05 0.000231938877544314 no_error _Complex_Demographies_Scenario_2_ 1500 1501 1 0.02 GF_Model_IV
0.148875481927006 1310.3726466769 -0.000143211554758161 0.000332580999216511 no_error _Complex_Demographies_Scenario_2_ 1500 1501 1 0.02 GF_Model_IV
0.145759933663816 1323.83780448117 4.00507473765243e-05 0.000115282604587955 no_error _Complex_Demographies_Scenario_2_ 1500 1501 1 0.02 GF_Model_IV
0.145179621234575 1287.87117250166 4.94880868363369e-05 0.000180642578794584 no_error _Complex_Demographies_Scenario_2_ 1500 1501 1 0.02 GF_Model_IV
0.146652233560611 1231.24999167817 0.000112686622489332 8.78972857505446e-05 no_error _Complex_Demographies_Scenario_2_ 1500 1501 1 0.02 GF_Model_IV
0.143781192084218 1275.30921043147 -0.000181558766489554 0.000155400549212916 no_error _Complex_Demographies_Scenario_2_ 1500 1501 1 0.02 GF_Model_IV
0.139791465168008 1219.62992131034 -9.39171672849821e-05 0.000149942052838992 no_error _Complex_Demographies_Scenario_2_ 1500 1501 1 0.02 GF_Model_IV
0.140914216867097 1253.44710624449 -8.42784826712645e-05 0.000193606375670692 no_error _Complex_Demographies_Scenario_2_ 1500 1501 1 0.02 GF_Model_IV
0.145778582474168 1227.59098024078 -8.20080582588723e-05 0.000131190336521974 no_error _Complex_Demographies_Scenario_2_ 1500 1501 1 0.02 GF_Model_IV
0.14696138276511 1260.28869211986 -7.75554258594355e-05 0.000214967828062492 no_error _Complex_Demographies_Scenario_2_ 1500 1501 1 0.02 GF_Model_IV
0.143554831722684 1316.74644643411 0.000269695906296098 0.00020362591052833 no_error _Complex_Demographies_Scenario_2_ 1500 1501 1 0.02 GF_Model_IV
0.144364628869343 1278.29237014127 0.000201920206508725 0.000131821698099477 no_error _Complex_Demographies_Scenario_2_ 1500 1501 1 0.02 GF_Model_IV
0.14890425457887 1261.56511209614 0.000245721943508294 0.000456184470976229 no_error _Complex_Demographies_Scenario_2_ 1500 1501 1 0.02 GF_Model_IV
0.144211378380144 1275.81539864059 -6.68079216990784e-05 0.000117311474741664 no_error _Complex_Demographies_Scenario_2_ 1500 1501 1 0.02 GF_Model_IV
0.147458466523254 1261.77940450765 2.64105350928544e-05 0.000204539014189593 no_error _Complex_Demographies_Scenario_2_ 1500 1501 1 0.02 GF_Model_IV
0.141884334978226 1269.99020416684 -0.000127410462890633 0.000127712757003634 no_error _Complex_Demographies_Scenario_2_ 1500 1501 1 0.02 GF_Model_IV
0.151023875458495 1271.60347042263 0.00010610162789039 0.000265518460744516 no_error _Complex_Demographies_Scenario_2_ 1500 1501 1 0.02 GF_Model_IV
0.142773122251434 1244.05447297696 0.000285060820576722 0.000111928752398122 no_error _Complex_Demographies_Scenario_2_ 1500 1501 1 0.02 GF_Model_IV
0.143873325055928 1261.94349416345 0.000321078885416344 0.000141675115369495 no_error _Complex_Demographies_Scenario_2_ 1500 1501 1 0.02 GF_Model_IV
0.14515171581371 1330.07691963599 -4.12350249109426e-06 0.00027165625956087 no_error _Complex_Demographies_Scenario_2_ 1500 1501 1 0.02 GF_Model_IV
0.145597712433165 1276.95445579693 9.4997052461638e-05 0.000160163117175056 no_error _Complex_Demographies_Scenario_2_ 1500 1501 1 0.02 GF_Model_IV
0.148529465645211 1266.29709396201 0.000152424690272298 0.000195294581953651 no_error _Complex_Demographies_Scenario_2_ 1500 1501 1 0.02 GF_Model_IV
0.146493686701789 1254.49057755743 8.77526899710265e-05 0.000186305914039017 no_error _Complex_Demographies_Scenario_2_ 1500 1501 1 0.02 GF_Model_IV
0.147498701639094 1308.42106979577 0.000213701079580918 0.000109151154485269 no_error _Complex_Demographies_Scenario_2_ 1500 1501 1 0.02 GF_Model_IV
0.146127283126986 1300.75066285424 -0.000121660483602522 0.000209674611335827 no_error _Complex_Demographies_Scenario_2_ 1500 1501 1 0.02 GF_Model_IV
0.148335978475491 1274.13050216552 0.000204013367833292 0.000189459527299916 no_error _Complex_Demographies_Scenario_2_ 1500 1501 1 0.02 GF_Model_IV
0.142586648277437 1268.77399110714 0.000162160893239326 0.000166939158621346 no_error _Complex_Demographies_Scenario_2_ 1500 1501 1 0.02 GF_Model_IV
0.144923644759923 1295.70758530034 0.000102795236632415 0.000172678292236985 no_error _Complex_Demographies_Scenario_2_ 1500 1501 1 0.02 GF_Model_IV
0.144235397847575 1220.00150162302 -1.43225998039753e-05 0.000112377609676469 no_error _Complex_Demographies_Scenario_2_ 1500 1501 1 0.02 GF_Model_IV
0.147317525779465 1235.01155466734 -0.000198875042508417 0.000221573828870077 no_error _Complex_Demographies_Scenario_2_ 1500 1501 1 0.02 GF_Model_IV
0.145571581395189 1285.72510464246 8.46880960329997e-05 0.000171679669774447 no_error _Complex_Demographies_Scenario_2_ 1500 1501 1 0.02 GF_Model_IV
0.147577272292859 1286.81418568315 0.000239841425947791 0.000117186169145866 no_error _Complex_Demographies_Scenario_2_ 1500 1501 1 0.02 GF_Model_IV
0.145526712905435 1260.76371321546 0.000167608282521378 0.0001269696948205 no_error _Complex_Demographies_Scenario_2_ 1500 1501 1 0.02 GF_Model_IV
0.146017865883801 1265.50984921932 0.000171780520876758 8.54922700971462e-05 no_error _Complex_Demographies_Scenario_2_ 1500 1501 1 0.02 GF_Model_IV
0.144721350877846 1274.86298116815 0.0002206856469373 0.000122801365049025 no_error _Complex_Demographies_Scenario_2_ 1500 1501 1 0.02 GF_Model_IV
0.144908492634332 1236.72821554859 -1.41289121489778e-05 0.000222912915210016 no_error _Complex_Demographies_Scenario_2_ 1500 1501 1 0.02 GF_Model_IV
0.144004060559572 1265.94488581283 -1.72970417674257e-05 0.00015352188464811 no_error _Complex_Demographies_Scenario_2_ 1500 1501 1 0.02 GF_Model_IV
0.143013553310575 1276.04860450956 0.000102091617310964 0.000103926397782991 no_error _Complex_Demographies_Scenario_2_ 1500 1501 1 0.02 GF_Model_IV
0.145933603364775 1255.89733169918 -2.76806814672896e-05 0.00017645757045331 no_error _Complex_Demographies_Scenario_2_ 1500 1501 1 0.02 GF_Model_IV
0.144791938186179 1245.00666014451 0.00017584751754549 0.000110069336760543 no_error _Complex_Demographies_Scenario_2_ 1500 1501 1 0.02 GF_Model_IV
0.14573777188763 1269.51711122913 0.000169207981403788 0.000164296926962692 no_error _Complex_Demographies_Scenario_2_ 1500 1501 1 0.02 GF_Model_IV
0.143830560146712 1278.86596950614 0.00018285637439819 0.000119048892919788 no_error _Complex_Demographies_Scenario_2_ 1500 1501 1 0.02 GF_Model_IV
0.144535844180682 1269.43488272436 1.02698618199987e-05 0.000146005068575954 no_error _Complex_Demographies_Scenario_2_ 1500 1501 1 0.02 GF_Model_IV
0.146085017778069 1248.3802873828 0.000181264622460874 0.000121685658640199 no_error _Complex_Demographies_Scenario_2_ 1500 1501 1 0.02 GF_Model_IV
0.146370469101888 1299.99454384333 4.76845658019717e-05 0.000220834863457822 no_error _Complex_Demographies_Scenario_2_ 1500 1501 1 0.02 GF_Model_IV
0.145497555649509 1302.1118044932 -9.79533133523632e-05 0.000125295790758402 no_error _Complex_Demographies_Scenario_2_ 1500 1501 1 0.02 GF_Model_IV
0.140490608680689 1247.06233333418 3.71028097170745e-05 0.000149551501071812 no_error _Complex_Demographies_Scenario_2_ 1500 1501 1 0.02 GF_Model_IV
0.145457586714092 1271.26974072283 4.82004377376826e-05 0.000116692078607351 no_error _Complex_Demographies_Scenario_2_ 1500 1501 1 0.02 GF_Model_IV
0.150764887017823 1323.94518720633 0.000105649400184611 0.000206011996811222 no_error _Complex_Demographies_Scenario_2_ 1500 1501 1 0.02 GF_Model_IV
0.141819034291464 1249.12724661526 0.00021702093447485 0.000220509632740553 no_error _Complex_Demographies_Scenario_2_ 1500 1501 1 0.02 GF_Model_IV
0.146519465919002 1265.40771550708 -9.00818760352453e-05 0.000220682550457392 no_error _Complex_Demographies_Scenario_2_ 1500 1501 1 0.02 GF_Model_IV
0.14589053025047 1254.27443542225 1.84654639209175e-05 0.000212251122250577 no_error _Complex_Demographies_Scenario_2_ 1500 1501 1 0.02 GF_Model_IV
0.139003116299275 1265.89892048353 -5.16248475200488e-05 0.000118939383779309 no_error _Complex_Demographies_Scenario_2_ 1500 1501 1 0.02 GF_Model_IV
0.143857296199605 1256.08668162277 -3.65419065392725e-06 0.000135185486599572 no_error _Complex_Demographies_Scenario_2_ 1500 1501 1 0.02 GF_Model_IV
0.143622180513056 1266.84678576006 -0.000370935231510124 0.00019554856540631 no_error _Complex_Demographies_Scenario_2_ 1500 1501 1 0.02 GF_Model_IV
0.148059083415351 1287.84674393756 6.55193042384533e-05 0.000193586604639969 no_error _Complex_Demographies_Scenario_2_ 1500 1501 1 0.02 GF_Model_IV
0.150086910580001 1293.0433088397 0.000192153789753565 0.000126594785456999 no_error _Complex_Demographies_Scenario_2_ 1500 1501 1 0.02 GF_Model_IV
0.146849505840677 1248.0465507412 0.00016680259334378 0.000117823144956081 no_error _Complex_Demographies_Scenario_2_ 1500 1501 1 0.02 GF_Model_IV
0.153456411046706 1304.12468454982 -0.000117421966960639 0.000260612835387903 no_error _Complex_Demographies_Scenario_2_ 1500 1501 1 0.02 GF_Model_IV
0.142848533993868 1270.52901459483 -0.000162595322725403 9.07495241101697e-05 no_error _Complex_Demographies_Scenario_2_ 1500 1501 1 0.02 GF_Model_IV
0.149401472269563 1257.48360609498 6.15237797321471e-05 0.00022331889407557 no_error _Complex_Demographies_Scenario_2_ 1500 1501 1 0.02 GF_Model_IV
0.143463075055494 1305.47405009227 0.000118948088250031 0.000220820655626169 no_error _Complex_Demographies_Scenario_2_ 1500 1501 1 0.02 GF_Model_IV
0.145559198261359 1252.88437234838 -3.61791978406024e-05 0.00012982353913667 no_error _Complex_Demographies_Scenario_2_ 1500 1501 1 0.02 GF_Model_IV
0.149010103275887 1279.15291475058 -4.28777806494345e-05 0.000162463530091917 no_error _Complex_Demographies_Scenario_2_ 1500 1501 1 0.02 GF_Model_IV
0.148181098015473 1270.72428629835 0.000133452887145917 0.000241009602106512 no_error _Complex_Demographies_Scenario_2_ 1500 1501 1 0.02 GF_Model_IV
0.148961189770502 1284.86756902497 -9.59499968895427e-05 0.000387171114206058 no_error _Complex_Demographies_Scenario_2_ 1500 1501 1 0.02 GF_Model_IV
0.146042814870603 1287.94871006831 0.000118472837909198 0.000122530478285521 no_error _Complex_Demographies_Scenario_2_ 1500 1501 1 0.02 GF_Model_IV
0.14668265066965 1232.79204729935 -5.58075205601859e-05 0.000109015875769369 no_error _Complex_Demographies_Scenario_2_ 1500 1501 1 0.02 GF_Model_IV
0.150947402269323 1288.39093334522 0.00033078363497208 0.000128181964981071 no_error _Complex_Demographies_Scenario_2_ 1500 1501 1 0.02 GF_Model_IV
0.141283937058081 1255.09405833036 0.00011751249205289 0.000185065098538608 no_error _Complex_Demographies_Scenario_2_ 1500 1501 1 0.02 GF_Model_IV
0.143230860573326 1279.78442662291 0.000155431337468024 0.000174687372715998 no_error _Complex_Demographies_Scenario_2_ 1500 1501 1 0.02 GF_Model_IV
0.148865018171058 1287.35297300201 -3.33494200309517e-05 0.000234569887337832 no_error _Complex_Demographies_Scenario_2_ 1500 1501 1 0.02 GF_Model_IV
0.142433273368268 1239.60168790313 -1.33077787807684e-06 0.000311555101555722 no_error _Complex_Demographies_Scenario_2_ 1500 1501 1 0.02 GF_Model_IV
0.145619526642165 1257.71304742197 -3.60720962621725e-05 0.000139626070079455 no_error _Complex_Demographies_Scenario_2_ 1500 1501 1 0.02 GF_Model_IV
0.141922644713643 1245.32584342832 -0.000142499489852683 0.000107736664242289 no_error _Complex_Demographies_Scenario_2_ 1500 1501 1 0.02 GF_Model_IV
0.147019273217866 1296.06872586588 0.00029362337187693 0.000244496703602418 no_error _Complex_Demographies_Scenario_2_ 1500 1501 1 0.02 GF_Model_IV
0.149391443371961 1267.36847794342 7.4351646983773e-06 0.000269760314068242 no_error _Complex_Demographies_Scenario_2_ 1500 1501 1 0.02 GF_Model_IV
0.152832110535622 1239.59871778009 -0.000101175333328386 0.000206903046772815 no_error _Complex_Demographies_Scenario_2_ 1500 1501 1 0.02 GF_Model_IV
0.144848064710767 1225.23220971571 -2.22931675714591e-05 0.000137996238595414 no_error _Complex_Demographies_Scenario_2_ 1500 1501 1 0.02 GF_Model_IV
0.143005976073783 1248.5349194135 0.000186248284204527 0.000202344775789457 no_error _Complex_Demographies_Scenario_2_ 1500 1501 1 0.02 GF_Model_IV
0.145818377431509 1269.48046681797 0.00032824140544991 0.000148290260797256 no_error _Complex_Demographies_Scenario_2_ 1500 1501 1 0.02 GF_Model_IV
0.147137052690586 1292.89575813366 0.000187359216267145 0.000132424491398762 no_error _Complex_Demographies_Scenario_2_ 1500 1501 1 0.02 GF_Model_IV
0.145641973411067 1262.46929366059 0.000265513535493631 0.000105224048244468 no_error _Complex_Demographies_Scenario_2_ 1500 1501 1 0.02 GF_Model_IV
0.1455249033278 1280.35614172846 -0.000111030853944559 0.00016181669032496 no_error _Complex_Demographies_Scenario_2_ 1500 1501 1 0.02 GF_Model_IV
0.14314824684871 1290.73740793865 0.000104862516040875 0.000179789892051023 no_error _Complex_Demographies_Scenario_2_ 1500 1501 1 0.02 GF_Model_IV
0.146187285499768 1258.54314398515 4.25969953037937e-05 0.000147525818963591 no_error _Complex_Demographies_Scenario_2_ 1500 1501 1 0.02 GF_Model_IV
0.14120916105057 1243.18891061658 2.50431496738914e-05 0.000127337274242806 no_error _Complex_Demographies_Scenario_2_ 1500 1501 1 0.02 GF_Model_IV
0.145213442035598 1268.20367904518 -0.000119667152820423 0.000247643993207445 no_error _Complex_Demographies_Scenario_2_ 1500 1501 1 0.02 GF_Model_IV
0.146314001324949 1269.93937436978 3.23249403319415e-05 0.000209129533957027 no_error _Complex_Demographies_Scenario_2_ 1500 1501 1 0.02 GF_Model_IV
0.146997616581082 1227.6464087381 7.31848158913968e-05 0.000150098120016428 no_error _Complex_Demographies_Scenario_2_ 1500 1501 1 0.02 GF_Model_IV
0.150190390198718 1244.034107902 -0.000196269979543864 0.000308942989973156 no_error _Complex_Demographies_Scenario_2_ 1500 1501 1 0.02 GF_Model_IV
0.143690459131686 1258.3234993411 -2.6200818208817e-06 0.000113963938427508 no_error _Complex_Demographies_Scenario_2_ 1500 1501 1 0.02 GF_Model_IV
0.148285129854276 1284.54930929714 6.62090430795978e-05 0.000158308553366888 no_error _Complex_Demographies_Scenario_2_ 1500 1501 1 0.02 GF_Model_IV
0.148326962308321 1231.252576586 -0.000292408560568181 9.03348830611051e-05 no_error _Complex_Demographies_Scenario_2_ 1500 1501 1 0.02 GF_Model_IV
0.147139765143803 1274.56369860772 9.85540163123529e-05 0.00013121127294427 no_error _Complex_Demographies_Scenario_2_ 1500 1501 1 0.02 GF_Model_IV
0.145973487357859 1240.30363996311 -0.000283730021687863 0.000161651324812054 no_error _Complex_Demographies_Scenario_2_ 1500 1501 1 0.02 GF_Model_IV
0.0114923866398572 1473.26583234232 2.29287268402651e-05 1.34460056504515e-06 no_error _Complex_Demographies_Scenario_3_ 750 2250 0 0.02 GF_Model_IV
0.0103314572868099 1506.45784809942 2.58022861927957e-05 1.75774159072419e-06 no_error _Complex_Demographies_Scenario_3_ 750 2250 0 0.02 GF_Model_IV
0.0108248979029828 1580.26462831989 2.56975540018145e-05 1.26480852740133e-06 no_error _Complex_Demographies_Scenario_3_ 750 2250 0 0.02 GF_Model_IV
0.0101114307516857 1577.7905879596 1.70583797149239e-05 8.68557935520975e-07 no_error _Complex_Demographies_Scenario_3_ 750 2250 0 0.02 GF_Model_IV
0.0106424804183099 1556.65062678401 2.11836463011629e-05 1.50592223238583e-06 no_error _Complex_Demographies_Scenario_3_ 750 2250 0 0.02 GF_Model_IV
0.0111654105157941 1503.21955726717 3.33588695848746e-05 1.65538874784995e-06 no_error _Complex_Demographies_Scenario_3_ 750 2250 0 0.02 GF_Model_IV
0.0100973238850611 1530.66446018487 2.24760738647559e-05 1.93459890768451e-06 no_error _Complex_Demographies_Scenario_3_ 750 2250 0 0.02 GF_Model_IV
0.00957866440553363 1532.39474912291 3.03621818124488e-05 1.90735613855661e-06 no_error _Complex_Demographies_Scenario_3_ 750 2250 0 0.02 GF_Model_IV
0.0100841427371304 1507.96417797763 2.13347386258644e-05 1.5203942599302e-06 no_error _Complex_Demographies_Scenario_3_ 750 2250 0 0.02 GF_Model_IV
0.00999355011595033 1543.94169108322 1.56311847218591e-05 1.08379316259955e-06 no_error _Complex_Demographies_Scenario_3_ 750 2250 0 0.02 GF_Model_IV
0.0100831336255218 1535.70624177051 2.08264063046166e-05 1.84453708537455e-06 no_error _Complex_Demographies_Scenario_3_ 750 2250 0 0.02 GF_Model_IV
0.00998643987728634 1495.3063106906 3.31152201549608e-05 1.37684930461785e-06 no_error _Complex_Demographies_Scenario_3_ 750 2250 0 0.02 GF_Model_IV
0.0105342032108888 1508.52855915833 2.69226682509048e-05 1.73238999747476e-06 no_error _Complex_Demographies_Scenario_3_ 750 2250 0 0.02 GF_Model_IV
0.0109228381767903 1532.71878097063 1.93329605415691e-05 1.41604386111841e-06 no_error _Complex_Demographies_Scenario_3_ 750 2250 0 0.02 GF_Model_IV
0.0111923104198669 1545.81260625548 1.63096325107824e-05 2.31546183387076e-06 no_error _Complex_Demographies_Scenario_3_ 750 2250 0 0.02 GF_Model_IV
0.0107581370068826 1522.10791599364 2.39146712425519e-05 1.32623721074937e-06 no_error _Complex_Demographies_Scenario_3_ 750 2250 0 0.02 GF_Model_IV
0.0106564982725855 1487.1270850892 2.06679900585522e-05 9.16302807057342e-07 no_error _Complex_Demographies_Scenario_3_ 750 2250 0 0.02 GF_Model_IV
0.0104526561255458 1525.28864866448 2.67059470237514e-05 1.03333402886634e-06 no_error _Complex_Demographies_Scenario_3_ 750 2250 0 0.02 GF_Model_IV
0.0104028464277927 1535.98786308801 2.89852976453537e-05 1.79680260863149e-06 no_error _Complex_Demographies_Scenario_3_ 750 2250 0 0.02 GF_Model_IV
0.0100946153506251 1532.22252512809 2.70985090796826e-05 1.59601809365489e-06 no_error _Complex_Demographies_Scenario_3_ 750 2250 0 0.02 GF_Model_IV
0.00911973192700223 1570.85516653637 1.94411473577944e-05 1.467871282263e-06 no_error _Complex_Demographies_Scenario_3_ 750 2250 0 0.02 GF_Model_IV
0.0108272370926116 1526.46264764034 2.28568103465801e-05 1.11178193031594e-06 no_error _Complex_Demographies_Scenario_3_ 750 2250 0 0.02 GF_Model_IV
0.010220667050735 1463.40263618108 1.46313321545358e-05 2.06867443703626e-06 no_error _Complex_Demographies_Scenario_3_ 750 2250 0 0.02 GF_Model_IV
0.0108970562570509 1546.87496492713 2.12065290146999e-05 1.36848657820219e-06 no_error _Complex_Demographies_Scenario_3_ 750 2250 0 0.02 GF_Model_IV
0.0109166110787432 1591.9926334433 2.05167828800644e-05 9.97939181572469e-07 no_error _Complex_Demographies_Scenario_3_ 750 2250 0 0.02 GF_Model_IV
0.0103738818622505 1532.28496029621 2.06759327130188e-05 1.59806047847204e-06 no_error _Complex_Demographies_Scenario_3_ 750 2250 0 0.02 GF_Model_IV
0.0105127239447581 1537.62883043092 2.00934277315152e-05 1.65036577193324e-06 no_error _Complex_Demographies_Scenario_3_ 750 2250 0 0.02 GF_Model_IV
0.00973146521456446 1511.51524420907 1.96132424064237e-05 1.80188550016781e-06 no_error _Complex_Demographies_Scenario_3_ 750 2250 0 0.02 GF_Model_IV
0.0106900183605416 1531.64952943912 2.11019295614526e-05 1.73543897049998e-06 no_error _Complex_Demographies_Scenario_3_ 750 2250 0 0.02 GF_Model_IV
0.0106141158560174 1520.52590313694 1.36003640957656e-05 2.08248083945436e-06 no_error _Complex_Demographies_Scenario_3_ 750 2250 0 0.02 GF_Model_IV
0.00898631048464861 1586.06452180785 1.39568017805334e-05 1.13339590904351e-06 no_error _Complex_Demographies_Scenario_3_ 750 2250 0 0.02 GF_Model_IV
0.0107782927538079 1498.07734172017 1.68014190481456e-05 1.42613080960179e-06 no_error _Complex_Demographies_Scenario_3_ 750 2250 0 0.02 GF_Model_IV
0.00994893017122207 1600.31697067931 2.06413471600554e-05 9.24096472741018e-07 no_error _Complex_Demographies_Scenario_3_ 750 2250 0 0.02 GF_Model_IV
0.0106824928404456 1524.75540130359 2.00325175901287e-05 1.47234578482836e-06 no_error _Complex_Demographies_Scenario_3_ 750 2250 0 0.02 GF_Model_IV
0.0107916481609436 1506.45003635618 2.52597725220329e-05 9.26116315720935e-07 no_error _Complex_Demographies_Scenario_3_ 750 2250 0 0.02 GF_Model_IV
0.0100519885792455 1521.95574419772 1.95596790571828e-05 8.6072889538919e-07 no_error _Complex_Demographies_Scenario_3_ 750 2250 0 0.02 GF_Model_IV
0.0112956705158863 1497.61985859701 3.02749209652344e-05 1.79584073948169e-06 no_error _Complex_Demographies_Scenario_3_ 750 2250 0 0.02 GF_Model_IV
0.0101891825704975 1469.2809278069 2.67502239756892e-05 2.06866710858121e-06 no_error _Complex_Demographies_Scenario_3_ 750 2250 0 0.02 GF_Model_IV
0.0107450104344196 1504.40373735011 2.24678784391761e-05 1.62340960553941e-06 no_error _Complex_Demographies_Scenario_3_ 750 2250 0 0.02 GF_Model_IV
0.0108035666151842 1501.35552205279 1.66418674841702e-05 2.39454769637844e-06 no_error _Complex_Demographies_Scenario_3_ 750 2250 0 0.02 GF_Model_IV
0.0101459792768284 1520.35523505254 2.34333218783412e-05 1.95332422366879e-06 no_error _Complex_Demographies_Scenario_3_ 750 2250 0 0.02 GF_Model_IV
0.0109592258188927 1505.70762716977 1.56724437779671e-05 1.67662174637211e-06 no_error _Complex_Demographies_Scenario_3_ 750 2250 0 0.02 GF_Model_IV
0.0113088225553067 1496.33942507568 2.86213927616889e-05 2.3476823587741e-06 no_error _Complex_Demographies_Scenario_3_ 750 2250 0 0.02 GF_Model_IV
0.00981242390873832 1566.05743637278 1.88936371376416e-05 1.02688652827354e-06 no_error _Complex_Demographies_Scenario_3_ 750 2250 0 0.02 GF_Model_IV
0.0107519168062329 1486.26031663499 2.82092417976259e-05 2.1844428318659e-06 no_error _Complex_Demographies_Scenario_3_ 750 2250 0 0.02 GF_Model_IV
0.00946841580621397 1513.97036595421 1.51042903055686e-05 1.89854379170231e-06 no_error _Complex_Demographies_Scenario_3_ 750 2250 0 0.02 GF_Model_IV
0.00983668231234221 1556.97812935248 2.6080890387391e-05 1.06922238623421e-06 no_error _Complex_Demographies_Scenario_3_ 750 2250 0 0.02 GF_Model_IV
0.011151421306567 1485.02923366977 2.36632404660375e-05 2.34120006163711e-06 no_error _Complex_Demographies_Scenario_3_ 750 2250 0 0.02 GF_Model_IV
0.0109698704094453 1501.38664538305 2.67243623709022e-05 1.54142723202098e-06 no_error _Complex_Demographies_Scenario_3_ 750 2250 0 0.02 GF_Model_IV
0.0099216581280121 1524.85367692551 1.6487824593938e-05 1.1997020249738e-06 no_error _Complex_Demographies_Scenario_3_ 750 2250 0 0.02 GF_Model_IV
0.0102054701568423 1521.31841715888 1.87180490886864e-05 1.31240750481316e-06 no_error _Complex_Demographies_Scenario_3_ 750 2250 0 0.02 GF_Model_IV
0.0106056218490665 1492.23039837041 2.27270144224747e-05 1.46982301341882e-06 no_error _Complex_Demographies_Scenario_3_ 750 2250 0 0.02 GF_Model_IV
0.0100627004860505 1553.16821822479 2.93803681927986e-05 1.34881823087631e-06 no_error _Complex_Demographies_Scenario_3_ 750 2250 0 0.02 GF_Model_IV
0.0101702449578323 1575.88145505432 2.80816469640664e-05 8.88193565816632e-07 no_error _Complex_Demographies_Scenario_3_ 750 2250 0 0.02 GF_Model_IV
0.0101793583409698 1543.67025952055 1.90820217864018e-05 9.91733080392013e-07 no_error _Complex_Demographies_Scenario_3_ 750 2250 0 0.02 GF_Model_IV
0.0108914160323698 1598.79872976701 1.66913362731355e-05 9.54978514747946e-07 no_error _Complex_Demographies_Scenario_3_ 750 2250 0 0.02 GF_Model_IV
0.0102333299466292 1470.88368323666 3.25515449470071e-05 2.6542715395049e-06 no_error _Complex_Demographies_Scenario_3_ 750 2250 0 0.02 GF_Model_IV
0.0100857238310607 1593.24917975847 2.14184658797531e-05 1.36494303994636e-06 no_error _Complex_Demographies_Scenario_3_ 750 2250 0 0.02 GF_Model_IV
0.00933636007206105 1499.17949965104 2.27172202058255e-05 1.33985176679442e-06 no_error _Complex_Demographies_Scenario_3_ 750 2250 0 0.02 GF_Model_IV
0.0105552356359728 1497.88482780773 2.03459147591907e-05 1.38845383473277e-06 no_error _Complex_Demographies_Scenario_3_ 750 2250 0 0.02 GF_Model_IV
0.00964073956715439 1533.22163789435 2.23966327369227e-05 1.71760270031858e-06 no_error _Complex_Demographies_Scenario_3_ 750 2250 0 0.02 GF_Model_IV
0.00994023352841393 1526.43814102685 1.93507571493634e-05 1.06312547590786e-06 no_error _Complex_Demographies_Scenario_3_ 750 2250 0 0.02 GF_Model_IV
0.00896123092946329 1568.26148949517 1.38012624744553e-05 6.43745563129334e-07 no_error _Complex_Demographies_Scenario_3_ 750 2250 0 0.02 GF_Model_IV
0.0121392550063647 1489.5148165245 2.64716219103746e-05 1.55231830103635e-06 no_error _Complex_Demographies_Scenario_3_ 750 2250 0 0.02 GF_Model_IV
0.0104839699881422 1427.34102688802 2.10538978199657e-05 1.74172862590482e-06 no_error _Complex_Demographies_Scenario_3_ 750 2250 0 0.02 GF_Model_IV
0.0105252138046662 1451.55271398859 2.23939862444674e-05 1.77705699120717e-06 no_error _Complex_Demographies_Scenario_3_ 750 2250 0 0.02 GF_Model_IV
0.0105760463897534 1514.96062027537 1.80202830753871e-05 2.00680176645856e-06 no_error _Complex_Demographies_Scenario_3_ 750 2250 0 0.02 GF_Model_IV
0.00915078716456675 1517.04521154878 1.30952691092832e-05 5.52076498532817e-07 no_error _Complex_Demographies_Scenario_3_ 750 2250 0 0.02 GF_Model_IV
0.0106920827436519 1609.52886083904 1.88421073122462e-05 6.44470436267495e-07 no_error _Complex_Demographies_Scenario_3_ 750 2250 0 0.02 GF_Model_IV
0.0114312463305831 1490.53745920105 3.1026624341895e-05 1.56802137282817e-06 no_error _Complex_Demographies_Scenario_3_ 750 2250 0 0.02 GF_Model_IV
0.0101730341905486 1458.17815612983 2.35276367656978e-05 1.92851546699879e-06 no_error _Complex_Demographies_Scenario_3_ 750 2250 0 0.02 GF_Model_IV
0.0100941719292336 1461.51425689511 1.73633776063477e-05 1.48358475328367e-06 no_error _Complex_Demographies_Scenario_3_ 750 2250 0 0.02 GF_Model_IV
0.00919787999514812 1511.73798091042 2.60442607422221e-05 1.45089158380446e-06 no_error _Complex_Demographies_Scenario_3_ 750 2250 0 0.02 GF_Model_IV
0.0112000336021455 1406.31349816244 2.87886111461567e-05 2.72119789136508e-06 no_error _Complex_Demographies_Scenario_3_ 750 2250 0 0.02 GF_Model_IV
0.0103454139912268 1541.90801045205 1.94347244055749e-05 9.48727675750229e-07 no_error _Complex_Demographies_Scenario_3_ 750 2250 0 0.02 GF_Model_IV
0.00989914233123143 1518.55086454614 9.40443201663568e-06 1.12229666945902e-06 no_error _Complex_Demographies_Scenario_3_ 750 2250 0 0.02 GF_Model_IV
0.0106148154144752 1533.53931746005 3.22454511445985e-05 1.99289965270572e-06 no_error _Complex_Demographies_Scenario_3_ 750 2250 0 0.02 GF_Model_IV
0.00961576718080192 1543.99486208783 2.48326168190611e-05 1.16088687223695e-06 no_error _Complex_Demographies_Scenario_3_ 750 2250 0 0.02 GF_Model_IV
0.0111507862278734 1522.21773941828 2.53989786874689e-05 1.40391146632988e-06 no_error _Complex_Demographies_Scenario_3_ 750 2250 0 0.02 GF_Model_IV
0.0102344049926329 1443.63084987975 2.22871838909455e-05 1.36555629300218e-06 no_error _Complex_Demographies_Scenario_3_ 750 2250 0 0.02 GF_Model_IV
0.0112499758844123 1526.95555503285 1.53113310258787e-05 1.25230372805688e-06 no_error _Complex_Demographies_Scenario_3_ 750 2250 0 0.02 GF_Model_IV
0.00971949237100067 1528.96439203285 3.10828351337852e-05 2.06974456312799e-06 no_error _Complex_Demographies_Scenario_3_ 750 2250 0 0.02 GF_Model_IV
0.0106079129099494 1495.45995339232 2.28358168359251e-05 1.05957405798285e-06 no_error _Complex_Demographies_Scenario_3_ 750 2250 0 0.02 GF_Model_IV
0.0100528109879902 1515.93500291866 1.54656383343009e-05 2.08318775410678e-06 no_error _Complex_Demographies_Scenario_3_ 750 2250 0 0.02 GF_Model_IV
0.0100040101622323 1566.36780809224 1.46948942068283e-05 1.49335870267497e-06 no_error _Complex_Demographies_Scenario_3_ 750 2250 0 0.02 GF_Model_IV
0.00964841184191519 1543.1497951054 2.27876172439665e-05 1.19070184268703e-06 no_error _Complex_Demographies_Scenario_3_ 750 2250 0 0.02 GF_Model_IV
0.0108719021767293 1513.45718527248 3.00416773247899e-05 1.56978582500087e-06 no_error _Complex_Demographies_Scenario_3_ 750 2250 0 0.02 GF_Model_IV
0.00990376596042508 1554.94917041363 2.58099446182543e-05 9.77352987414655e-07 no_error _Complex_Demographies_Scenario_3_ 750 2250 0 0.02 GF_Model_IV
0.0102717351886426 1450.89379815176 2.61578124464679e-05 1.87653908717574e-06 no_error _Complex_Demographies_Scenario_3_ 750 2250 0 0.02 GF_Model_IV
0.0102505005707061 1539.09670253262 2.35564645293264e-05 1.51635832395324e-06 no_error _Complex_Demographies_Scenario_3_ 750 2250 0 0.02 GF_Model_IV
0.0101565817279496 1573.17866543638 2.5811847439392e-05 1.0361395223736e-06 no_error _Complex_Demographies_Scenario_3_ 750 2250 0 0.02 GF_Model_IV
0.00965418924443609 1512.27761004654 2.55708526017738e-05 1.8859402488728e-06 no_error _Complex_Demographies_Scenario_3_ 750 2250 0 0.02 GF_Model_IV
0.00999307384229314 1486.50901384477 2.08053894599332e-05 1.25192712937267e-06 no_error _Complex_Demographies_Scenario_3_ 750 2250 0 0.02 GF_Model_IV
0.0105440673037803 1628.09023722505 2.18351736957395e-05 1.85997744892642e-06 no_error _Complex_Demographies_Scenario_3_ 750 2250 0 0.02 GF_Model_IV
0.00976856252279549 1553.78022102533 1.87425209490785e-05 1.22101495966926e-06 no_error _Complex_Demographies_Scenario_3_ 750 2250 0 0.02 GF_Model_IV
0.0108946458191981 1501.97497257305 2.21040660864666e-05 1.81813321317814e-06 no_error _Complex_Demographies_Scenario_3_ 750 2250 0 0.02 GF_Model_IV
0.0100719068191875 1549.48108602125 3.03572455812401e-05 1.36264531593114e-06 no_error _Complex_Demographies_Scenario_3_ 750 2250 0 0.02 GF_Model_IV
0.0106283638863948 1497.80646136515 1.38173761934432e-05 1.75204143943001e-06 no_error _Complex_Demographies_Scenario_3_ 750 2250 0 0.02 GF_Model_IV
0.00983976521870445 1562.16838147648 1.77155102660056e-05 1.17122091637858e-06 no_error _Complex_Demographies_Scenario_3_ 750 2250 0 0.02 GF_Model_IV
0.0104412665596146 1460.44820894698 2.22713331976424e-05 2.23978846084108e-06 no_error _Complex_Demographies_Scenario_3_ 750 2250 0 0.02 GF_Model_IV
0.127537117173546 1146.37394907049 6.23465707827269e-05 6.57080149908834e-05 no_error _Complex_Demographies_Scenario_4_ 750 2250 1 0.02 GF_Model_IV
0.1294133456934 1190.50082277909 1.41332638715516e-05 5.62325977609525e-05 no_error _Complex_Demographies_Scenario_4_ 750 2250 1 0.02 GF_Model_IV
0.126470404890332 1165.43669095161 0.000270095439766895 0.000130739652568239 no_error _Complex_Demographies_Scenario_4_ 750 2250 1 0.02 GF_Model_IV
0.130211140165913 1184.95475067901 -9.55480878595556e-05 7.0347852902074e-05 no_error _Complex_Demographies_Scenario_4_ 750 2250 1 0.02 GF_Model_IV
0.128024900662787 1185.24793017059 0.000238271981150656 8.52069921745186e-05 no_error _Complex_Demographies_Scenario_4_ 750 2250 1 0.02 GF_Model_IV
0.124322974322165 1176.66694069722 0.000232491360714947 5.37062588758076e-05 no_error _Complex_Demographies_Scenario_4_ 750 2250 1 0.02 GF_Model_IV
0.119030403198346 1178.77206633643 0.000397800835216299 9.33004192927619e-05 no_error _Complex_Demographies_Scenario_4_ 750 2250 1 0.02 GF_Model_IV
0.127459313085286 1203.56513673918 0.000106436487272916 0.000104051762091897 no_error _Complex_Demographies_Scenario_4_ 750 2250 1 0.02 GF_Model_IV
0.132162578117204 1229.95684986141 0.000264680456612072 7.87928230390964e-05 no_error _Complex_Demographies_Scenario_4_ 750 2250 1 0.02 GF_Model_IV
0.12640516450367 1176.83869491 0.000390056326199465 7.55905104589291e-05 no_error _Complex_Demographies_Scenario_4_ 750 2250 1 0.02 GF_Model_IV
0.134131486115143 1201.39956731017 0.000245152710380875 6.8235490563302e-05 no_error _Complex_Demographies_Scenario_4_ 750 2250 1 0.02 GF_Model_IV
0.124572832599397 1139.02201862153 0.000260729007475778 8.62529356527382e-05 no_error _Complex_Demographies_Scenario_4_ 750 2250 1 0.02 GF_Model_IV
0.128567243117928 1163.20763625548 0.000154709608403303 6.45385209144173e-05 no_error _Complex_Demographies_Scenario_4_ 750 2250 1 0.02 GF_Model_IV
0.124168308040822 1156.78588538078 0.000396536859293382 5.17341054682569e-05 no_error _Complex_Demographies_Scenario_4_ 750 2250 1 0.02 GF_Model_IV
0.125630505772253 1164.80595001166 0.000317247707265316 0.000126832075815065 no_error _Complex_Demographies_Scenario_4_ 750 2250 1 0.02 GF_Model_IV
0.123228113510203 1127.46369462767 9.4119758528287e-05 6.22871966097798e-05 no_error _Complex_Demographies_Scenario_4_ 750 2250 1 0.02 GF_Model_IV
0.122661549659829 1152.18577682429 0.000191603590275169 6.77054420973399e-05 no_error _Complex_Demographies_Scenario_4_ 750 2250 1 0.02 GF_Model_IV
0.128004433998971 1128.39371416469 0.000121142290153277 0.000107294265238059 no_error _Complex_Demographies_Scenario_4_ 750 2250 1 0.02 GF_Model_IV
0.129146742507579 1163.76244497178 9.12228907137219e-05 6.55261811650857e-05 no_error _Complex_Demographies_Scenario_4_ 750 2250 1 0.02 GF_Model_IV
0.131623258148786 1168.57442783429 0.000182836128704875 9.65648285606626e-05 no_error _Complex_Demographies_Scenario_4_ 750 2250 1 0.02 GF_Model_IV
0.129833591742134 1198.0726427707 0.000223975133274743 9.88643180740435e-05 no_error _Complex_Demographies_Scenario_4_ 750 2250 1 0.02 GF_Model_IV
0.123173531419865 1128.45492949258 0.000303840203724901 9.56344996031496e-05 no_error _Complex_Demographies_Scenario_4_ 750 2250 1 0.02 GF_Model_IV
0.127368697223748 1185.20166052901 9.46346824652627e-05 7.93831679259889e-05 no_error _Complex_Demographies_Scenario_4_ 750 2250 1 0.02 GF_Model_IV
0.125738235716587 1151.1920267862 -0.000122742224319335 7.62281273077771e-05 no_error _Complex_Demographies_Scenario_4_ 750 2250 1 0.02 GF_Model_IV
0.127536634387279 1209.81000083037 0.000134917341753991 6.8060521749293e-05 no_error _Complex_Demographies_Scenario_4_ 750 2250 1 0.02 GF_Model_IV
0.127971578820606 1190.15935905281 0.000593785993277712 8.28284931402039e-05 no_error _Complex_Demographies_Scenario_4_ 750 2250 1 0.02 GF_Model_IV
0.129802248612351 1158.07320467938 0.000286309702441442 8.1624476590682e-05 no_error _Complex_Demographies_Scenario_4_ 750 2250 1 0.02 GF_Model_IV
0.128046588451482 1195.67715855014 7.87006034747357e-05 8.09309296464511e-05 no_error _Complex_Demographies_Scenario_4_ 750 2250 1 0.02 GF_Model_IV
0.127846543947393 1182.63162643723 0.00018336551086688 0.000114257421937739 no_error _Complex_Demographies_Scenario_4_ 750 2250 1 0.02 GF_Model_IV
0.127623049270959 1195.81504450174 0.000146233569427978 0.000102236711310539 no_error _Complex_Demographies_Scenario_4_ 750 2250 1 0.02 GF_Model_IV
0.124799691408102 1161.91749082026 5.13397981482564e-05 0.000176843544338345 no_error _Complex_Demographies_Scenario_4_ 750 2250 1 0.02 GF_Model_IV
0.132266276744222 1176.57764056227 -3.53617270070015e-05 8.19988822290267e-05 no_error _Complex_Demographies_Scenario_4_ 750 2250 1 0.02 GF_Model_IV
0.125172889555482 1161.96353960824 0.000231288243239358 0.000124702828436781 no_error _Complex_Demographies_Scenario_4_ 750 2250 1 0.02 GF_Model_IV
0.12969228945177 1161.81860874664 0.000109941530491721 6.12831394990872e-05 no_error _Complex_Demographies_Scenario_4_ 750 2250 1 0.02 GF_Model_IV
0.129496222005437 1187.53339518332 -0.000200992390275635 7.82566401223611e-05 no_error _Complex_Demographies_Scenario_4_ 750 2250 1 0.02 GF_Model_IV
0.125641054731901 1151.80903947687 0.000255291320944449 9.65803360708148e-05 no_error _Complex_Demographies_Scenario_4_ 750 2250 1 0.02 GF_Model_IV
0.120528788491651 1129.04313680999 0.000585064619123192 0.000144780029005187 no_error _Complex_Demographies_Scenario_4_ 750 2250 1 0.02 GF_Model_IV
0.123564411235562 1184.25275530252 6.59525517986702e-06 0.000104630791930187 no_error _Complex_Demographies_Scenario_4_ 750 2250 1 0.02 GF_Model_IV
0.128331226585092 1203.58826303406 0.000556558957583435 8.65551302798217e-05 no_error _Complex_Demographies_Scenario_4_ 750 2250 1 0.02 GF_Model_IV
0.131764134217214 1222.28253972999 4.36905383894258e-05 7.41529828840245e-05 no_error _Complex_Demographies_Scenario_4_ 750 2250 1 0.02 GF_Model_IV
0.125440142063346 1188.47677611956 0.000345924741181134 6.51307699297992e-05 no_error _Complex_Demographies_Scenario_4_ 750 2250 1 0.02 GF_Model_IV
0.125759088142279 1186.57170607986 0.000329015050750853 8.0582294552805e-05 no_error _Complex_Demographies_Scenario_4_ 750 2250 1 0.02 GF_Model_IV
0.126898140040689 1131.01048169961 0.000378451336932508 9.94666970426881e-05 no_error _Complex_Demographies_Scenario_4_ 750 2250 1 0.02 GF_Model_IV
0.129831987688376 1189.12499743251 0.000310646821361511 8.78911935905404e-05 no_error _Complex_Demographies_Scenario_4_ 750 2250 1 0.02 GF_Model_IV
0.120976473840049 1212.13549463759 0.000435751907413639 0.00012887156233917 no_error _Complex_Demographies_Scenario_4_ 750 2250 1 0.02 GF_Model_IV
0.126909016406777 1184.04582612537 0.000371166585680947 0.000109862090227754 no_error _Complex_Demographies_Scenario_4_ 750 2250 1 0.02 GF_Model_IV
0.130274602958485 1170.90722729779 0.000255331393381892 7.41831988350759e-05 no_error _Complex_Demographies_Scenario_4_ 750 2250 1 0.02 GF_Model_IV
0.129836740338413 1191.40580281383 0.000153782212329205 9.94191092633115e-05 no_error _Complex_Demographies_Scenario_4_ 750 2250 1 0.02 GF_Model_IV
0.130828264096564 1161.96854466725 0.000242146259909305 0.000148362851895458 no_error _Complex_Demographies_Scenario_4_ 750 2250 1 0.02 GF_Model_IV
0.129881043792004 1187.16232817007 0.000274303057802344 7.56037818724332e-05 no_error _Complex_Demographies_Scenario_4_ 750 2250 1 0.02 GF_Model_IV
0.123494809784837 1177.70815959168 0.000110833297765702 7.4062922911279e-05 no_error _Complex_Demographies_Scenario_4_ 750 2250 1 0.02 GF_Model_IV
0.132328634789666 1160.52521854784 0.000298415567759468 9.4135571171015e-05 no_error _Complex_Demographies_Scenario_4_ 750 2250 1 0.02 GF_Model_IV
0.123572989179319 1152.83449509062 0.000112494891086155 0.000235568180431467 no_error _Complex_Demographies_Scenario_4_ 750 2250 1 0.02 GF_Model_IV
0.129709630049675 1156.14840316817 0.000245961588719506 8.65405157849089e-05 no_error _Complex_Demographies_Scenario_4_ 750 2250 1 0.02 GF_Model_IV
0.123751160196134 1139.07802151108 0.00034983046773076 0.000224721335975317 no_error _Complex_Demographies_Scenario_4_ 750 2250 1 0.02 GF_Model_IV
0.130056087751266 1223.05328162011 0.000302297672502923 6.02818982745279e-05 no_error _Complex_Demographies_Scenario_4_ 750 2250 1 0.02 GF_Model_IV
0.127118375344715 1184.86089700103 0.000320703008765031 8.83197880369479e-05 no_error _Complex_Demographies_Scenario_4_ 750 2250 1 0.02 GF_Model_IV
0.135642056841102 1197.39412343358 -7.01486607625983e-05 8.54195430821646e-05 no_error _Complex_Demographies_Scenario_4_ 750 2250 1 0.02 GF_Model_IV
0.133495330564774 1198.13103239526 0.000192598821738975 9.81716543228929e-05 no_error _Complex_Demographies_Scenario_4_ 750 2250 1 0.02 GF_Model_IV
0.123179542554986 1173.84877158659 0.000465208560755152 0.000114673497077859 no_error _Complex_Demographies_Scenario_4_ 750 2250 1 0.02 GF_Model_IV
0.128060750761903 1161.90378334688 0.000307683668703217 0.000223643614130988 no_error _Complex_Demographies_Scenario_4_ 750 2250 1 0.02 GF_Model_IV
0.127067204589396 1176.6712312429 0.00013005938581152 8.56974025649326e-05 no_error _Complex_Demographies_Scenario_4_ 750 2250 1 0.02 GF_Model_IV
0.123474100754415 1155.76549706912 0.000308700783342883 0.000105780374088425 no_error _Complex_Demographies_Scenario_4_ 750 2250 1 0.02 GF_Model_IV
0.130798029829142 1190.88186934812 0.00044129172605516 5.70706830935078e-05 no_error _Complex_Demographies_Scenario_4_ 750 2250 1 0.02 GF_Model_IV
0.128859754772998 1201.38932359818 0.00015529125813168 6.29264299313303e-05 no_error _Complex_Demographies_Scenario_4_ 750 2250 1 0.02 GF_Model_IV
0.132908587176441 1204.43218978631 0.000285742063176749 8.85985240536773e-05 no_error _Complex_Demographies_Scenario_4_ 750 2250 1 0.02 GF_Model_IV
0.127006438626566 1156.34673360702 0.00049085600656685 0.000184521041972382 no_error _Complex_Demographies_Scenario_4_ 750 2250 1 0.02 GF_Model_IV
0.123543630945586 1119.15105311355 0.000146460159533524 6.27263226340141e-05 no_error _Complex_Demographies_Scenario_4_ 750 2250 1 0.02 GF_Model_IV
0.133015057477009 1180.82765810733 0.000125073479452429 4.99610307176312e-05 no_error _Complex_Demographies_Scenario_4_ 750 2250 1 0.02 GF_Model_IV
0.137189361797844 1216.20891757156 0.000417964399570827 9.17538646129318e-05 no_error _Complex_Demographies_Scenario_4_ 750 2250 1 0.02 GF_Model_IV
0.121572490919936 1166.61276139819 0.000169772194482461 6.64640229690854e-05 no_error _Complex_Demographies_Scenario_4_ 750 2250 1 0.02 GF_Model_IV
0.129931849886145 1186.85696524157 4.0971591139336e-06 6.85665773278195e-05 no_error _Complex_Demographies_Scenario_4_ 750 2250 1 0.02 GF_Model_IV
0.125336950927057 1154.56711258869 0.000253238547658325 0.000168723664064917 no_error _Complex_Demographies_Scenario_4_ 750 2250 1 0.02 GF_Model_IV
0.126238360191776 1187.05009210624 0.000392350168528081 0.000160455101562512 no_error _Complex_Demographies_Scenario_4_ 750 2250 1 0.02 GF_Model_IV
0.123518597183223 1144.01103908053 0.000254436822265585 6.36901120306688e-05 no_error _Complex_Demographies_Scenario_4_ 750 2250 1 0.02 GF_Model_IV
0.125180904150966 1165.12058542913 0.000299615022775497 0.000197134100194072 no_error _Complex_Demographies_Scenario_4_ 750 2250 1 0.02 GF_Model_IV
0.123722857034062 1169.90931719388 0.000435597037698175 8.7540664915382e-05 no_error _Complex_Demographies_Scenario_4_ 750 2250 1 0.02 GF_Model_IV
0.127727543412107 1164.44228324895 0.000351838227133918 5.37013804166883e-05 no_error _Complex_Demographies_Scenario_4_ 750 2250 1 0.02 GF_Model_IV
0.120263884353633 1165.91517848731 0.000167588709692644 8.87683780322164e-05 no_error _Complex_Demographies_Scenario_4_ 750 2250 1 0.02 GF_Model_IV
0.124672116226458 1180.89623634963 0.000346953796815981 7.553114136024e-05 no_error _Complex_Demographies_Scenario_4_ 750 2250 1 0.02 GF_Model_IV
0.12318747013469 1164.7770933571 0.000277224648577965 0.000115531203002148 no_error _Complex_Demographies_Scenario_4_ 750 2250 1 0.02 GF_Model_IV
0.125922578493358 1112.57569273587 -5.54992497262217e-05 7.98902994259732e-05 no_error _Complex_Demographies_Scenario_4_ 750 2250 1 0.02 GF_Model_IV
0.126227485259225 1147.86463669201 1.43341752051539e-05 0.000158327836834715 no_error _Complex_Demographies_Scenario_4_ 750 2250 1 0.02 GF_Model_IV
0.131133572192421 1224.13166481296 0.000145643274536544 6.52786269429728e-05 no_error _Complex_Demographies_Scenario_4_ 750 2250 1 0.02 GF_Model_IV
0.129120782029296 1147.67749082298 0.000299306000809885 7.68519638780655e-05 no_error _Complex_Demographies_Scenario_4_ 750 2250 1 0.02 GF_Model_IV
0.127334869247354 1176.24060538221 6.11903203788946e-05 0.00014769969896368 no_error _Complex_Demographies_Scenario_4_ 750 2250 1 0.02 GF_Model_IV
0.130460354355842 1206.81742875922 0.000231622951280403 0.000114818663927175 no_error _Complex_Demographies_Scenario_4_ 750 2250 1 0.02 GF_Model_IV
0.125896182614008 1185.14317464658 0.000431618660100476 0.000171876566494713 no_error _Complex_Demographies_Scenario_4_ 750 2250 1 0.02 GF_Model_IV
0.122099624511588 1091.65613308393 0.000241564545768077 0.000236903437102657 no_error _Complex_Demographies_Scenario_4_ 750 2250 1 0.02 GF_Model_IV
0.130422977543965 1161.50617293816 8.97915903815415e-05 9.90590072838131e-05 no_error _Complex_Demographies_Scenario_4_ 750 2250 1 0.02 GF_Model_IV
0.127517596250438 1172.64133620402 9.57440349465373e-05 7.21234399223104e-05 no_error _Complex_Demographies_Scenario_4_ 750 2250 1 0.02 GF_Model_IV
0.120503756099853 1178.8472728356 0.000188143133134722 0.000184949501959161 no_error _Complex_Demographies_Scenario_4_ 750 2250 1 0.02 GF_Model_IV
0.131295112538988 1210.05212555644 8.10026154605594e-05 7.29676812425989e-05 no_error _Complex_Demographies_Scenario_4_ 750 2250 1 0.02 GF_Model_IV
0.123538957659944 1146.79144315592 0.000210136502288301 0.000152709819393087 no_error _Complex_Demographies_Scenario_4_ 750 2250 1 0.02 GF_Model_IV
0.126938960617134 1184.37769027861 0.0003040480777159 0.000111327165897943 no_error _Complex_Demographies_Scenario_4_ 750 2250 1 0.02 GF_Model_IV
0.127640433140863 1137.62753551626 5.71893459492775e-05 6.06361172734801e-05 no_error _Complex_Demographies_Scenario_4_ 750 2250 1 0.02 GF_Model_IV
0.131289816015715 1136.39514017864 0.000227871766046875 0.000160054312581768 no_error _Complex_Demographies_Scenario_4_ 750 2250 1 0.02 GF_Model_IV
0.126602567652988 1164.38734939857 0.00017173079000825 7.01314882520147e-05 no_error _Complex_Demographies_Scenario_4_ 750 2250 1 0.02 GF_Model_IV
0.125694456658126 1198.92383928356 0.000227980581853718 6.6639822325976e-05 no_error _Complex_Demographies_Scenario_4_ 750 2250 1 0.02 GF_Model_IV
0.131155415905462 1202.43245408436 0.000217093824259281 9.56511684985644e-05 no_error _Complex_Demographies_Scenario_4_ 750 2250 1 0.02 GF_Model_IV
