0.000442809621252218 1575.03447253957 -9.17145726123451e-09 4.65471390075935e-10 no_error _Scenario_11_ 1500 1501 0 0.05 GF_Model_IV
0.00041530855957652 1591.10002303333 1.17897399986731e-07 5.26298892995709e-10 no_error _Scenario_11_ 1500 1501 0 0.05 GF_Model_IV
0.000444808380049687 1568.52209542117 4.4844093997587e-08 6.57216546690908e-10 no_error _Scenario_11_ 1500 1501 0 0.05 GF_Model_IV
0.00043976659076406 1545.79981940658 9.03201472403234e-08 5.42548347927236e-10 no_error _Scenario_11_ 1500 1501 0 0.05 GF_Model_IV
0.00045779150212985 1558.87707951721 8.86347017297046e-08 5.07209844974882e-10 no_error _Scenario_11_ 1500 1501 0 0.05 GF_Model_IV
0.000450953724652266 1549.22299189325 -7.88888355511485e-08 4.27246475294047e-10 no_error _Scenario_11_ 1500 1501 0 0.05 GF_Model_IV
0.000466475511690391 1577.02967747047 9.25268678986261e-08 4.45548660815923e-10 no_error _Scenario_11_ 1500 1501 0 0.05 GF_Model_IV
0.000435125662844104 1569.52361790168 -1.29176167966973e-08 5.01530597028168e-10 no_error _Scenario_11_ 1500 1501 0 0.05 GF_Model_IV
0.000483434604781571 1540.5978467564 2.15346821816854e-07 5.270911760423e-10 no_error _Scenario_11_ 1500 1501 0 0.05 GF_Model_IV
0.000449564499998149 1546.54347827393 7.3353148182012e-08 3.94621539911163e-10 no_error _Scenario_11_ 1500 1501 0 0.05 GF_Model_IV
0.000466694084934469 1551.36494654869 -2.06729647218098e-07 5.56383094198667e-10 no_error _Scenario_11_ 1500 1501 0 0.05 GF_Model_IV
0.000455043011417421 1554.32317340273 1.48631539840195e-07 5.67223278118934e-10 no_error _Scenario_11_ 1500 1501 0 0.05 GF_Model_IV
0.00045084295630148 1551.55823915066 -1.92702990625654e-07 4.41705066327664e-10 no_error _Scenario_11_ 1500 1501 0 0.05 GF_Model_IV
0.000442959271500935 1562.15921783726 5.24858272247233e-07 4.06838284513115e-10 no_error _Scenario_11_ 1500 1501 0 0.05 GF_Model_IV
0.000429740123925698 1526.28391340967 3.0092896032685e-07 5.94847499365729e-10 no_error _Scenario_11_ 1500 1501 0 0.05 GF_Model_IV
0.00044736459266752 1551.77945224974 6.40114605104871e-09 4.77575058637593e-10 no_error _Scenario_11_ 1500 1501 0 0.05 GF_Model_IV
0.000449373049595256 1540.22791121673 -4.0941695663011e-08 5.11920953513655e-10 no_error _Scenario_11_ 1500 1501 0 0.05 GF_Model_IV
0.000449801830967805 1543.0256236354 -1.58557787946815e-07 4.53638320918714e-10 no_error _Scenario_11_ 1500 1501 0 0.05 GF_Model_IV
0.000469806554857633 1567.96299181396 3.5419967516408e-07 4.1785153817168e-10 no_error _Scenario_11_ 1500 1501 0 0.05 GF_Model_IV
0.000458270286900423 1548.72950256584 -1.17921876908589e-08 4.7256117929089e-10 no_error _Scenario_11_ 1500 1501 0 0.05 GF_Model_IV
0.000450487719032149 1530.5087596089 8.58620632166415e-08 4.65363581244256e-10 no_error _Scenario_11_ 1500 1501 0 0.05 GF_Model_IV
0.000464649970271822 1570.11895817023 -1.83856567654773e-07 4.72869086819519e-10 no_error _Scenario_11_ 1500 1501 0 0.05 GF_Model_IV
0.000441940166726031 1538.39309914882 1.05347428949654e-07 5.42763848401248e-10 no_error _Scenario_11_ 1500 1501 0 0.05 GF_Model_IV
0.000431303222750899 1537.13895373737 3.69109122832289e-07 8.86139662872512e-10 no_error _Scenario_11_ 1500 1501 0 0.05 GF_Model_IV
0.000463778263986579 1536.68264191132 1.32722575943196e-07 8.77708678171531e-10 no_error _Scenario_11_ 1500 1501 0 0.05 GF_Model_IV
0.000428757116022494 1545.34408616349 1.95883363708015e-07 3.61609577477032e-10 no_error _Scenario_11_ 1500 1501 0 0.05 GF_Model_IV
0.000452563449962073 1552.94967474374 -7.96826372401286e-08 4.23499829911036e-10 no_error _Scenario_11_ 1500 1501 0 0.05 GF_Model_IV
0.000449700130504187 1525.4213718258 -2.80342928795547e-07 4.70784604651144e-10 no_error _Scenario_11_ 1500 1501 0 0.05 GF_Model_IV
0.000427012329428412 1504.56810939961 1.14012971637305e-07 7.65088180608365e-10 no_error _Scenario_11_ 1500 1501 0 0.05 GF_Model_IV
0.000447156071794044 1539.07499370317 3.08977072442765e-08 4.19707167797306e-10 no_error _Scenario_11_ 1500 1501 0 0.05 GF_Model_IV
0.000422312872438026 1528.84824738517 2.00172193190601e-07 5.53025803639035e-10 no_error _Scenario_11_ 1500 1501 0 0.05 GF_Model_IV
0.000450350371023655 1560.90474525907 1.47862216213661e-07 4.64949109091774e-10 no_error _Scenario_11_ 1500 1501 0 0.05 GF_Model_IV
0.000428099929426205 1552.98679528276 5.30228549471619e-07 5.08241016977664e-10 no_error _Scenario_11_ 1500 1501 0 0.05 GF_Model_IV
0.000449399100128567 1510.17154794386 3.02445925030666e-08 6.33613363067106e-10 no_error _Scenario_11_ 1500 1501 0 0.05 GF_Model_IV
0.000454510836206745 1532.84855665425 2.39246591669175e-07 6.50559821228679e-10 no_error _Scenario_11_ 1500 1501 0 0.05 GF_Model_IV
0.000450247036363916 1551.3366191374 -2.39175722860529e-07 6.25165321211475e-10 no_error _Scenario_11_ 1500 1501 0 0.05 GF_Model_IV
0.000445792693817014 1507.09339457361 8.96944642884305e-08 4.32036675040218e-10 no_error _Scenario_11_ 1500 1501 0 0.05 GF_Model_IV
0.000452268859530031 1563.75771459988 1.49547449976844e-07 3.94984930571458e-10 no_error _Scenario_11_ 1500 1501 0 0.05 GF_Model_IV
0.00046196594629695 1496.15701065603 1.93839959035311e-07 3.98824430943099e-10 no_error _Scenario_11_ 1500 1501 0 0.05 GF_Model_IV
0.000441413352557531 1582.14466547557 -5.63047727389789e-08 3.38410968308892e-10 no_error _Scenario_11_ 1500 1501 0 0.05 GF_Model_IV
0.000450355564204815 1545.85151100468 8.23573419995629e-08 8.28375533619642e-10 no_error _Scenario_11_ 1500 1501 0 0.05 GF_Model_IV
0.000475002714347245 1551.34079576179 8.36829180275543e-08 9.27271102375115e-10 no_error _Scenario_11_ 1500 1501 0 0.05 GF_Model_IV
0.000450945658075372 1545.69566965565 -1.00016090066736e-07 4.4194910862482e-10 no_error _Scenario_11_ 1500 1501 0 0.05 GF_Model_IV
0.000437386323738467 1560.55669698913 -4.55883969135353e-08 5.65813041061721e-10 no_error _Scenario_11_ 1500 1501 0 0.05 GF_Model_IV
0.000476587816294427 1549.35622866343 -1.85161108826264e-07 5.20162877354933e-10 no_error _Scenario_11_ 1500 1501 0 0.05 GF_Model_IV
0.00046294932953785 1566.8470249891 2.17406630503246e-07 5.70920085402572e-10 no_error _Scenario_11_ 1500 1501 0 0.05 GF_Model_IV
0.000445387033385337 1549.82983702759 1.36862737735661e-07 5.06749794022562e-10 no_error _Scenario_11_ 1500 1501 0 0.05 GF_Model_IV
0.000437692003282767 1527.57284361969 -5.01726988513881e-08 5.15048734995427e-10 no_error _Scenario_11_ 1500 1501 0 0.05 GF_Model_IV
0.000419250442816537 1550.65955549603 -2.42144556382641e-08 4.62924841987038e-10 no_error _Scenario_11_ 1500 1501 0 0.05 GF_Model_IV
0.000446638800012083 1576.71886799369 3.96424854957316e-08 5.97825855755825e-10 no_error _Scenario_11_ 1500 1501 0 0.05 GF_Model_IV
0.000421936634564681 1531.74506709958 5.23178732641359e-09 3.88599216651662e-10 no_error _Scenario_11_ 1500 1501 0 0.05 GF_Model_IV
0.000420731390659818 1520.99873728226 3.63544730148618e-07 4.9926888302723e-10 no_error _Scenario_11_ 1500 1501 0 0.05 GF_Model_IV
0.000447024946955147 1532.3200289257 -1.86870422880071e-08 4.74595191902539e-10 no_error _Scenario_11_ 1500 1501 0 0.05 GF_Model_IV
0.00046916789843969 1528.40813889645 3.43261584868687e-07 4.71407893642115e-10 no_error _Scenario_11_ 1500 1501 0 0.05 GF_Model_IV
0.000447179107903146 1543.43162027837 1.43415455002599e-07 5.34042637794393e-10 no_error _Scenario_11_ 1500 1501 0 0.05 GF_Model_IV
0.000431478603810255 1524.60677788568 -2.21761404515666e-07 5.07297277222282e-10 no_error _Scenario_11_ 1500 1501 0 0.05 GF_Model_IV
0.000458814318633255 1551.71694538534 -1.86693559538443e-07 6.40804296202532e-10 no_error _Scenario_11_ 1500 1501 0 0.05 GF_Model_IV
0.00044001219019775 1577.82949532208 2.32092860558539e-07 5.51765869435894e-10 no_error _Scenario_11_ 1500 1501 0 0.05 GF_Model_IV
0.000458888332274477 1545.14462459051 5.87977932213016e-07 6.05660995707042e-10 no_error _Scenario_11_ 1500 1501 0 0.05 GF_Model_IV
0.000455616105961758 1570.49920181599 4.3264523998804e-07 5.50807178865571e-10 no_error _Scenario_11_ 1500 1501 0 0.05 GF_Model_IV
0.000448705186383124 1523.82564327832 3.47282042724079e-07 7.0482602260217e-10 no_error _Scenario_11_ 1500 1501 0 0.05 GF_Model_IV
0.000461340055732598 1557.32751358755 4.59788214048002e-07 4.11604249768279e-10 no_error _Scenario_11_ 1500 1501 0 0.05 GF_Model_IV
0.000453803923568544 1563.80901719622 5.26625326119293e-09 4.56017463253553e-10 no_error _Scenario_11_ 1500 1501 0 0.05 GF_Model_IV
0.000435465145133482 1522.64561637072 1.36500850387169e-07 7.55528380186068e-10 no_error _Scenario_11_ 1500 1501 0 0.05 GF_Model_IV
0.00044849157198487 1551.93248871517 2.69377409340899e-07 7.05054166817105e-10 no_error _Scenario_11_ 1500 1501 0 0.05 GF_Model_IV
0.000454636290849544 1567.36162583259 3.87956505864028e-08 4.81653281768092e-10 no_error _Scenario_11_ 1500 1501 0 0.05 GF_Model_IV
0.000450998524654218 1556.87095318529 3.54227892758041e-07 4.63166999177213e-10 no_error _Scenario_11_ 1500 1501 0 0.05 GF_Model_IV
0.000456344818519723 1527.97052403273 -1.15766339066511e-08 4.92711372239135e-10 no_error _Scenario_11_ 1500 1501 0 0.05 GF_Model_IV
0.000453427145532696 1595.99512706592 7.32247956873901e-08 4.49294909969936e-10 no_error _Scenario_11_ 1500 1501 0 0.05 GF_Model_IV
0.000452626459224389 1542.11701995221 -2.67886888533947e-07 3.91165268404504e-10 no_error _Scenario_11_ 1500 1501 0 0.05 GF_Model_IV
0.000442847698833817 1544.50677513468 1.00095472468947e-07 5.96334674499069e-10 no_error _Scenario_11_ 1500 1501 0 0.05 GF_Model_IV
0.000434547625143894 1490.95744045085 -1.20190101405399e-07 7.13951500642922e-10 no_error _Scenario_11_ 1500 1501 0 0.05 GF_Model_IV
0.000425993218063999 1536.40815325721 -2.40182315321283e-07 5.84984144981264e-10 no_error _Scenario_11_ 1500 1501 0 0.05 GF_Model_IV
0.000447389499172601 1560.53006901275 1.65813994335261e-07 7.16502808277583e-10 no_error _Scenario_11_ 1500 1501 0 0.05 GF_Model_IV
0.000444134724478903 1497.15482183881 -1.78187962712786e-07 4.45132136058353e-10 no_error _Scenario_11_ 1500 1501 0 0.05 GF_Model_IV
0.000420056833807278 1556.39804810007 4.94137789320988e-07 5.16752067065526e-10 no_error _Scenario_11_ 1500 1501 0 0.05 GF_Model_IV
0.000416017913228899 1531.9848700134 3.36517038396236e-07 4.40271801928513e-10 no_error _Scenario_11_ 1500 1501 0 0.05 GF_Model_IV
0.000433641580928273 1524.45325525028 4.54041328103259e-08 4.47447813883088e-10 no_error _Scenario_11_ 1500 1501 0 0.05 GF_Model_IV
0.000451781040159774 1529.02463689198 -1.00312593962478e-08 4.63562490650478e-10 no_error _Scenario_11_ 1500 1501 0 0.05 GF_Model_IV
0.000486469338415786 1567.0078360669 3.23447021903139e-07 1.03837594435928e-09 no_error _Scenario_11_ 1500 1501 0 0.05 GF_Model_IV
0.000455803034683806 1552.67878971362 1.90084741298667e-07 4.14147544841003e-10 no_error _Scenario_11_ 1500 1501 0 0.05 GF_Model_IV
0.000447949734774232 1551.18210623123 2.62681116463644e-07 4.78879188455312e-10 no_error _Scenario_11_ 1500 1501 0 0.05 GF_Model_IV
0.000443653951795347 1543.35339036068 3.81526528937997e-07 4.25388772821034e-10 no_error _Scenario_11_ 1500 1501 0 0.05 GF_Model_IV
0.000443917283244389 1517.19420592617 -1.90107563357626e-07 4.83584661393218e-10 no_error _Scenario_11_ 1500 1501 0 0.05 GF_Model_IV
0.000439853177101388 1550.39450428838 1.13383826312029e-07 5.74281805287533e-10 no_error _Scenario_11_ 1500 1501 0 0.05 GF_Model_IV
0.000445853135890181 1519.83794856103 -1.50435255008621e-07 5.88488945368744e-10 no_error _Scenario_11_ 1500 1501 0 0.05 GF_Model_IV
0.000453696547400681 1538.36668816475 4.61660880631241e-08 3.59700433691969e-10 no_error _Scenario_11_ 1500 1501 0 0.05 GF_Model_IV
0.000444490717568171 1534.47097699307 8.20720498317154e-08 5.36936910451861e-10 no_error _Scenario_11_ 1500 1501 0 0.05 GF_Model_IV
0.000457567406903064 1596.46007147081 -1.39985421071715e-08 4.01450802603397e-10 no_error _Scenario_11_ 1500 1501 0 0.05 GF_Model_IV
0.000441498721066226 1586.38641894138 5.19134627454148e-08 4.53915185943264e-10 no_error _Scenario_11_ 1500 1501 0 0.05 GF_Model_IV
0.000477571340956934 1557.49337793302 1.24949129950273e-07 4.9073081344947e-10 no_error _Scenario_11_ 1500 1501 0 0.05 GF_Model_IV
0.000443345862125014 1554.36041993907 2.86729003312131e-07 5.27663045024259e-10 no_error _Scenario_11_ 1500 1501 0 0.05 GF_Model_IV
0.000470266266090516 1559.29189291956 5.18449726826326e-08 4.59032173877071e-10 no_error _Scenario_11_ 1500 1501 0 0.05 GF_Model_IV
0.000475219577444494 1573.49558428764 4.67718404990257e-07 4.51912576557295e-10 no_error _Scenario_11_ 1500 1501 0 0.05 GF_Model_IV
0.000446084441648751 1555.54516009152 1.49117834328128e-07 7.95178504411062e-10 no_error _Scenario_11_ 1500 1501 0 0.05 GF_Model_IV
0.000456276035279492 1503.2964953523 1.86210326257635e-07 4.82524499074202e-10 no_error _Scenario_11_ 1500 1501 0 0.05 GF_Model_IV
0.000453501052424829 1547.92734837528 2.69208046789061e-07 7.87297966709335e-10 no_error _Scenario_11_ 1500 1501 0 0.05 GF_Model_IV
0.000439228095262414 1497.19456060808 -1.07360541856201e-07 4.9576640686166e-10 no_error _Scenario_11_ 1500 1501 0 0.05 GF_Model_IV
0.000434368663303132 1498.90714765724 -5.25111670605503e-08 5.18220748498028e-10 no_error _Scenario_11_ 1500 1501 0 0.05 GF_Model_IV
0.00043192441809951 1558.81926034427 4.65592561595515e-07 6.0895087474607e-10 no_error _Scenario_11_ 1500 1501 0 0.05 GF_Model_IV
0.000430698818936114 1534.59773091387 4.23774502089065e-07 5.87972981647053e-10 no_error _Scenario_12_ 1400 1600 0 0.05 GF_Model_IV
0.000464815313578314 1558.20735246141 1.21841875287641e-07 4.77431360369034e-10 no_error _Scenario_12_ 1400 1600 0 0.05 GF_Model_IV
0.000446851015136723 1511.17432889671 1.69860944521702e-07 4.14324888838371e-10 no_error _Scenario_12_ 1400 1600 0 0.05 GF_Model_IV
0.000437830695579282 1548.73865873859 1.14034691304659e-07 4.85916392041138e-10 no_error _Scenario_12_ 1400 1600 0 0.05 GF_Model_IV
0.000448597514917329 1553.25900214182 7.37202425874276e-08 4.18453030456725e-10 no_error _Scenario_12_ 1400 1600 0 0.05 GF_Model_IV
0.000426960474521417 1548.16611680546 -1.93984843350189e-07 4.96508602069131e-10 no_error _Scenario_12_ 1400 1600 0 0.05 GF_Model_IV
0.000460748354689366 1553.53685460825 -1.20577225672136e-07 6.9936153314106e-10 no_error _Scenario_12_ 1400 1600 0 0.05 GF_Model_IV
0.00044475496729159 1535.49351111841 1.53470444446143e-07 6.45774882541054e-10 no_error _Scenario_12_ 1400 1600 0 0.05 GF_Model_IV
0.000442603039263825 1524.36527784573 3.05198013121325e-08 8.51634777144913e-10 no_error _Scenario_12_ 1400 1600 0 0.05 GF_Model_IV
0.000438004304561093 1583.09220385996 1.20845417966688e-07 5.54386345468496e-10 no_error _Scenario_12_ 1400 1600 0 0.05 GF_Model_IV
0.000444345167970071 1562.42329100167 1.9176849194656e-07 4.41142310176997e-10 no_error _Scenario_12_ 1400 1600 0 0.05 GF_Model_IV
0.000431039171980737 1527.94740175772 4.6670125394324e-07 5.52972319024106e-10 no_error _Scenario_12_ 1400 1600 0 0.05 GF_Model_IV
0.000437121500425016 1544.12848168268 -5.29333934364796e-09 4.75492814906286e-10 no_error _Scenario_12_ 1400 1600 0 0.05 GF_Model_IV
0.000455981320187365 1538.76725747666 3.0430148480661e-08 4.10192184934984e-10 no_error _Scenario_12_ 1400 1600 0 0.05 GF_Model_IV
0.00043624254715854 1528.90967327674 4.84484959638177e-09 4.73633787474435e-10 no_error _Scenario_12_ 1400 1600 0 0.05 GF_Model_IV
0.000461918555030387 1539.28086828001 1.50922852400293e-07 4.90820168627984e-10 no_error _Scenario_12_ 1400 1600 0 0.05 GF_Model_IV
0.000442298534856678 1543.96783421124 2.14207622087158e-07 5.26021814712256e-10 no_error _Scenario_12_ 1400 1600 0 0.05 GF_Model_IV
0.000453478211188564 1565.14928775495 6.28406652306509e-09 4.31661813823359e-10 no_error _Scenario_12_ 1400 1600 0 0.05 GF_Model_IV
0.000464542600121307 1553.93414151832 2.10793267627455e-07 4.31131027526675e-10 no_error _Scenario_12_ 1400 1600 0 0.05 GF_Model_IV
0.000458042759250057 1559.80594611112 -2.71881739295817e-07 4.5144368509657e-10 no_error _Scenario_12_ 1400 1600 0 0.05 GF_Model_IV
0.000438934651918524 1529.29471690589 -1.58252755331819e-07 7.04806650374523e-10 no_error _Scenario_12_ 1400 1600 0 0.05 GF_Model_IV
0.000446610632159281 1568.40367769877 1.08381036718309e-07 6.97833036917412e-10 no_error _Scenario_12_ 1400 1600 0 0.05 GF_Model_IV
0.000451172388440773 1561.56667785247 3.13781697123224e-07 4.86109452798328e-10 no_error _Scenario_12_ 1400 1600 0 0.05 GF_Model_IV
0.000437709222943048 1575.01991353042 2.09104310864322e-08 6.59985113553139e-10 no_error _Scenario_12_ 1400 1600 0 0.05 GF_Model_IV
0.000443821858194524 1544.41729146378 -1.44174945977447e-08 6.20287439489659e-10 no_error _Scenario_12_ 1400 1600 0 0.05 GF_Model_IV
0.000449325580314874 1552.77296260607 1.47159304966908e-07 4.6387237553188e-10 no_error _Scenario_12_ 1400 1600 0 0.05 GF_Model_IV
0.000447286726176938 1521.68066786776 2.59942015128611e-07 6.54625485421996e-10 no_error _Scenario_12_ 1400 1600 0 0.05 GF_Model_IV
0.000432094964626203 1550.13521383356 3.34875364819183e-07 6.34403849132188e-10 no_error _Scenario_12_ 1400 1600 0 0.05 GF_Model_IV
0.000455630503049471 1528.06627360099 2.19755681943334e-07 5.65856283880279e-10 no_error _Scenario_12_ 1400 1600 0 0.05 GF_Model_IV
0.000460120832702014 1552.38985666168 -5.79061381485224e-09 4.6404626588976e-10 no_error _Scenario_12_ 1400 1600 0 0.05 GF_Model_IV
0.000435760789520287 1521.02968970795 7.31445786426295e-09 6.08391225102834e-10 no_error _Scenario_12_ 1400 1600 0 0.05 GF_Model_IV
0.000428908818852496 1479.28374909003 -2.35335532634883e-07 4.69860194359886e-10 no_error _Scenario_12_ 1400 1600 0 0.05 GF_Model_IV
0.000413817152569906 1541.50364538158 1.32786956166607e-07 4.37356073335919e-10 no_error _Scenario_12_ 1400 1600 0 0.05 GF_Model_IV
0.000433228516391672 1523.52849847215 1.12899243260842e-08 4.74474154321121e-10 no_error _Scenario_12_ 1400 1600 0 0.05 GF_Model_IV
0.000415560667541697 1553.08537368094 -6.37844687513901e-10 4.80233081517822e-10 nls_error _Scenario_12_ 1400 1600 0 0.05 GF_Model_IV
0.000465577279503267 1547.06350073568 -1.58838675032175e-07 6.05901715375601e-10 no_error _Scenario_12_ 1400 1600 0 0.05 GF_Model_IV
0.000457050960472736 1519.13844061198 1.32324960126219e-07 5.23296562292934e-10 no_error _Scenario_12_ 1400 1600 0 0.05 GF_Model_IV
0.000445184821149613 1522.91027918401 4.14136667584896e-07 5.73912481525828e-10 no_error _Scenario_12_ 1400 1600 0 0.05 GF_Model_IV
0.00045837954080758 1571.27779277902 6.21750671314814e-08 5.03041808796642e-10 no_error _Scenario_12_ 1400 1600 0 0.05 GF_Model_IV
0.000444646196417654 1571.85245987957 3.11651946927155e-07 5.88273224074196e-10 no_error _Scenario_12_ 1400 1600 0 0.05 GF_Model_IV
0.000416973438220909 1544.28482692503 1.24955578757563e-07 4.77439742021499e-10 no_error _Scenario_12_ 1400 1600 0 0.05 GF_Model_IV
0.00042142896457762 1535.29617656097 1.2066502361075e-07 4.63871493847254e-10 no_error _Scenario_12_ 1400 1600 0 0.05 GF_Model_IV
0.000459409192454113 1539.82478679241 -1.7300909047887e-07 5.46414824349571e-10 no_error _Scenario_12_ 1400 1600 0 0.05 GF_Model_IV
0.000462402190395802 1536.56419253028 1.37660491393926e-07 8.7151382915447e-10 no_error _Scenario_12_ 1400 1600 0 0.05 GF_Model_IV
0.000430223895270436 1523.31982373799 2.12752743171373e-07 4.3927380079759e-10 no_error _Scenario_12_ 1400 1600 0 0.05 GF_Model_IV
0.000425555960731912 1561.96995798339 2.93525508823566e-07 4.88173940038995e-10 no_error _Scenario_12_ 1400 1600 0 0.05 GF_Model_IV
0.000464350567190546 1543.04839634398 -1.52104230556062e-09 4.198500822584e-10 no_error _Scenario_12_ 1400 1600 0 0.05 GF_Model_IV
0.000453310140989784 1577.26558724752 2.52016056611698e-07 5.88638395717862e-10 no_error _Scenario_12_ 1400 1600 0 0.05 GF_Model_IV
0.000441486974836877 1531.21735018228 2.982011779275e-07 5.99887476261385e-10 no_error _Scenario_12_ 1400 1600 0 0.05 GF_Model_IV
0.000439882756370533 1522.75874141486 -1.28437156865325e-07 5.36557601983148e-10 no_error _Scenario_12_ 1400 1600 0 0.05 GF_Model_IV
0.000443816473934598 1535.228393893 1.48421098583719e-07 5.43861762555692e-10 no_error _Scenario_12_ 1400 1600 0 0.05 GF_Model_IV
0.000437531314532045 1516.10929016783 -4.14348231702964e-08 4.59787611602667e-10 no_error _Scenario_12_ 1400 1600 0 0.05 GF_Model_IV
0.000442629759437612 1507.68666428961 -9.27575819628642e-08 6.69976177673777e-10 no_error _Scenario_12_ 1400 1600 0 0.05 GF_Model_IV
0.000465382582455402 1577.72439398142 3.28575213276136e-07 5.52004882586455e-10 no_error _Scenario_12_ 1400 1600 0 0.05 GF_Model_IV
0.00043161765994242 1548.09540025738 8.64592918944148e-08 4.84065454757924e-10 no_error _Scenario_12_ 1400 1600 0 0.05 GF_Model_IV
0.00044160494961525 1557.76498649317 4.91089878022288e-07 5.62110154325237e-10 no_error _Scenario_12_ 1400 1600 0 0.05 GF_Model_IV
0.000440529802661991 1519.4730895661 2.7072853219241e-07 4.91477707140265e-10 no_error _Scenario_12_ 1400 1600 0 0.05 GF_Model_IV
0.000442441718945919 1579.68054817383 -7.71420889300074e-09 5.14575763042565e-10 no_error _Scenario_12_ 1400 1600 0 0.05 GF_Model_IV
0.000454273090964554 1575.81272605012 1.27348974858598e-07 4.73128291032595e-10 no_error _Scenario_12_ 1400 1600 0 0.05 GF_Model_IV
0.000443721765864534 1552.65586585292 4.2793771599356e-07 6.29417288620349e-10 no_error _Scenario_12_ 1400 1600 0 0.05 GF_Model_IV
0.000443188968579791 1533.67038639829 -7.9611677014198e-09 5.37160050216536e-10 no_error _Scenario_12_ 1400 1600 0 0.05 GF_Model_IV
0.000424781838879827 1566.4114048829 -4.92013724686861e-10 4.69180682565614e-10 nls_error _Scenario_12_ 1400 1600 0 0.05 GF_Model_IV
0.000446141532758214 1565.41590859523 6.78077666766636e-08 4.17770417359251e-10 no_error _Scenario_12_ 1400 1600 0 0.05 GF_Model_IV
0.000457612590732404 1542.15341501608 1.46827840691774e-07 4.63443649379552e-10 no_error _Scenario_12_ 1400 1600 0 0.05 GF_Model_IV
0.000455717225909636 1574.62350418675 1.29818193547944e-07 4.72597984808959e-10 no_error _Scenario_12_ 1400 1600 0 0.05 GF_Model_IV
0.000416213346375991 1517.05198225816 -2.61750619291489e-07 5.96605834125425e-10 no_error _Scenario_12_ 1400 1600 0 0.05 GF_Model_IV
0.000399250367595774 1537.51879862266 1.88185680519782e-07 3.43495684515998e-10 no_error _Scenario_12_ 1400 1600 0 0.05 GF_Model_IV
0.000408494604793536 1513.84427333815 -1.16858527470189e-07 5.54207360702203e-10 no_error _Scenario_12_ 1400 1600 0 0.05 GF_Model_IV
0.000460270618442638 1560.92779648653 6.8280567950803e-10 4.81621035134702e-10 nls_error _Scenario_12_ 1400 1600 0 0.05 GF_Model_IV
0.000439792676599692 1520.92746502935 2.65303741985444e-07 5.52972854023499e-10 no_error _Scenario_12_ 1400 1600 0 0.05 GF_Model_IV
0.000458728905620408 1538.38628247811 -3.19755216471485e-07 6.77486251892584e-10 no_error _Scenario_12_ 1400 1600 0 0.05 GF_Model_IV
0.00044607950557656 1567.43128537115 3.55255656213619e-07 6.17038965404298e-10 no_error _Scenario_12_ 1400 1600 0 0.05 GF_Model_IV
0.000452294449460491 1539.16238458213 -2.21031975539992e-07 4.88994958246158e-10 no_error _Scenario_12_ 1400 1600 0 0.05 GF_Model_IV
0.000458479416212578 1565.22320865409 1.46858696924043e-07 6.94778284680452e-10 no_error _Scenario_12_ 1400 1600 0 0.05 GF_Model_IV
0.000452747892569406 1585.59795975962 -6.32111589538465e-08 4.92741614464197e-10 no_error _Scenario_12_ 1400 1600 0 0.05 GF_Model_IV
0.000434629011398549 1552.12924887814 6.6965654730773e-08 4.53259896138072e-10 no_error _Scenario_12_ 1400 1600 0 0.05 GF_Model_IV
0.00041587811049047 1568.11330019872 -2.25258971889991e-07 3.26191199323533e-10 no_error _Scenario_12_ 1400 1600 0 0.05 GF_Model_IV
0.000452397434849869 1518.3680236975 1.19916966754856e-07 5.83556663644766e-10 no_error _Scenario_12_ 1400 1600 0 0.05 GF_Model_IV
0.000453477244244627 1569.16083911431 2.02588733775637e-07 4.76361150111183e-10 no_error _Scenario_12_ 1400 1600 0 0.05 GF_Model_IV
0.000443328765539643 1522.59633464068 -3.52125952495876e-07 6.46280467552138e-10 no_error _Scenario_12_ 1400 1600 0 0.05 GF_Model_IV
0.00047040032994853 1555.12505732509 1.2681971355166e-08 7.03112337208162e-10 no_error _Scenario_12_ 1400 1600 0 0.05 GF_Model_IV
0.000418299692266602 1560.29751738259 -4.38286108157404e-08 4.49306168579342e-10 no_error _Scenario_12_ 1400 1600 0 0.05 GF_Model_IV
0.00045882375196238 1538.540191818 5.63712781770509e-08 6.18301606480502e-10 no_error _Scenario_12_ 1400 1600 0 0.05 GF_Model_IV
0.000452121141818987 1549.43752222049 1.32071972093401e-07 4.48332296322697e-10 no_error _Scenario_12_ 1400 1600 0 0.05 GF_Model_IV
0.000409883923809812 1536.49299428004 -1.90536369257993e-07 4.35916085935299e-10 no_error _Scenario_12_ 1400 1600 0 0.05 GF_Model_IV
0.000423402048362003 1547.31335705228 -2.18246515029014e-07 4.10649166113154e-10 no_error _Scenario_12_ 1400 1600 0 0.05 GF_Model_IV
0.000441652041366569 1513.28717094255 -1.58907639093295e-07 5.11235640948164e-10 no_error _Scenario_12_ 1400 1600 0 0.05 GF_Model_IV
0.000430510367508687 1548.17828003458 2.56703022972029e-07 5.6445359465033e-10 no_error _Scenario_12_ 1400 1600 0 0.05 GF_Model_IV
0.000416331403547763 1514.34258343684 -5.37439383161954e-08 5.41082090224953e-10 no_error _Scenario_12_ 1400 1600 0 0.05 GF_Model_IV
0.000438427743761129 1529.98984221373 4.30355840006738e-08 7.43583381391264e-10 no_error _Scenario_12_ 1400 1600 0 0.05 GF_Model_IV
0.000438535732203416 1553.80515888856 1.08392172142667e-07 8.26017503660934e-10 no_error _Scenario_12_ 1400 1600 0 0.05 GF_Model_IV
0.000437655324944063 1519.56823324889 2.66982984195289e-07 5.04862835356548e-10 no_error _Scenario_12_ 1400 1600 0 0.05 GF_Model_IV
0.000416990538742501 1541.78318101738 7.1145864567468e-08 4.60659905957058e-10 no_error _Scenario_12_ 1400 1600 0 0.05 GF_Model_IV
0.000426303414371811 1520.21948558954 3.52303498202893e-07 7.11825289198686e-10 no_error _Scenario_12_ 1400 1600 0 0.05 GF_Model_IV
0.000466675905322653 1554.31224600189 -4.6350558168366e-08 7.28561195498929e-10 no_error _Scenario_12_ 1400 1600 0 0.05 GF_Model_IV
0.000449782671202708 1512.53227659639 2.08594160750289e-07 5.93044762252445e-10 no_error _Scenario_12_ 1400 1600 0 0.05 GF_Model_IV
0.000468001985177007 1556.43765337701 -1.10831508040325e-07 4.92751205769748e-10 no_error _Scenario_12_ 1400 1600 0 0.05 GF_Model_IV
0.000428468419492894 1558.93559178937 2.31621795464604e-07 4.23664013779203e-10 no_error _Scenario_12_ 1400 1600 0 0.05 GF_Model_IV
0.000446268539155046 1508.86474684063 1.34597589469862e-07 5.01210700859438e-10 no_error _Scenario_12_ 1400 1600 0 0.05 GF_Model_IV
0.000437841785010099 1547.41992884483 2.89752129856936e-08 6.95527045890458e-10 no_error _Scenario_12_ 1400 1600 0 0.05 GF_Model_IV
0.000438681033813079 1532.56433536005 3.2675511475697e-08 4.10636558488207e-10 no_error _Scenario_13_ 1300 1700 0 0.05 GF_Model_IV
0.000424041569697483 1528.19859843077 -6.55879075642444e-08 4.26740945026245e-10 no_error _Scenario_13_ 1300 1700 0 0.05 GF_Model_IV
0.000444572978717215 1512.41452596308 1.51726329369413e-07 6.66191140609979e-10 no_error _Scenario_13_ 1300 1700 0 0.05 GF_Model_IV
0.000470843540180284 1571.77909370091 1.54801171861089e-07 6.28955742809088e-10 no_error _Scenario_13_ 1300 1700 0 0.05 GF_Model_IV
0.000413844069153427 1527.30762868987 3.44872495016442e-07 5.05014132725495e-10 no_error _Scenario_13_ 1300 1700 0 0.05 GF_Model_IV
0.000466247067572705 1521.21056118498 1.30466647148121e-07 5.61185622125277e-10 no_error _Scenario_13_ 1300 1700 0 0.05 GF_Model_IV
0.000430167866621114 1520.52821011301 -5.29965188565958e-08 4.40754249989076e-10 no_error _Scenario_13_ 1300 1700 0 0.05 GF_Model_IV
0.000427558883836968 1549.90726469849 4.10617875337123e-08 6.14725531705193e-10 no_error _Scenario_13_ 1300 1700 0 0.05 GF_Model_IV
0.000419827714759789 1516.96749400282 -2.23188944160136e-07 3.99545183490682e-10 no_error _Scenario_13_ 1300 1700 0 0.05 GF_Model_IV
0.000455422881608721 1537.37816508276 2.71929052629548e-07 5.37196126623945e-10 no_error _Scenario_13_ 1300 1700 0 0.05 GF_Model_IV
0.00043323593182125 1532.19150642293 -1.91159007774917e-07 6.09423874456519e-10 no_error _Scenario_13_ 1300 1700 0 0.05 GF_Model_IV
0.000436036554047747 1549.18898688106 -5.79280099192744e-08 3.44878088876329e-10 no_error _Scenario_13_ 1300 1700 0 0.05 GF_Model_IV
0.000419206774782024 1557.10077547284 2.06026693294832e-07 5.27249841756154e-10 no_error _Scenario_13_ 1300 1700 0 0.05 GF_Model_IV
0.000434227723519702 1524.07785597891 8.46814283746823e-08 5.46158132585182e-10 no_error _Scenario_13_ 1300 1700 0 0.05 GF_Model_IV
0.000413793274102907 1542.54890407542 -2.2971271914172e-07 5.99495034360575e-10 no_error _Scenario_13_ 1300 1700 0 0.05 GF_Model_IV
0.000439738433123706 1556.19519741448 3.50019647565594e-07 5.62918265753064e-10 no_error _Scenario_13_ 1300 1700 0 0.05 GF_Model_IV
0.000427005583858467 1554.33228568542 7.0548396930656e-08 4.08070451521242e-10 no_error _Scenario_13_ 1300 1700 0 0.05 GF_Model_IV
0.000416644116463098 1531.35846799092 2.30711019295263e-07 5.31961074513144e-10 no_error _Scenario_13_ 1300 1700 0 0.05 GF_Model_IV
0.00044242110016951 1486.21958370482 -1.74948630960367e-07 6.4076224313831e-10 no_error _Scenario_13_ 1300 1700 0 0.05 GF_Model_IV
0.000448728147626364 1553.19907476333 -2.24762050516801e-07 4.351361884203e-10 no_error _Scenario_13_ 1300 1700 0 0.05 GF_Model_IV
0.000414793349410492 1556.7969832908 1.34276271809386e-07 4.52472587890133e-10 no_error _Scenario_13_ 1300 1700 0 0.05 GF_Model_IV
0.00045369059062055 1552.3488879633 -7.25590022512194e-09 4.63084105003181e-10 no_error _Scenario_13_ 1300 1700 0 0.05 GF_Model_IV
0.000450655895287367 1557.49904480175 1.08486679079307e-07 4.528323345357e-10 no_error _Scenario_13_ 1300 1700 0 0.05 GF_Model_IV
0.000467550274947303 1563.10658143928 1.28528195857293e-07 6.00931202373058e-10 no_error _Scenario_13_ 1300 1700 0 0.05 GF_Model_IV
0.00043071832525045 1528.01663166766 1.88464120311917e-07 4.56545505793866e-10 no_error _Scenario_13_ 1300 1700 0 0.05 GF_Model_IV
0.00041696890254468 1516.30688219528 -1.70798807428101e-07 5.72134008199647e-10 no_error _Scenario_13_ 1300 1700 0 0.05 GF_Model_IV
0.00045290199105136 1546.43995333623 -1.26299623068277e-07 4.11728670487356e-10 no_error _Scenario_13_ 1300 1700 0 0.05 GF_Model_IV
0.000446087531888148 1579.17962483501 -1.32159885668696e-07 3.55681590481856e-10 no_error _Scenario_13_ 1300 1700 0 0.05 GF_Model_IV
0.000444069855948617 1578.6938288674 7.12646749135847e-08 4.5842654356299e-10 no_error _Scenario_13_ 1300 1700 0 0.05 GF_Model_IV
0.000423130230278265 1531.13673861656 1.48999852910859e-07 4.3349278913517e-10 no_error _Scenario_13_ 1300 1700 0 0.05 GF_Model_IV
0.000444446791308426 1515.81155575809 -2.68160445213894e-07 4.08801648795441e-10 no_error _Scenario_13_ 1300 1700 0 0.05 GF_Model_IV
0.000452542250560914 1512.96474566539 2.15882319891263e-07 5.88637564372277e-10 no_error _Scenario_13_ 1300 1700 0 0.05 GF_Model_IV
0.000448505777469335 1491.6072915694 1.16352154485022e-07 5.92895689392126e-10 no_error _Scenario_13_ 1300 1700 0 0.05 GF_Model_IV
0.000442139073193843 1516.41525941151 -4.08956628598491e-08 6.44836837134079e-10 no_error _Scenario_13_ 1300 1700 0 0.05 GF_Model_IV
0.000477020563332479 1598.03938622707 3.1369590829695e-07 6.54456008261321e-10 no_error _Scenario_13_ 1300 1700 0 0.05 GF_Model_IV
0.00045498387233499 1544.34014177297 9.00199638810058e-08 4.51121525388627e-10 no_error _Scenario_13_ 1300 1700 0 0.05 GF_Model_IV
0.000421895082177963 1487.6956504935 2.07055489409733e-07 4.81585797440693e-10 no_error _Scenario_13_ 1300 1700 0 0.05 GF_Model_IV
0.000457943545197171 1559.24139470475 6.40844018978502e-08 7.9582665129431e-10 no_error _Scenario_13_ 1300 1700 0 0.05 GF_Model_IV
0.000430450785519565 1571.14844827722 2.55332210471449e-07 3.78586403561488e-10 no_error _Scenario_13_ 1300 1700 0 0.05 GF_Model_IV
0.000433020394283474 1526.7711436057 1.03708340997583e-07 4.81567532331278e-10 no_error _Scenario_13_ 1300 1700 0 0.05 GF_Model_IV
0.000443307274268016 1521.50237116296 3.02547978661993e-07 6.4285463916289e-10 no_error _Scenario_13_ 1300 1700 0 0.05 GF_Model_IV
0.000457799901712877 1545.63349887442 1.38653300062208e-08 5.9811451074722e-10 no_error _Scenario_13_ 1300 1700 0 0.05 GF_Model_IV
0.00042035071113805 1552.21178876993 7.8758843037134e-08 5.68381875906997e-10 no_error _Scenario_13_ 1300 1700 0 0.05 GF_Model_IV
0.000437064149778534 1565.72526109311 4.53195770925205e-08 4.84338481475199e-10 no_error _Scenario_13_ 1300 1700 0 0.05 GF_Model_IV
0.00043873775888869 1529.84876833262 6.55919680673774e-08 5.3634413827888e-10 no_error _Scenario_13_ 1300 1700 0 0.05 GF_Model_IV
0.000440737356579649 1511.15829398532 -1.68665347915844e-07 5.41484444105348e-10 no_error _Scenario_13_ 1300 1700 0 0.05 GF_Model_IV
0.000423717285198102 1526.39933275564 2.17777842589749e-07 7.24455121781621e-10 no_error _Scenario_13_ 1300 1700 0 0.05 GF_Model_IV
0.000432541553741309 1529.65187081626 -1.65380673835798e-07 3.73931898630489e-10 no_error _Scenario_13_ 1300 1700 0 0.05 GF_Model_IV
0.000437750221094446 1547.38806173813 3.64130282891532e-07 6.8722964607792e-10 no_error _Scenario_13_ 1300 1700 0 0.05 GF_Model_IV
0.000433198374840743 1531.71951579787 -7.83191917566896e-08 4.47264097813599e-10 no_error _Scenario_13_ 1300 1700 0 0.05 GF_Model_IV
0.000450957016541138 1600.7153687103 1.05161686215926e-07 3.97729660901992e-10 no_error _Scenario_13_ 1300 1700 0 0.05 GF_Model_IV
0.000422037851455688 1533.52723145802 1.34479366429664e-07 8.05840110684107e-10 no_error _Scenario_13_ 1300 1700 0 0.05 GF_Model_IV
0.000457172504214058 1524.44222527444 -2.61606676097285e-07 7.42186493083951e-10 no_error _Scenario_13_ 1300 1700 0 0.05 GF_Model_IV
0.000417642193200274 1573.74397947587 6.79916471782593e-07 4.96647971353086e-10 no_error _Scenario_13_ 1300 1700 0 0.05 GF_Model_IV
0.000456410797913877 1551.65423352618 3.51139842117711e-07 4.34573173490532e-10 no_error _Scenario_13_ 1300 1700 0 0.05 GF_Model_IV
0.000396300837918296 1504.42367698881 -8.84660688543275e-08 6.17627595791758e-10 no_error _Scenario_13_ 1300 1700 0 0.05 GF_Model_IV
0.000408073781290032 1567.66681943932 1.86358470537918e-07 5.26506334542899e-10 no_error _Scenario_13_ 1300 1700 0 0.05 GF_Model_IV
0.000428278640321803 1521.27259693056 8.40736269820527e-08 3.70995995417915e-10 no_error _Scenario_13_ 1300 1700 0 0.05 GF_Model_IV
0.000466994671601336 1538.58629921717 3.39852605701823e-07 5.70751791065996e-10 no_error _Scenario_13_ 1300 1700 0 0.05 GF_Model_IV
0.000444408894029268 1533.04349422022 2.14042022095461e-07 4.59553020639745e-10 no_error _Scenario_13_ 1300 1700 0 0.05 GF_Model_IV
0.000435092550005987 1522.63544454384 1.2300588468403e-07 7.02131119997008e-10 no_error _Scenario_13_ 1300 1700 0 0.05 GF_Model_IV
0.00043491754252643 1522.77493739973 3.97621720340732e-07 7.53075608702938e-10 no_error _Scenario_13_ 1300 1700 0 0.05 GF_Model_IV
0.000431188042223191 1522.17765646838 3.2481216930217e-07 5.63631638644977e-10 no_error _Scenario_13_ 1300 1700 0 0.05 GF_Model_IV
0.000431050241418262 1552.90167332099 4.60901844018281e-07 7.68978228344046e-10 no_error _Scenario_13_ 1300 1700 0 0.05 GF_Model_IV
0.000443511695310682 1578.35756334328 -6.14901020864843e-09 4.46273787855437e-10 no_error _Scenario_13_ 1300 1700 0 0.05 GF_Model_IV
0.000423312802369455 1557.09024002014 4.04141157998413e-07 3.77172948891825e-10 no_error _Scenario_13_ 1300 1700 0 0.05 GF_Model_IV
0.000415683782434172 1532.91826561343 -1.07979164605647e-07 4.4796766532484e-10 no_error _Scenario_13_ 1300 1700 0 0.05 GF_Model_IV
0.000429863192018369 1549.25994999731 -6.31646944790029e-08 4.61233810668858e-10 no_error _Scenario_13_ 1300 1700 0 0.05 GF_Model_IV
0.000429135389930753 1563.2723479642 -1.17018137755616e-07 7.68604584920783e-10 no_error _Scenario_13_ 1300 1700 0 0.05 GF_Model_IV
0.000415782550174952 1525.10687126336 -7.67592670483116e-08 3.93978466700679e-10 no_error _Scenario_13_ 1300 1700 0 0.05 GF_Model_IV
0.000437833759356915 1519.143730975 2.01184629937718e-07 7.20281855008402e-10 no_error _Scenario_13_ 1300 1700 0 0.05 GF_Model_IV
0.000444657833060969 1526.34992469219 5.58165467775501e-08 4.77520180303974e-10 no_error _Scenario_13_ 1300 1700 0 0.05 GF_Model_IV
0.000436024051970536 1532.84706102292 1.96735755647543e-07 5.84908344992467e-10 no_error _Scenario_13_ 1300 1700 0 0.05 GF_Model_IV
0.000422132572437396 1518.11419193659 2.65497846444708e-07 7.62967534179517e-10 no_error _Scenario_13_ 1300 1700 0 0.05 GF_Model_IV
0.000411063711242076 1522.97406050927 -3.67869072611907e-08 5.28177041897519e-10 no_error _Scenario_13_ 1300 1700 0 0.05 GF_Model_IV
0.000432838448978337 1506.45775566868 4.22508974722676e-07 4.32728466659692e-10 no_error _Scenario_13_ 1300 1700 0 0.05 GF_Model_IV
0.000419347548376085 1513.02334474939 1.24757285417798e-07 4.17198705972229e-10 no_error _Scenario_13_ 1300 1700 0 0.05 GF_Model_IV
0.000439311297678536 1526.34488336046 -1.03717231452409e-07 3.20287255480723e-10 no_error _Scenario_13_ 1300 1700 0 0.05 GF_Model_IV
0.000426928634994468 1538.35438365892 3.19003153643538e-07 4.20482756427069e-10 no_error _Scenario_13_ 1300 1700 0 0.05 GF_Model_IV
0.000446317207331743 1540.01494088711 1.03173651055548e-07 4.69813457403288e-10 no_error _Scenario_13_ 1300 1700 0 0.05 GF_Model_IV
0.000435887095497071 1526.02177641614 3.19367591776599e-08 4.73826231939481e-10 no_error _Scenario_13_ 1300 1700 0 0.05 GF_Model_IV
0.000419565554603052 1505.04374788678 -8.93570279962597e-08 1.036644062672e-09 no_error _Scenario_13_ 1300 1700 0 0.05 GF_Model_IV
0.00041603134300981 1497.72460117977 1.39334120920534e-07 6.62029184820335e-10 no_error _Scenario_13_ 1300 1700 0 0.05 GF_Model_IV
0.000443986267251149 1522.23894120385 1.89503887880722e-07 5.83892885595399e-10 no_error _Scenario_13_ 1300 1700 0 0.05 GF_Model_IV
0.000429222169321819 1551.71663245973 1.25451064592387e-07 4.4155870929025e-10 no_error _Scenario_13_ 1300 1700 0 0.05 GF_Model_IV
0.000412114887040697 1505.89266383658 4.59397563136987e-08 6.03299401191202e-10 no_error _Scenario_13_ 1300 1700 0 0.05 GF_Model_IV
0.000423741187831163 1500.48845256937 4.92911056878605e-08 6.61236668514971e-10 no_error _Scenario_13_ 1300 1700 0 0.05 GF_Model_IV
0.000437931385832534 1568.86617480347 -1.65578814911466e-08 4.44572943396083e-10 no_error _Scenario_13_ 1300 1700 0 0.05 GF_Model_IV
0.000414463074286389 1502.67731383965 1.19081717001949e-07 5.14972018828809e-10 no_error _Scenario_13_ 1300 1700 0 0.05 GF_Model_IV
0.000445285098007895 1574.23140583065 -2.66962774417776e-08 1.00409594316046e-09 no_error _Scenario_13_ 1300 1700 0 0.05 GF_Model_IV
0.000423477635787562 1531.96946189997 -3.92225029699436e-08 5.89568539734534e-10 no_error _Scenario_13_ 1300 1700 0 0.05 GF_Model_IV
0.000421844957261448 1514.41968417834 2.2639196678213e-08 3.97530046912612e-10 no_error _Scenario_13_ 1300 1700 0 0.05 GF_Model_IV
0.000409111487587955 1536.40385710107 4.77965284871932e-08 6.64130413059775e-10 no_error _Scenario_13_ 1300 1700 0 0.05 GF_Model_IV
0.00043888008876067 1507.73039108913 1.04620689051879e-08 5.56143682138453e-10 no_error _Scenario_13_ 1300 1700 0 0.05 GF_Model_IV
0.000422239603800893 1529.84551791243 3.58188822782948e-07 3.95602131032328e-10 no_error _Scenario_13_ 1300 1700 0 0.05 GF_Model_IV
0.000429492647799317 1523.85798666651 1.14296336106089e-07 4.88943386352685e-10 no_error _Scenario_13_ 1300 1700 0 0.05 GF_Model_IV
0.000437993214979915 1514.37560640279 -5.72499892072989e-08 5.00684204896531e-10 no_error _Scenario_13_ 1300 1700 0 0.05 GF_Model_IV
0.000447789635795529 1573.93746538644 4.89299374200882e-07 7.51799965119923e-10 no_error _Scenario_13_ 1300 1700 0 0.05 GF_Model_IV
0.000448046273642615 1504.95634081052 1.04089002934969e-07 3.78209373951041e-10 no_error _Scenario_13_ 1300 1700 0 0.05 GF_Model_IV
0.000435271684367758 1560.88279306829 2.50357566546387e-07 6.87754919698177e-10 no_error _Scenario_13_ 1300 1700 0 0.05 GF_Model_IV
0.000419984783410316 1499.00821564797 5.52198739956989e-07 9.61639810702897e-10 no_error _Scenario_14_ 1100 1900 0 0.05 GF_Model_IV
0.000415564373180936 1512.87472653587 2.1037573929089e-07 5.33711874908189e-10 no_error _Scenario_14_ 1100 1900 0 0.05 GF_Model_IV
0.000431325074907621 1500.60806093093 -5.86309025043596e-08 6.05520699559155e-10 no_error _Scenario_14_ 1100 1900 0 0.05 GF_Model_IV
0.000428626962088506 1549.8945728999 6.76941999523993e-09 4.01555105846754e-10 no_error _Scenario_14_ 1100 1900 0 0.05 GF_Model_IV
0.000406355708938666 1486.87998342734 -1.01059172569089e-07 6.35270847661444e-10 no_error _Scenario_14_ 1100 1900 0 0.05 GF_Model_IV
0.00042574261277376 1542.91501236423 -7.35234869370636e-08 5.17045969425047e-10 no_error _Scenario_14_ 1100 1900 0 0.05 GF_Model_IV
0.000439627187392041 1496.72299372189 1.39069930854673e-08 6.91562088304736e-10 no_error _Scenario_14_ 1100 1900 0 0.05 GF_Model_IV
0.000402230407267969 1521.73040983249 1.99435086733032e-07 4.95320450246228e-10 no_error _Scenario_14_ 1100 1900 0 0.05 GF_Model_IV
0.000413752675832188 1532.19954045863 3.63480080043844e-07 4.92905913370636e-10 no_error _Scenario_14_ 1100 1900 0 0.05 GF_Model_IV
0.000411612202639786 1491.30953026983 2.18413177691557e-07 4.58013206342092e-10 no_error _Scenario_14_ 1100 1900 0 0.05 GF_Model_IV
0.000390226779339306 1482.3497181819 4.25151744058491e-07 5.55781726761623e-10 no_error _Scenario_14_ 1100 1900 0 0.05 GF_Model_IV
0.00042145033338197 1488.09251572945 1.64620977527607e-07 4.05842843697353e-10 no_error _Scenario_14_ 1100 1900 0 0.05 GF_Model_IV
0.000407213726150258 1488.51976610788 -1.04851281747117e-07 4.81197516419989e-10 no_error _Scenario_14_ 1100 1900 0 0.05 GF_Model_IV
0.000420141719296589 1506.96074591667 5.50474106232693e-07 1.08408465073209e-09 no_error _Scenario_14_ 1100 1900 0 0.05 GF_Model_IV
0.000433523044813574 1532.00910880108 2.00290896793347e-07 6.03000135480919e-10 no_error _Scenario_14_ 1100 1900 0 0.05 GF_Model_IV
0.000428552731010461 1529.63488184011 5.8994441774782e-07 5.38651158907206e-10 no_error _Scenario_14_ 1100 1900 0 0.05 GF_Model_IV
0.000418905269725495 1539.59181959387 4.11977435422245e-07 7.80599452527634e-10 no_error _Scenario_14_ 1100 1900 0 0.05 GF_Model_IV
0.000429528220287959 1499.31729966548 2.75001412066506e-07 6.0653673750596e-10 no_error _Scenario_14_ 1100 1900 0 0.05 GF_Model_IV
0.000435103365824417 1503.88874508631 1.43248210496139e-07 7.06768809287283e-10 no_error _Scenario_14_ 1100 1900 0 0.05 GF_Model_IV
0.000391191672493819 1450.97473090989 -9.98486312248015e-08 5.78085558944191e-10 no_error _Scenario_14_ 1100 1900 0 0.05 GF_Model_IV
0.000406722686637782 1506.3042268817 1.51628386537575e-07 8.65953058920799e-10 no_error _Scenario_14_ 1100 1900 0 0.05 GF_Model_IV
0.000430319873628112 1529.23184576486 -1.47956602177852e-08 4.89695923294044e-10 no_error _Scenario_14_ 1100 1900 0 0.05 GF_Model_IV
0.000411987224201093 1531.22295961757 7.23255761276481e-08 8.14648781672636e-10 no_error _Scenario_14_ 1100 1900 0 0.05 GF_Model_IV
0.000435113331705809 1551.36078861427 6.98430702200805e-08 4.07982363569063e-10 no_error _Scenario_14_ 1100 1900 0 0.05 GF_Model_IV
0.000437875414730651 1512.28274306883 2.21124021921929e-07 5.55652586013554e-10 no_error _Scenario_14_ 1100 1900 0 0.05 GF_Model_IV
0.00043762606796273 1534.49384239075 1.56042312532149e-07 4.32893229571373e-10 no_error _Scenario_14_ 1100 1900 0 0.05 GF_Model_IV
0.000433018235644645 1505.51650562332 -3.26503256397189e-08 4.56844986358558e-10 no_error _Scenario_14_ 1100 1900 0 0.05 GF_Model_IV
0.000398982465373105 1518.54640745211 1.21431793634475e-07 6.88732676406656e-10 no_error _Scenario_14_ 1100 1900 0 0.05 GF_Model_IV
0.000408817451742335 1526.59050950579 4.2537897678038e-09 4.40416342621996e-10 no_error _Scenario_14_ 1100 1900 0 0.05 GF_Model_IV
0.000448280850372612 1553.82800989458 1.8480285567297e-07 6.62517484909562e-10 no_error _Scenario_14_ 1100 1900 0 0.05 GF_Model_IV
0.000419422664131469 1496.62065085118 1.52196522437262e-07 4.14745727999198e-10 no_error _Scenario_14_ 1100 1900 0 0.05 GF_Model_IV
0.000417497577045972 1471.62222985441 3.46932007710563e-07 7.41836747862152e-10 no_error _Scenario_14_ 1100 1900 0 0.05 GF_Model_IV
0.000417115839365495 1481.01270725641 3.37261612489993e-07 6.95150941686584e-10 no_error _Scenario_14_ 1100 1900 0 0.05 GF_Model_IV
0.000448808080467253 1544.12963577855 9.33666245762637e-08 4.6604228589075e-10 no_error _Scenario_14_ 1100 1900 0 0.05 GF_Model_IV
0.000397925318387711 1508.05332235421 -1.65914636591095e-07 5.64902991940196e-10 no_error _Scenario_14_ 1100 1900 0 0.05 GF_Model_IV
0.000438232978834516 1526.48039560591 -5.28779716066123e-09 7.15724251486232e-10 no_error _Scenario_14_ 1100 1900 0 0.05 GF_Model_IV
0.000406110893636154 1502.85744437232 2.37947764892964e-07 7.59448866515525e-10 no_error _Scenario_14_ 1100 1900 0 0.05 GF_Model_IV
0.000412313884932405 1542.8359835387 1.68709847240673e-07 4.0025503194894e-10 no_error _Scenario_14_ 1100 1900 0 0.05 GF_Model_IV
0.000409818153468398 1495.71023463262 2.31914878681225e-07 4.25072165574103e-10 no_error _Scenario_14_ 1100 1900 0 0.05 GF_Model_IV
0.000420773029860004 1470.18991860541 2.12908054074411e-07 6.12600884869674e-10 no_error _Scenario_14_ 1100 1900 0 0.05 GF_Model_IV
0.000404314865420551 1474.77027315092 -1.48122928577927e-07 5.87395047668099e-10 no_error _Scenario_14_ 1100 1900 0 0.05 GF_Model_IV
0.000422377612916686 1526.21046626201 2.02935037194779e-07 4.05649665671752e-10 no_error _Scenario_14_ 1100 1900 0 0.05 GF_Model_IV
0.000422838481977178 1500.33776750119 9.37243739470983e-08 5.6151869949945e-10 no_error _Scenario_14_ 1100 1900 0 0.05 GF_Model_IV
0.000410462667402749 1482.07092681224 1.13370444572703e-07 5.00806899549558e-10 no_error _Scenario_14_ 1100 1900 0 0.05 GF_Model_IV
0.000427222084526367 1479.78989745882 2.29777819662504e-07 6.52138537485213e-10 no_error _Scenario_14_ 1100 1900 0 0.05 GF_Model_IV
0.000432745365392598 1508.88102192042 2.36711485619483e-07 5.10218263794563e-10 no_error _Scenario_14_ 1100 1900 0 0.05 GF_Model_IV
0.000411189342517028 1498.91553306269 5.56723663865606e-07 8.57161208034003e-10 no_error _Scenario_14_ 1100 1900 0 0.05 GF_Model_IV
0.000428101646237259 1560.56878610939 5.15319269155848e-09 4.40416191534987e-10 no_error _Scenario_14_ 1100 1900 0 0.05 GF_Model_IV
0.000427129836477194 1497.56157848904 7.5336834946832e-08 4.37890080133847e-10 no_error _Scenario_14_ 1100 1900 0 0.05 GF_Model_IV
0.000418253975727447 1508.49714328309 4.77177145899659e-08 4.6433003319815e-10 no_error _Scenario_14_ 1100 1900 0 0.05 GF_Model_IV
0.000417316334607755 1499.66191887243 7.99344545032417e-08 7.05412553045806e-10 no_error _Scenario_14_ 1100 1900 0 0.05 GF_Model_IV
0.000420332769912618 1541.26352462851 1.24845930692376e-07 4.63631882895408e-10 no_error _Scenario_14_ 1100 1900 0 0.05 GF_Model_IV
0.000431798993657527 1548.35397013188 2.62550177881123e-07 4.56121763038985e-10 no_error _Scenario_14_ 1100 1900 0 0.05 GF_Model_IV
0.000420226722242394 1514.37792247006 1.66320799826968e-07 7.90691723315648e-10 no_error _Scenario_14_ 1100 1900 0 0.05 GF_Model_IV
0.000397927250705402 1490.02846042564 -9.32019507415677e-08 5.27809433741449e-10 no_error _Scenario_14_ 1100 1900 0 0.05 GF_Model_IV
0.000409608400492516 1480.58362522312 1.90229513697808e-07 4.76045458879231e-10 no_error _Scenario_14_ 1100 1900 0 0.05 GF_Model_IV
0.000424391659130435 1524.22846363022 1.28601506629156e-07 5.52022453135315e-10 no_error _Scenario_14_ 1100 1900 0 0.05 GF_Model_IV
0.00041364547540354 1487.06926468998 1.97251475726634e-08 4.22474784638407e-10 no_error _Scenario_14_ 1100 1900 0 0.05 GF_Model_IV
0.000433897801064925 1494.23758031781 2.24942409482586e-07 5.41097912169881e-10 no_error _Scenario_14_ 1100 1900 0 0.05 GF_Model_IV
0.000411018108276851 1565.40371338806 4.39100910079528e-07 6.95925316013258e-10 no_error _Scenario_14_ 1100 1900 0 0.05 GF_Model_IV
0.000449812241264568 1505.00498379892 8.44212508827833e-09 5.39235917519825e-10 no_error _Scenario_14_ 1100 1900 0 0.05 GF_Model_IV
0.000427260528864634 1512.83396148004 2.04647090659175e-07 4.41109250187111e-10 no_error _Scenario_14_ 1100 1900 0 0.05 GF_Model_IV
0.000402960199919622 1500.09062140201 -2.26610826889243e-07 3.54675664356418e-10 no_error _Scenario_14_ 1100 1900 0 0.05 GF_Model_IV
0.000428060842452843 1511.20400149188 3.85988829020595e-07 4.80886964075867e-10 no_error _Scenario_14_ 1100 1900 0 0.05 GF_Model_IV
0.000426502866185003 1489.61699219718 5.04579106615849e-08 6.77111963561363e-10 no_error _Scenario_14_ 1100 1900 0 0.05 GF_Model_IV
0.000416859334922534 1501.94892291727 -8.64607072865334e-08 5.39478932776981e-10 no_error _Scenario_14_ 1100 1900 0 0.05 GF_Model_IV
0.000408675354819277 1470.82116159056 5.08642715517454e-08 7.10226088279356e-10 no_error _Scenario_14_ 1100 1900 0 0.05 GF_Model_IV
0.000435461097333146 1515.93388864395 2.3091442387792e-07 6.3465684559835e-10 no_error _Scenario_14_ 1100 1900 0 0.05 GF_Model_IV
0.000393512140471463 1515.77757430724 1.04256624581285e-07 5.1605613676032e-10 no_error _Scenario_14_ 1100 1900 0 0.05 GF_Model_IV
0.000410895510404735 1501.1497211323 -6.81068528037165e-08 5.40731150838517e-10 no_error _Scenario_14_ 1100 1900 0 0.05 GF_Model_IV
0.000404714106253921 1494.03915369805 2.42587189289635e-07 4.82042054678569e-10 no_error _Scenario_14_ 1100 1900 0 0.05 GF_Model_IV
0.000445237481344328 1518.71712286786 5.43866531134955e-07 7.87601361563805e-10 no_error _Scenario_14_ 1100 1900 0 0.05 GF_Model_IV
0.000421292795805838 1532.83001490579 5.39498458870804e-07 4.43698328186459e-10 no_error _Scenario_14_ 1100 1900 0 0.05 GF_Model_IV
0.00041136034510593 1517.13310485508 1.47900025307572e-07 5.26518129935646e-10 no_error _Scenario_14_ 1100 1900 0 0.05 GF_Model_IV
0.000411753542188565 1500.21595175161 8.16306559843762e-08 5.37297561250892e-10 no_error _Scenario_14_ 1100 1900 0 0.05 GF_Model_IV
0.000416514384122374 1511.43447246581 4.4962318866706e-07 4.68392318208713e-10 no_error _Scenario_14_ 1100 1900 0 0.05 GF_Model_IV
0.000404648860003448 1465.90908674283 -1.32502386973686e-07 4.44342869094092e-10 no_error _Scenario_14_ 1100 1900 0 0.05 GF_Model_IV
0.000446698669818036 1553.84192814593 1.98895910597874e-07 8.98080634263311e-10 no_error _Scenario_14_ 1100 1900 0 0.05 GF_Model_IV
0.000412517086170682 1535.69202235087 2.18255131504392e-07 3.99482201183011e-10 no_error _Scenario_14_ 1100 1900 0 0.05 GF_Model_IV
0.000432820908639049 1498.14855133301 4.15984245481484e-07 9.53500145938705e-10 no_error _Scenario_14_ 1100 1900 0 0.05 GF_Model_IV
0.000431647988782828 1575.84841560744 4.90070514169146e-07 3.9251356565203e-10 no_error _Scenario_14_ 1100 1900 0 0.05 GF_Model_IV
0.00043989890695489 1532.72634312396 3.74332968529132e-07 5.55620637912021e-10 no_error _Scenario_14_ 1100 1900 0 0.05 GF_Model_IV
0.00042278121597785 1496.10973793809 3.38799613672094e-07 6.98770896240626e-10 no_error _Scenario_14_ 1100 1900 0 0.05 GF_Model_IV
0.000418510258157784 1528.75026793924 1.37972629437194e-07 4.69058912534743e-10 no_error _Scenario_14_ 1100 1900 0 0.05 GF_Model_IV
0.000432838345234424 1525.54218149868 5.38715803516921e-07 7.60729800431889e-10 no_error _Scenario_14_ 1100 1900 0 0.05 GF_Model_IV
0.000432897820783396 1558.84484976422 2.26913831626315e-07 4.71371582766197e-10 no_error _Scenario_14_ 1100 1900 0 0.05 GF_Model_IV
0.000402879755870216 1490.51592277757 1.58707051914032e-07 4.81446958297015e-10 no_error _Scenario_14_ 1100 1900 0 0.05 GF_Model_IV
0.000420520058621834 1496.34246480237 2.49967237040037e-08 6.85385469435401e-10 no_error _Scenario_14_ 1100 1900 0 0.05 GF_Model_IV
0.000414849566259237 1462.65564622263 3.02141774935512e-07 7.96338062333687e-10 no_error _Scenario_14_ 1100 1900 0 0.05 GF_Model_IV
0.000416794563034281 1526.40182202788 1.75874523486337e-08 4.67672482174974e-10 no_error _Scenario_14_ 1100 1900 0 0.05 GF_Model_IV
0.000413468245393138 1539.7431905941 1.22755056843608e-07 5.38509768044887e-10 no_error _Scenario_14_ 1100 1900 0 0.05 GF_Model_IV
0.000435108118836796 1522.45669003015 1.05569889393438e-08 7.02127367390491e-10 no_error _Scenario_14_ 1100 1900 0 0.05 GF_Model_IV
0.000413220538297411 1529.76133607112 2.45051168974604e-07 4.67639168872007e-10 no_error _Scenario_14_ 1100 1900 0 0.05 GF_Model_IV
0.000417591819922335 1497.88831637295 2.51649869901736e-07 6.22225743078267e-10 no_error _Scenario_14_ 1100 1900 0 0.05 GF_Model_IV
0.000412526787721815 1542.65808747646 -1.23348974068821e-07 5.31626021695781e-10 no_error _Scenario_14_ 1100 1900 0 0.05 GF_Model_IV
0.000395944348742992 1491.94058505481 -1.44110737087802e-07 6.06927328856365e-10 no_error _Scenario_14_ 1100 1900 0 0.05 GF_Model_IV
0.000423830237837272 1509.90841250918 5.11147005944755e-07 5.56891325446944e-10 no_error _Scenario_14_ 1100 1900 0 0.05 GF_Model_IV
0.000428228180978377 1521.11540015859 1.67787925176704e-07 7.40054522614841e-10 no_error _Scenario_14_ 1100 1900 0 0.05 GF_Model_IV
0.000422268204628016 1508.93199764972 -1.07066736983373e-08 5.46873369676132e-10 no_error _Scenario_14_ 1100 1900 0 0.05 GF_Model_IV
0.000406590740059821 1498.05709218111 2.1604460371209e-07 5.80262441546065e-10 no_error _Scenario_14_ 1100 1900 0 0.05 GF_Model_IV
0.000389225296446539 1481.99691896398 5.57941613924132e-08 6.3939916445767e-10 no_error _Scenario_15_ 1000 2000 0 0.05 GF_Model_IV
0.000411884215848193 1534.78128114212 4.48667531664563e-07 7.16972320777896e-10 no_error _Scenario_15_ 1000 2000 0 0.05 GF_Model_IV
0.000433188952358167 1511.83677670666 9.29551384696506e-08 3.72708601813986e-10 no_error _Scenario_15_ 1000 2000 0 0.05 GF_Model_IV
0.000405047776492105 1509.12826341674 3.12586093244888e-07 5.03742165754858e-10 no_error _Scenario_15_ 1000 2000 0 0.05 GF_Model_IV
0.000413448409857445 1457.50330258011 2.62077179867325e-07 7.16273210862279e-10 no_error _Scenario_15_ 1000 2000 0 0.05 GF_Model_IV
0.000383811254754067 1561.35599221392 1.83157474238063e-07 4.84962937364332e-10 no_error _Scenario_15_ 1000 2000 0 0.05 GF_Model_IV
0.000398384483146635 1517.69810778531 3.97757826427952e-07 4.02127468634529e-10 no_error _Scenario_15_ 1000 2000 0 0.05 GF_Model_IV
0.000426287224115781 1488.75283899209 7.76974225178274e-08 4.80962264370214e-10 no_error _Scenario_15_ 1000 2000 0 0.05 GF_Model_IV
0.000415986575485512 1479.04282247057 6.26628832717963e-08 6.45932894131182e-10 no_error _Scenario_15_ 1000 2000 0 0.05 GF_Model_IV
0.000408813349839625 1494.44263637984 2.76888318621789e-07 7.0399061646566e-10 no_error _Scenario_15_ 1000 2000 0 0.05 GF_Model_IV
0.000427747224523533 1453.08390307221 -4.04760557950981e-08 8.03516372997558e-10 no_error _Scenario_15_ 1000 2000 0 0.05 GF_Model_IV
0.000385362091636131 1475.79639864897 -3.29808878188493e-08 9.28219507928249e-10 no_error _Scenario_15_ 1000 2000 0 0.05 GF_Model_IV
0.000394384916602324 1425.00025563125 -1.01007341758393e-07 6.13358955809901e-10 no_error _Scenario_15_ 1000 2000 0 0.05 GF_Model_IV
0.00042109739410321 1496.2965257514 6.35189525497832e-07 5.1395345529993e-10 no_error _Scenario_15_ 1000 2000 0 0.05 GF_Model_IV
0.000413349255033176 1487.03508218886 3.91166779121082e-08 7.97169315927283e-10 no_error _Scenario_15_ 1000 2000 0 0.05 GF_Model_IV
0.000407434855192279 1486.75836904963 5.29677821857962e-07 7.15931659543628e-10 no_error _Scenario_15_ 1000 2000 0 0.05 GF_Model_IV
0.000398436050374828 1479.63513909584 -1.92071677495104e-08 4.51860128048383e-10 no_error _Scenario_15_ 1000 2000 0 0.05 GF_Model_IV
0.00041250061555438 1515.01910538048 7.17293497836865e-08 5.19870285076204e-10 no_error _Scenario_15_ 1000 2000 0 0.05 GF_Model_IV
0.00041514778418998 1459.9940324106 5.6735806146776e-08 4.97894499749491e-10 no_error _Scenario_15_ 1000 2000 0 0.05 GF_Model_IV
0.00040832246536855 1489.59921471295 2.74551012751425e-07 5.75335494913912e-10 no_error _Scenario_15_ 1000 2000 0 0.05 GF_Model_IV
0.000393981516103197 1465.76045508375 2.0383120924602e-07 6.86541868081321e-10 no_error _Scenario_15_ 1000 2000 0 0.05 GF_Model_IV
0.000413926590526499 1525.85468341508 -1.36536745975921e-08 5.66187320699521e-10 no_error _Scenario_15_ 1000 2000 0 0.05 GF_Model_IV
0.000421524500412712 1495.55634915347 -7.64406333873153e-08 8.26875779448677e-10 no_error _Scenario_15_ 1000 2000 0 0.05 GF_Model_IV
0.000426041275972593 1482.20244218584 -2.55347545200403e-09 5.10360036111087e-10 no_error _Scenario_15_ 1000 2000 0 0.05 GF_Model_IV
0.000430501129232773 1523.28880777349 -3.48362146267513e-08 5.25186036857526e-10 no_error _Scenario_15_ 1000 2000 0 0.05 GF_Model_IV
0.000403519398709028 1470.62747990714 2.84547226841082e-07 6.73952730659041e-10 no_error _Scenario_15_ 1000 2000 0 0.05 GF_Model_IV
0.00043010026876291 1486.16715442258 7.11689750733012e-08 4.93288817934047e-10 no_error _Scenario_15_ 1000 2000 0 0.05 GF_Model_IV
0.000436682855688316 1513.30056124085 5.10318393477181e-07 6.12436751727486e-10 no_error _Scenario_15_ 1000 2000 0 0.05 GF_Model_IV
0.000435202869630658 1511.30784217267 3.01144362213245e-07 5.61676546027598e-10 no_error _Scenario_15_ 1000 2000 0 0.05 GF_Model_IV
0.000397994750036176 1540.94758585836 5.26512741034671e-07 6.05968351678828e-10 no_error _Scenario_15_ 1000 2000 0 0.05 GF_Model_IV
0.000422558840099242 1485.03233806699 2.50923682835268e-07 6.59494978667949e-10 no_error _Scenario_15_ 1000 2000 0 0.05 GF_Model_IV
0.000424444677753623 1510.05438810413 1.34349944204745e-07 6.36448805962429e-10 no_error _Scenario_15_ 1000 2000 0 0.05 GF_Model_IV
0.000438145236593748 1499.34471345872 1.15481147885935e-07 8.02760400477831e-10 no_error _Scenario_15_ 1000 2000 0 0.05 GF_Model_IV
0.000415723354760622 1467.66500994657 -7.04554315644745e-08 6.18108072148433e-10 no_error _Scenario_15_ 1000 2000 0 0.05 GF_Model_IV
0.000369439378380283 1444.94877276775 1.10193725040717e-07 6.0863494124518e-10 no_error _Scenario_15_ 1000 2000 0 0.05 GF_Model_IV
0.000424828087543336 1497.44127369806 3.87204349036868e-07 5.97639500355198e-10 no_error _Scenario_15_ 1000 2000 0 0.05 GF_Model_IV
0.00040134767331155 1511.98210466288 2.06171106298147e-07 6.3429339886849e-10 no_error _Scenario_15_ 1000 2000 0 0.05 GF_Model_IV
0.000415680099361131 1447.83390551837 1.04605903030191e-07 4.0675124118478e-10 no_error _Scenario_15_ 1000 2000 0 0.05 GF_Model_IV
0.000396223225829359 1496.15763410125 2.90101708269833e-07 4.72379334984664e-10 no_error _Scenario_15_ 1000 2000 0 0.05 GF_Model_IV
0.000435566425449236 1475.11716887384 1.4946887951316e-07 7.62461293346972e-10 no_error _Scenario_15_ 1000 2000 0 0.05 GF_Model_IV
0.000404305269709421 1454.77394955169 2.05349946202727e-07 6.63478172129925e-10 no_error _Scenario_15_ 1000 2000 0 0.05 GF_Model_IV
0.000411239767781713 1476.07385833628 2.9216457586041e-08 4.84357175847507e-10 no_error _Scenario_15_ 1000 2000 0 0.05 GF_Model_IV
0.00042272673473986 1498.0895858805 4.7907175202538e-07 5.754503387336e-10 no_error _Scenario_15_ 1000 2000 0 0.05 GF_Model_IV
0.000421213317966523 1552.83731439074 2.63696155136006e-07 5.31152616363215e-10 no_error _Scenario_15_ 1000 2000 0 0.05 GF_Model_IV
0.000418809710267474 1480.70071362822 2.90208262048016e-07 6.66912358326851e-10 no_error _Scenario_15_ 1000 2000 0 0.05 GF_Model_IV
0.000396494163325624 1494.17550357116 1.2599223137817e-07 7.86639370379059e-10 no_error _Scenario_15_ 1000 2000 0 0.05 GF_Model_IV
0.000411702188425403 1505.11974700246 7.6758598583311e-08 6.40064120302598e-10 no_error _Scenario_15_ 1000 2000 0 0.05 GF_Model_IV
0.000405099279853175 1529.57751210064 5.64157758040181e-07 5.61981656867013e-10 no_error _Scenario_15_ 1000 2000 0 0.05 GF_Model_IV
0.000433213161845556 1481.46669041844 1.2025456680719e-07 6.05615044037513e-10 no_error _Scenario_15_ 1000 2000 0 0.05 GF_Model_IV
0.000413521535212923 1514.66585695605 4.8207065015111e-07 6.57127575959652e-10 no_error _Scenario_15_ 1000 2000 0 0.05 GF_Model_IV
0.000412089250355789 1478.02273494132 4.72835259226255e-08 6.77359599222046e-10 no_error _Scenario_15_ 1000 2000 0 0.05 GF_Model_IV
0.000420150447614603 1500.83248790516 3.68884095604447e-07 6.59075357866008e-10 no_error _Scenario_15_ 1000 2000 0 0.05 GF_Model_IV
0.000373281909607087 1444.79276284362 2.37819188388833e-08 9.01225975305217e-10 no_error _Scenario_15_ 1000 2000 0 0.05 GF_Model_IV
0.000380916879972138 1470.91062948759 2.51505242750757e-07 4.59440020160021e-10 no_error _Scenario_15_ 1000 2000 0 0.05 GF_Model_IV
0.000427232396316538 1478.61042772566 3.90780460550759e-07 4.6581691074006e-10 no_error _Scenario_15_ 1000 2000 0 0.05 GF_Model_IV
0.000405880027820821 1491.99493789301 -1.61162970567509e-07 8.0898882519137e-10 no_error _Scenario_15_ 1000 2000 0 0.05 GF_Model_IV
0.000407012397896988 1513.47463725197 2.17901079321587e-07 6.11148079396379e-10 no_error _Scenario_15_ 1000 2000 0 0.05 GF_Model_IV
0.000412700571233671 1471.76705598794 -8.74113287180976e-08 4.67267067732189e-10 no_error _Scenario_15_ 1000 2000 0 0.05 GF_Model_IV
0.000403305616174985 1504.63414824852 2.16075552727637e-07 4.41914304719731e-10 no_error _Scenario_15_ 1000 2000 0 0.05 GF_Model_IV
0.000401067442583079 1464.36050309581 2.02667828829268e-07 5.89140219240045e-10 no_error _Scenario_15_ 1000 2000 0 0.05 GF_Model_IV
0.00041527345519241 1500.86873869928 1.85416165328367e-07 6.44869372708501e-10 no_error _Scenario_15_ 1000 2000 0 0.05 GF_Model_IV
0.000403191333259209 1530.73132148734 4.48472250748302e-07 4.46389907474326e-10 no_error _Scenario_15_ 1000 2000 0 0.05 GF_Model_IV
0.000423376070554809 1501.44767172755 -1.07689671941519e-07 5.03923459091916e-10 no_error _Scenario_15_ 1000 2000 0 0.05 GF_Model_IV
0.000420082422766778 1500.03890288314 -4.76372551747122e-08 5.82480067236988e-10 no_error _Scenario_15_ 1000 2000 0 0.05 GF_Model_IV
0.00040750677520486 1468.74542214832 1.71328479358374e-07 5.50314439596773e-10 no_error _Scenario_15_ 1000 2000 0 0.05 GF_Model_IV
0.0003969666115685 1529.69106132788 3.38765184927184e-07 3.15928485443465e-10 no_error _Scenario_15_ 1000 2000 0 0.05 GF_Model_IV
0.000395398168543346 1498.15186257276 1.96583472699402e-07 5.92775834427851e-10 no_error _Scenario_15_ 1000 2000 0 0.05 GF_Model_IV
0.000375508501629022 1435.36188533172 -1.11992698113757e-07 5.1629295539254e-10 no_error _Scenario_15_ 1000 2000 0 0.05 GF_Model_IV
0.000415084772967638 1480.58908305952 4.63973821781943e-08 6.09383073737967e-10 no_error _Scenario_15_ 1000 2000 0 0.05 GF_Model_IV
0.0004251376220718 1494.7341828624 2.59363118348794e-07 5.95390677799391e-10 no_error _Scenario_15_ 1000 2000 0 0.05 GF_Model_IV
0.000429337468134516 1507.12725342923 3.086520290026e-07 9.55985425121319e-10 no_error _Scenario_15_ 1000 2000 0 0.05 GF_Model_IV
0.000373633051530976 1465.10534026894 -3.52919535890185e-08 5.34653123402587e-10 no_error _Scenario_15_ 1000 2000 0 0.05 GF_Model_IV
0.000402465241340943 1477.2385974832 1.57228551924382e-07 5.30308520640971e-10 no_error _Scenario_15_ 1000 2000 0 0.05 GF_Model_IV
0.000405004605050118 1499.58563052442 3.22251615046225e-08 4.73769706943381e-10 no_error _Scenario_15_ 1000 2000 0 0.05 GF_Model_IV
0.000412180638212468 1528.36152427332 5.84168793489023e-08 5.2534353622736e-10 no_error _Scenario_15_ 1000 2000 0 0.05 GF_Model_IV
0.000431491402945162 1476.75172389485 1.24682789448648e-07 9.07851352291985e-10 no_error _Scenario_15_ 1000 2000 0 0.05 GF_Model_IV
0.000414472432219416 1506.58413962414 5.77601370567624e-07 8.31002200601225e-10 no_error _Scenario_15_ 1000 2000 0 0.05 GF_Model_IV
0.000412937507163024 1490.08641473991 5.47112447850622e-08 5.88075681661554e-10 no_error _Scenario_15_ 1000 2000 0 0.05 GF_Model_IV
0.000407817220421227 1486.19092955067 1.91759651615799e-07 6.65248931828381e-10 no_error _Scenario_15_ 1000 2000 0 0.05 GF_Model_IV
0.000389756315039849 1488.38290366193 3.37531494939833e-08 5.18674055169459e-10 no_error _Scenario_15_ 1000 2000 0 0.05 GF_Model_IV
0.00040251256385146 1476.38193930983 1.57338684584043e-07 5.77106884948365e-10 no_error _Scenario_15_ 1000 2000 0 0.05 GF_Model_IV
0.000409805619627959 1467.31571016068 2.80152866789728e-07 6.49180880305965e-10 no_error _Scenario_15_ 1000 2000 0 0.05 GF_Model_IV
0.000398037733437098 1534.62986366667 4.34427858455105e-07 6.55750296666108e-10 no_error _Scenario_15_ 1000 2000 0 0.05 GF_Model_IV
0.000415838581926146 1511.7712560249 5.72600750466546e-07 4.81532363345831e-10 no_error _Scenario_15_ 1000 2000 0 0.05 GF_Model_IV
0.000400870887213477 1533.42694540308 3.21830356698583e-07 4.98232957831782e-10 no_error _Scenario_15_ 1000 2000 0 0.05 GF_Model_IV
0.000417261144980201 1522.67913377182 -1.7604185773571e-08 5.74847063200455e-10 no_error _Scenario_15_ 1000 2000 0 0.05 GF_Model_IV
0.000424051243442574 1497.92503957109 2.55646950669113e-07 4.32556963589788e-10 no_error _Scenario_15_ 1000 2000 0 0.05 GF_Model_IV
0.000404837723578274 1470.67594919449 1.49751591049925e-07 4.47274920849462e-10 no_error _Scenario_15_ 1000 2000 0 0.05 GF_Model_IV
0.000403932819998353 1458.34409506423 -4.03555221127136e-08 6.86812522222676e-10 no_error _Scenario_15_ 1000 2000 0 0.05 GF_Model_IV
0.000418148002381981 1476.13805614076 2.59204662443453e-07 5.88302970038644e-10 no_error _Scenario_15_ 1000 2000 0 0.05 GF_Model_IV
0.000385436596771455 1496.6233233863 -1.22104740269195e-07 4.86454898722383e-10 no_error _Scenario_15_ 1000 2000 0 0.05 GF_Model_IV
0.000416196529870986 1521.54589302614 1.87433108385831e-07 4.00506899921739e-10 no_error _Scenario_15_ 1000 2000 0 0.05 GF_Model_IV
0.000396549382776387 1502.77839613764 9.22706273238453e-08 1.02164245579612e-09 no_error _Scenario_15_ 1000 2000 0 0.05 GF_Model_IV
0.000424199249745459 1526.14995368668 -3.60863004410597e-07 4.44315323864063e-10 no_error _Scenario_15_ 1000 2000 0 0.05 GF_Model_IV
0.000419083703253155 1457.67009842885 -1.78455103097514e-07 5.92619469661267e-10 no_error _Scenario_15_ 1000 2000 0 0.05 GF_Model_IV
0.000414949426216998 1491.00930709453 2.71398710083942e-07 6.81255190878566e-10 no_error _Scenario_15_ 1000 2000 0 0.05 GF_Model_IV
0.000412376098590293 1497.19437985838 1.06587540718272e-07 5.22098149418653e-10 no_error _Scenario_15_ 1000 2000 0 0.05 GF_Model_IV
0.000401515743893047 1510.26170763073 4.19455136006344e-07 5.34139039112095e-10 no_error _Scenario_15_ 1000 2000 0 0.05 GF_Model_IV
0.000406801356644998 1473.50240577263 -4.39744151221683e-08 4.50801464421861e-10 no_error _Scenario_15_ 1000 2000 0 0.05 GF_Model_IV
0.000389149114551782 1500.66118871128 1.09538940930866e-07 6.76611032906874e-10 no_error _Scenario_15_ 1000 2000 0 0.05 GF_Model_IV
0.000382608120723827 1431.58929177707 3.88910252812822e-07 9.64652760521353e-10 no_error _Scenario_16_ 750 2250 0 0.05 GF_Model_IV
0.000392696672314347 1432.44485215041 1.59937442234912e-07 7.61962253106893e-10 no_error _Scenario_16_ 750 2250 0 0.05 GF_Model_IV
0.000393240342418072 1438.18577746365 1.82856185314683e-07 1.33933085826641e-09 no_error _Scenario_16_ 750 2250 0 0.05 GF_Model_IV
0.000379886578065975 1437.80337849795 5.61139971022275e-07 8.0384800362262e-10 no_error _Scenario_16_ 750 2250 0 0.05 GF_Model_IV
0.000406559925952328 1472.75630429387 3.25617828299456e-07 6.29085769483104e-10 no_error _Scenario_16_ 750 2250 0 0.05 GF_Model_IV
0.000385091176553287 1468.19166489397 1.7013438801598e-07 8.71212981007279e-10 no_error _Scenario_16_ 750 2250 0 0.05 GF_Model_IV
0.00037910319268983 1439.97868730277 3.28337385489123e-07 6.09289790698411e-10 no_error _Scenario_16_ 750 2250 0 0.05 GF_Model_IV
0.000405215956126145 1446.69218286196 3.57084860484572e-07 9.76171050377089e-10 no_error _Scenario_16_ 750 2250 0 0.05 GF_Model_IV
0.000415554356671283 1460.56516222047 1.5431470824162e-07 4.85692439028921e-10 no_error _Scenario_16_ 750 2250 0 0.05 GF_Model_IV
0.000390255937680649 1476.88457827853 4.26652738263451e-07 9.08460692783752e-10 no_error _Scenario_16_ 750 2250 0 0.05 GF_Model_IV
0.000392255070811996 1439.4555388639 6.46485868889125e-07 1.30735676254506e-09 no_error _Scenario_16_ 750 2250 0 0.05 GF_Model_IV
0.000404308133812272 1440.77368534441 4.0660343834077e-07 7.81009188228422e-10 no_error _Scenario_16_ 750 2250 0 0.05 GF_Model_IV
0.000408844322060637 1391.95988867153 2.63951782341088e-07 8.93825217857962e-10 no_error _Scenario_16_ 750 2250 0 0.05 GF_Model_IV
0.000408646217048389 1430.30588564336 1.0559689135614e-07 9.23943705609028e-10 no_error _Scenario_16_ 750 2250 0 0.05 GF_Model_IV
0.000412460730337018 1494.77596487162 5.8949444690917e-07 7.04888840501307e-10 no_error _Scenario_16_ 750 2250 0 0.05 GF_Model_IV
0.000409148721332106 1410.39847882904 3.14189924761897e-07 1.62427853248114e-09 no_error _Scenario_16_ 750 2250 0 0.05 GF_Model_IV
0.000393186162643978 1418.05143664788 2.34689884171666e-07 1.13393270719583e-09 no_error _Scenario_16_ 750 2250 0 0.05 GF_Model_IV
0.000371157707553368 1455.55049319456 4.59023539502576e-07 5.92873623470052e-10 no_error _Scenario_16_ 750 2250 0 0.05 GF_Model_IV
0.000418302146031554 1465.74129624216 1.2601686372143e-07 9.40840815060296e-10 no_error _Scenario_16_ 750 2250 0 0.05 GF_Model_IV
0.000384555388485435 1424.06782003718 4.04587100550943e-07 6.00138190898834e-10 no_error _Scenario_16_ 750 2250 0 0.05 GF_Model_IV
0.000414829750798782 1503.62680555975 1.08547435400176e-07 1.07548522029884e-09 no_error _Scenario_16_ 750 2250 0 0.05 GF_Model_IV
0.000381285568413127 1451.15050101094 3.60380433038779e-07 9.90802857272499e-10 no_error _Scenario_16_ 750 2250 0 0.05 GF_Model_IV
0.00040506175382961 1480.7725637139 4.36475899869167e-07 5.38061989566285e-10 no_error _Scenario_16_ 750 2250 0 0.05 GF_Model_IV
0.00037252942545631 1410.35773945961 4.01347252230845e-07 1.15974745301501e-09 no_error _Scenario_16_ 750 2250 0 0.05 GF_Model_IV
0.000445502679584433 1488.2305875765 6.48824962719901e-07 1.06655431910564e-09 no_error _Scenario_16_ 750 2250 0 0.05 GF_Model_IV
0.000377543377150182 1437.83939395346 3.79007832391786e-07 7.97484078730588e-10 no_error _Scenario_16_ 750 2250 0 0.05 GF_Model_IV
0.000382757497437922 1475.13277315801 3.89303671144692e-07 8.32650646762192e-10 no_error _Scenario_16_ 750 2250 0 0.05 GF_Model_IV
0.000403572017647953 1444.80295395103 5.81714726527773e-07 1.08313486630585e-09 no_error _Scenario_16_ 750 2250 0 0.05 GF_Model_IV
0.000392345440782287 1449.42645564576 4.00063362690413e-07 8.5269443345768e-10 no_error _Scenario_16_ 750 2250 0 0.05 GF_Model_IV
0.00041749616031803 1444.00443831604 4.70210171783883e-07 7.52819782268696e-10 no_error _Scenario_16_ 750 2250 0 0.05 GF_Model_IV
0.000377752203443089 1411.73602618054 1.9557989074336e-07 9.62743884669506e-10 no_error _Scenario_16_ 750 2250 0 0.05 GF_Model_IV
0.000413275995156581 1445.54814417678 5.31827778683342e-07 6.05348869167882e-10 no_error _Scenario_16_ 750 2250 0 0.05 GF_Model_IV
0.000393054027127201 1474.11769908643 3.88047776274735e-07 5.98578646157888e-10 no_error _Scenario_16_ 750 2250 0 0.05 GF_Model_IV
0.00040534734911113 1402.42562321217 5.18534333785852e-07 8.44831076473567e-10 no_error _Scenario_16_ 750 2250 0 0.05 GF_Model_IV
0.000397067511153734 1475.29428319877 5.59241550460234e-07 6.15841314261676e-10 no_error _Scenario_16_ 750 2250 0 0.05 GF_Model_IV
0.000399643337577814 1452.24070107414 3.37964957719798e-07 9.51179916863215e-10 no_error _Scenario_16_ 750 2250 0 0.05 GF_Model_IV
0.000432214311084393 1475.62703019763 3.80616266758242e-07 6.45177335903314e-10 no_error _Scenario_16_ 750 2250 0 0.05 GF_Model_IV
0.000400729244996388 1444.45790078869 7.28422423242827e-08 1.23755547432556e-09 no_error _Scenario_16_ 750 2250 0 0.05 GF_Model_IV
0.000404475586595845 1453.02780348824 1.42159317770078e-07 7.93570812117964e-10 no_error _Scenario_16_ 750 2250 0 0.05 GF_Model_IV
0.000397478031480099 1410.42913612934 2.85713390831607e-07 8.56102007448502e-10 no_error _Scenario_16_ 750 2250 0 0.05 GF_Model_IV
0.000403254973862309 1453.54709925072 8.04158689774596e-08 7.51961359115382e-10 no_error _Scenario_16_ 750 2250 0 0.05 GF_Model_IV
0.000410556509494792 1455.31781276676 5.42402412095256e-07 1.08907923216778e-09 no_error _Scenario_16_ 750 2250 0 0.05 GF_Model_IV
0.000428590506919196 1431.06516871764 1.5252197100905e-07 9.01890825969679e-10 no_error _Scenario_16_ 750 2250 0 0.05 GF_Model_IV
0.000389662497597784 1474.88450811046 4.50670150484281e-07 8.61185499828626e-10 no_error _Scenario_16_ 750 2250 0 0.05 GF_Model_IV
0.000407123794479296 1499.27072399315 4.25444105602635e-07 8.40372732362887e-10 no_error _Scenario_16_ 750 2250 0 0.05 GF_Model_IV
0.000416953686581041 1463.8677287129 2.96462313561101e-07 1.12435807449613e-09 no_error _Scenario_16_ 750 2250 0 0.05 GF_Model_IV
0.000414623623178221 1441.58670892004 5.0779903426587e-07 7.31207562877498e-10 no_error _Scenario_16_ 750 2250 0 0.05 GF_Model_IV
0.000398812497059101 1493.29661197028 7.55822701185443e-07 1.2509681306754e-09 no_error _Scenario_16_ 750 2250 0 0.05 GF_Model_IV
0.000394742699968961 1504.31105083577 2.55144865593525e-07 5.94788813024227e-10 no_error _Scenario_16_ 750 2250 0 0.05 GF_Model_IV
0.000426141346664545 1461.85172127083 2.39220642992048e-07 8.75437617587311e-10 no_error _Scenario_16_ 750 2250 0 0.05 GF_Model_IV
0.000405920125176588 1403.25650516691 2.09894971526366e-07 1.00039056020729e-09 no_error _Scenario_16_ 750 2250 0 0.05 GF_Model_IV
0.000398962283227255 1479.82465359743 4.72652489379487e-07 6.51795270407593e-10 no_error _Scenario_16_ 750 2250 0 0.05 GF_Model_IV
0.000408466616929601 1449.4975539009 3.1366988754892e-07 8.27708875199768e-10 no_error _Scenario_16_ 750 2250 0 0.05 GF_Model_IV
0.000419110863562567 1458.91110866963 2.57849268921907e-07 5.60629510701813e-10 no_error _Scenario_16_ 750 2250 0 0.05 GF_Model_IV
0.000404134053279689 1460.49580965187 4.98031383843917e-07 5.98061166439502e-10 no_error _Scenario_16_ 750 2250 0 0.05 GF_Model_IV
0.00039033865579902 1458.68603913766 -1.88667870069058e-07 6.87699274300611e-10 no_error _Scenario_16_ 750 2250 0 0.05 GF_Model_IV
0.000404681857151211 1475.86459798839 5.08401186160725e-07 1.09126258353099e-09 no_error _Scenario_16_ 750 2250 0 0.05 GF_Model_IV
0.000378687033154003 1455.56884319663 4.55680492389698e-07 9.12228533069589e-10 no_error _Scenario_16_ 750 2250 0 0.05 GF_Model_IV
0.000388765278259043 1407.46807193938 -8.32428734660772e-08 6.40105417498347e-10 no_error _Scenario_16_ 750 2250 0 0.05 GF_Model_IV
0.000406242760000098 1416.79794417354 4.08779620433412e-07 1.295604839732e-09 no_error _Scenario_16_ 750 2250 0 0.05 GF_Model_IV
0.000414028910165951 1425.16249203183 5.29562482457767e-07 1.00628231373721e-09 no_error _Scenario_16_ 750 2250 0 0.05 GF_Model_IV
0.000393698470559075 1468.39355342317 4.92012719118949e-07 8.56614232005436e-10 no_error _Scenario_16_ 750 2250 0 0.05 GF_Model_IV
0.000428235577591325 1505.18129719949 4.34770547940657e-08 5.96661130505564e-10 no_error _Scenario_16_ 750 2250 0 0.05 GF_Model_IV
0.000391426286251139 1425.13648274631 2.55582932795741e-07 8.39364648973829e-10 no_error _Scenario_16_ 750 2250 0 0.05 GF_Model_IV
0.000406982696663267 1479.6356115555 4.2030843039949e-07 5.69390638966243e-10 no_error _Scenario_16_ 750 2250 0 0.05 GF_Model_IV
0.000405621119455375 1416.16844353737 3.25079056491556e-07 4.43562947241224e-10 no_error _Scenario_16_ 750 2250 0 0.05 GF_Model_IV
0.000397379109211681 1453.51951775951 3.31223077023426e-07 9.55793205022786e-10 no_error _Scenario_16_ 750 2250 0 0.05 GF_Model_IV
0.000375210549079486 1433.19793731842 6.06836536475193e-07 6.939696913937e-10 no_error _Scenario_16_ 750 2250 0 0.05 GF_Model_IV
0.000428285191438298 1425.3724705204 4.32488635152034e-07 8.46484829341583e-10 no_error _Scenario_16_ 750 2250 0 0.05 GF_Model_IV
0.000399942796178945 1451.79832384277 5.79574070947052e-07 7.7945107172479e-10 no_error _Scenario_16_ 750 2250 0 0.05 GF_Model_IV
0.000390074925268612 1446.04876816532 8.15264367234867e-07 7.61003009271469e-10 no_error _Scenario_16_ 750 2250 0 0.05 GF_Model_IV
0.000397761019891687 1453.22006390325 2.43101209368209e-07 1.04906901103287e-09 no_error _Scenario_16_ 750 2250 0 0.05 GF_Model_IV
0.000395590108341268 1438.87718827599 4.1835857238879e-07 7.53868696705334e-10 no_error _Scenario_16_ 750 2250 0 0.05 GF_Model_IV
0.000410628032481096 1435.54863701799 3.10150854954214e-07 6.52470708488891e-10 no_error _Scenario_16_ 750 2250 0 0.05 GF_Model_IV
0.000416424076390427 1452.23305082477 9.28944413575641e-07 1.44389178779306e-09 no_error _Scenario_16_ 750 2250 0 0.05 GF_Model_IV
0.000394169599325541 1471.31031198152 4.01913284371856e-07 1.04417562862589e-09 no_error _Scenario_16_ 750 2250 0 0.05 GF_Model_IV
0.00040490656903794 1464.09120335994 3.00674712909415e-07 9.29056629115165e-10 no_error _Scenario_16_ 750 2250 0 0.05 GF_Model_IV
0.00041186240523089 1422.97428390474 4.57859240522226e-07 1.33446893803182e-09 no_error _Scenario_16_ 750 2250 0 0.05 GF_Model_IV
0.000404946056567309 1444.94096109394 1.22500507045939e-07 7.83926977700106e-10 no_error _Scenario_16_ 750 2250 0 0.05 GF_Model_IV
0.000404774598228337 1436.48361449566 2.2895552463126e-07 8.79922927934071e-10 no_error _Scenario_16_ 750 2250 0 0.05 GF_Model_IV
0.000387072123490536 1448.10799265818 2.33859736054e-07 5.17178035240843e-10 no_error _Scenario_16_ 750 2250 0 0.05 GF_Model_IV
0.000412182679481399 1458.37217014453 4.00033209949958e-07 6.12273979656662e-10 no_error _Scenario_16_ 750 2250 0 0.05 GF_Model_IV
0.00039934272154586 1441.95376279928 1.00704161434185e-07 5.71493104224713e-10 no_error _Scenario_16_ 750 2250 0 0.05 GF_Model_IV
0.000371156452506706 1488.03730383635 1.74794254546476e-07 6.77590565954225e-10 no_error _Scenario_16_ 750 2250 0 0.05 GF_Model_IV
0.000404724214409745 1429.87159961586 4.09692036069262e-07 8.95825263945401e-10 no_error _Scenario_16_ 750 2250 0 0.05 GF_Model_IV
0.000410115678848101 1494.60677800756 3.78248562697891e-07 6.36140650472665e-10 no_error _Scenario_16_ 750 2250 0 0.05 GF_Model_IV
0.00040953306914994 1446.74437532022 1.97532170986214e-07 7.65328387113743e-10 no_error _Scenario_16_ 750 2250 0 0.05 GF_Model_IV
0.000411788085930834 1496.9688772501 6.0443905168928e-07 7.79435916766719e-10 no_error _Scenario_16_ 750 2250 0 0.05 GF_Model_IV
0.000392377013047216 1418.22760412224 3.62617695465421e-07 1.26839187059047e-09 no_error _Scenario_16_ 750 2250 0 0.05 GF_Model_IV
0.000370973288127649 1441.33488786588 2.49115099779401e-07 7.46673623684888e-10 no_error _Scenario_16_ 750 2250 0 0.05 GF_Model_IV
0.000403345089100752 1458.38940426051 4.41711274580805e-07 9.87907463815898e-10 no_error _Scenario_16_ 750 2250 0 0.05 GF_Model_IV
0.000391075925034104 1481.14302321403 3.27016940937807e-07 6.13432339798023e-10 no_error _Scenario_16_ 750 2250 0 0.05 GF_Model_IV
0.00040138861804003 1423.80752098308 4.26877589610238e-08 7.06819260204083e-10 no_error _Scenario_16_ 750 2250 0 0.05 GF_Model_IV
0.000386938388717751 1496.8198385526 4.25872122710944e-07 6.65837576809028e-10 no_error _Scenario_16_ 750 2250 0 0.05 GF_Model_IV
0.000389673489997694 1443.03374176597 4.50422357409985e-07 9.32320288596213e-10 no_error _Scenario_16_ 750 2250 0 0.05 GF_Model_IV
0.00040845954644473 1410.96856272488 4.53904312713816e-07 1.21125069835573e-09 no_error _Scenario_16_ 750 2250 0 0.05 GF_Model_IV
0.00038908854922732 1433.43081824222 5.62107593957348e-07 6.93946603163795e-10 no_error _Scenario_16_ 750 2250 0 0.05 GF_Model_IV
0.000384367431041613 1414.22429850725 2.98481656389406e-07 1.13061766046981e-09 no_error _Scenario_16_ 750 2250 0 0.05 GF_Model_IV
0.000399006031675318 1462.34357595735 6.18208705686938e-07 7.53330490313102e-10 no_error _Scenario_16_ 750 2250 0 0.05 GF_Model_IV
0.000390926257351991 1445.21804438119 3.67017824209687e-07 6.59942937555362e-10 no_error _Scenario_16_ 750 2250 0 0.05 GF_Model_IV
