0.0112850356534945 489.55925151663 0.0144906650520497 5.64606744401689e-05 no_error _Recombination_Map_and_Complex_Demographies_Scenario_1_ 1500 1501 0 0.02 GF_Model_IV
0.0142537188294962 615.640167728093 0.00275961088629483 8.96788316098326e-05 no_error _Recombination_Map_and_Complex_Demographies_Scenario_1_ 1500 1501 0 0.02 GF_Model_IV
0.0131887844861253 577.344286577398 0.000999500078195816 6.854453820511e-05 no_error _Recombination_Map_and_Complex_Demographies_Scenario_1_ 1500 1501 0 0.02 GF_Model_IV
0.011641521405217 552.882762703052 0.00517755078151793 7.69998023447497e-05 no_error _Recombination_Map_and_Complex_Demographies_Scenario_1_ 1500 1501 0 0.02 GF_Model_IV
0.0135684376372673 426.217604134599 0.0036860176672255 0.00012409431656392 no_error _Recombination_Map_and_Complex_Demographies_Scenario_1_ 1500 1501 0 0.02 GF_Model_IV
0.0118392465812208 472.485995745788 0.00540016031308631 0.000113699737164439 no_error _Recombination_Map_and_Complex_Demographies_Scenario_1_ 1500 1501 0 0.02 GF_Model_IV
0.0135127755848687 623.544005980125 0.00499035165073069 8.02326050831338e-05 no_error _Recombination_Map_and_Complex_Demographies_Scenario_1_ 1500 1501 0 0.02 GF_Model_IV
0.0107253483363684 596.038492272641 0.00133806175586263 4.11441064627239e-05 no_error _Recombination_Map_and_Complex_Demographies_Scenario_1_ 1500 1501 0 0.02 GF_Model_IV
0.0127223212131337 413.869152153034 0.0113693210171417 7.01002521013533e-05 no_error _Recombination_Map_and_Complex_Demographies_Scenario_1_ 1500 1501 0 0.02 GF_Model_IV
0.0122463856001273 516.099912792744 0.00499281101900347 8.51825155131641e-05 no_error _Recombination_Map_and_Complex_Demographies_Scenario_1_ 1500 1501 0 0.02 GF_Model_IV
0.0133529341429373 658.974301549195 0.00154093379891827 8.0192726750889e-05 no_error _Recombination_Map_and_Complex_Demographies_Scenario_1_ 1500 1501 0 0.02 GF_Model_IV
0.0115815491442137 663.089801774951 0.00103180669936446 4.02739941582946e-05 no_error _Recombination_Map_and_Complex_Demographies_Scenario_1_ 1500 1501 0 0.02 GF_Model_IV
0.0134330807795016 612.560447161611 0.0030073752104837 5.57333924197015e-05 no_error _Recombination_Map_and_Complex_Demographies_Scenario_1_ 1500 1501 0 0.02 GF_Model_IV
0.0116152377976575 527.329286890993 0.00973890641226205 6.63725005061686e-05 no_error _Recombination_Map_and_Complex_Demographies_Scenario_1_ 1500 1501 0 0.02 GF_Model_IV
0.0126589774488725 267.826523325603 0.0191787108891329 0.000134664138615504 no_error _Recombination_Map_and_Complex_Demographies_Scenario_1_ 1500 1501 0 0.02 GF_Model_IV
0.0124012594361848 461.976053566403 0.00768931290215194 7.08595565699176e-05 no_error _Recombination_Map_and_Complex_Demographies_Scenario_1_ 1500 1501 0 0.02 GF_Model_IV
0.012337542548039 544.313978169864 0.000926146907158478 6.48378117454826e-05 no_error _Recombination_Map_and_Complex_Demographies_Scenario_1_ 1500 1501 0 0.02 GF_Model_IV
0.0121326673767315 693.899020604819 0.000981160467629989 4.48454680017373e-05 no_error _Recombination_Map_and_Complex_Demographies_Scenario_1_ 1500 1501 0 0.02 GF_Model_IV
0.0115821763271082 441.890694073537 0.00445570003927636 7.96283593289086e-05 no_error _Recombination_Map_and_Complex_Demographies_Scenario_1_ 1500 1501 0 0.02 GF_Model_IV
0.0119990744285869 536.83512580966 0.00570232243911089 2.45518570611634e-05 no_error _Recombination_Map_and_Complex_Demographies_Scenario_1_ 1500 1501 0 0.02 GF_Model_IV
0.0122044735135687 678.19102375685 0.00133818890528107 6.64339683150192e-05 no_error _Recombination_Map_and_Complex_Demographies_Scenario_1_ 1500 1501 0 0.02 GF_Model_IV
0.0134852911112105 549.484238734913 0.00143722220751409 5.37783452802216e-05 no_error _Recombination_Map_and_Complex_Demographies_Scenario_1_ 1500 1501 0 0.02 GF_Model_IV
0.0102678263209626 583.280760108347 0.00668066076161614 5.85337240735463e-05 no_error _Recombination_Map_and_Complex_Demographies_Scenario_1_ 1500 1501 0 0.02 GF_Model_IV
0.0121002447351705 509.616932613859 0.00757490813466234 7.42980066019402e-05 no_error _Recombination_Map_and_Complex_Demographies_Scenario_1_ 1500 1501 0 0.02 GF_Model_IV
0.0122301442816546 551.537668315899 0.00399484704714167 9.67806584760631e-05 no_error _Recombination_Map_and_Complex_Demographies_Scenario_1_ 1500 1501 0 0.02 GF_Model_IV
0.0113774840609453 575.731510584522 0.00423015259388138 6.22875484504509e-05 no_error _Recombination_Map_and_Complex_Demographies_Scenario_1_ 1500 1501 0 0.02 GF_Model_IV
0.0130828138855388 611.776228822237 0.00159876476803146 6.79585671435832e-05 no_error _Recombination_Map_and_Complex_Demographies_Scenario_1_ 1500 1501 0 0.02 GF_Model_IV
0.0128657807097989 582.591326319097 0.00172874300686497 4.52570566051307e-05 no_error _Recombination_Map_and_Complex_Demographies_Scenario_1_ 1500 1501 0 0.02 GF_Model_IV
0.0141205588105751 596.865195241623 0.00253281614612957 5.5797235517271e-05 no_error _Recombination_Map_and_Complex_Demographies_Scenario_1_ 1500 1501 0 0.02 GF_Model_IV
0.0113942479416746 552.093910613267 0.00718614518681184 4.56938938859381e-05 no_error _Recombination_Map_and_Complex_Demographies_Scenario_1_ 1500 1501 0 0.02 GF_Model_IV
0.013649473735793 591.077139992282 0.00418967077082228 5.18095701390795e-05 no_error _Recombination_Map_and_Complex_Demographies_Scenario_1_ 1500 1501 0 0.02 GF_Model_IV
0.0126287428268128 554.871253025679 0.00722429180571818 2.45818804583305e-05 no_error _Recombination_Map_and_Complex_Demographies_Scenario_1_ 1500 1501 0 0.02 GF_Model_IV
0.0133040431715983 649.239637266807 0.00216696568710554 5.67465670563397e-05 no_error _Recombination_Map_and_Complex_Demographies_Scenario_1_ 1500 1501 0 0.02 GF_Model_IV
0.0111742892748309 579.982552582362 0.00512028726687593 4.58846482861025e-05 no_error _Recombination_Map_and_Complex_Demographies_Scenario_1_ 1500 1501 0 0.02 GF_Model_IV
0.0128623566379097 602.299874607825 0.00450128790999176 4.94627539016244e-05 no_error _Recombination_Map_and_Complex_Demographies_Scenario_1_ 1500 1501 0 0.02 GF_Model_IV
0.0119458361204486 521.738013838691 0.00441971266757879 2.89620974762536e-05 no_error _Recombination_Map_and_Complex_Demographies_Scenario_1_ 1500 1501 0 0.02 GF_Model_IV
0.0121194264147905 522.294047169236 0.00665936330541857 6.0267796460452e-05 no_error _Recombination_Map_and_Complex_Demographies_Scenario_1_ 1500 1501 0 0.02 GF_Model_IV
0.0135217392152309 623.213193634858 0.00443977614541116 5.66104775284465e-05 no_error _Recombination_Map_and_Complex_Demographies_Scenario_1_ 1500 1501 0 0.02 GF_Model_IV
0.0118473838626143 506.227487469628 0.00551291197717443 7.66276013984295e-05 no_error _Recombination_Map_and_Complex_Demographies_Scenario_1_ 1500 1501 0 0.02 GF_Model_IV
0.0123386417369498 607.229961459143 0.00415151368597165 5.95683338714321e-05 no_error _Recombination_Map_and_Complex_Demographies_Scenario_1_ 1500 1501 0 0.02 GF_Model_IV
0.0125867649419053 639.493063997355 0.00105242108126303 4.34274012593011e-05 no_error _Recombination_Map_and_Complex_Demographies_Scenario_1_ 1500 1501 0 0.02 GF_Model_IV
0.00958441280318963 531.587879184516 0.0107776763051286 5.20640689504776e-05 no_error _Recombination_Map_and_Complex_Demographies_Scenario_1_ 1500 1501 0 0.02 GF_Model_IV
0.0128160972802723 533.6644097028 0.00219989056104572 6.74775995554171e-05 no_error _Recombination_Map_and_Complex_Demographies_Scenario_1_ 1500 1501 0 0.02 GF_Model_IV
0.0133656225080269 629.012538348491 0.00296292386305446 7.25779428823617e-05 no_error _Recombination_Map_and_Complex_Demographies_Scenario_1_ 1500 1501 0 0.02 GF_Model_IV
0.0131154148175388 575.999489913351 0.00406550046106955 3.69252734288488e-05 no_error _Recombination_Map_and_Complex_Demographies_Scenario_1_ 1500 1501 0 0.02 GF_Model_IV
0.0128902592497004 614.149860831782 0.00267261561695771 5.09420386213955e-05 no_error _Recombination_Map_and_Complex_Demographies_Scenario_1_ 1500 1501 0 0.02 GF_Model_IV
0.00872736056046058 440.523112090304 0.0161387069502132 4.77382650505377e-05 no_error _Recombination_Map_and_Complex_Demographies_Scenario_1_ 1500 1501 0 0.02 GF_Model_IV
0.0138691422302042 392.164483559905 0.0145460679546725 0.000133174361779322 no_error _Recombination_Map_and_Complex_Demographies_Scenario_1_ 1500 1501 0 0.02 GF_Model_IV
0.0120090452902594 680.719315488032 0.00210833964978135 4.22189814647367e-05 no_error _Recombination_Map_and_Complex_Demographies_Scenario_1_ 1500 1501 0 0.02 GF_Model_IV
0.0125828133876014 628.668772212897 0.00115719561527335 5.87648368272267e-05 no_error _Recombination_Map_and_Complex_Demographies_Scenario_1_ 1500 1501 0 0.02 GF_Model_IV
0.0123109360781347 667.007133553425 0.00111773445548732 6.1911341288301e-05 no_error _Recombination_Map_and_Complex_Demographies_Scenario_1_ 1500 1501 0 0.02 GF_Model_IV
0.0117974632460316 517.518542194981 0.00654932617732111 3.72934866771727e-05 no_error _Recombination_Map_and_Complex_Demographies_Scenario_1_ 1500 1501 0 0.02 GF_Model_IV
0.0125194688346801 624.82587299329 0.00105349478058915 3.97136258978032e-05 no_error _Recombination_Map_and_Complex_Demographies_Scenario_1_ 1500 1501 0 0.02 GF_Model_IV
0.012208599734673 570.659728637766 0.00143162145131306 5.09563790699223e-05 no_error _Recombination_Map_and_Complex_Demographies_Scenario_1_ 1500 1501 0 0.02 GF_Model_IV
0.0116442761214902 576.952679681127 0.00109148277633894 6.98565121848736e-05 no_error _Recombination_Map_and_Complex_Demographies_Scenario_1_ 1500 1501 0 0.02 GF_Model_IV
0.0116275103853207 571.353336153985 0.0028899473779911 6.40374705675849e-05 no_error _Recombination_Map_and_Complex_Demographies_Scenario_1_ 1500 1501 0 0.02 GF_Model_IV
0.0107766148442137 641.238385152815 0.00172212595482853 4.69719655066915e-05 no_error _Recombination_Map_and_Complex_Demographies_Scenario_1_ 1500 1501 0 0.02 GF_Model_IV
0.0107643801540168 609.744339816717 0.0029161528050553 5.25524323958318e-05 no_error _Recombination_Map_and_Complex_Demographies_Scenario_1_ 1500 1501 0 0.02 GF_Model_IV
0.0118120655669858 576.097645051995 0.00274560800987166 3.28349653776916e-05 no_error _Recombination_Map_and_Complex_Demographies_Scenario_1_ 1500 1501 0 0.02 GF_Model_IV
0.0107927279203122 592.172285703967 0.00111452048341187 4.25719985282952e-05 no_error _Recombination_Map_and_Complex_Demographies_Scenario_1_ 1500 1501 0 0.02 GF_Model_IV
0.0118617898238921 392.900781615577 0.0106671789791748 7.98969437900203e-05 no_error _Recombination_Map_and_Complex_Demographies_Scenario_1_ 1500 1501 0 0.02 GF_Model_IV
0.0123304785443208 560.424313510942 0.00455112223425663 8.8693750817388e-05 no_error _Recombination_Map_and_Complex_Demographies_Scenario_1_ 1500 1501 0 0.02 GF_Model_IV
0.0125377254902517 592.981254846644 0.0021892377308173 7.34123858311154e-05 no_error _Recombination_Map_and_Complex_Demographies_Scenario_1_ 1500 1501 0 0.02 GF_Model_IV
0.0138981218877146 620.75783429649 0.00124107082318518 8.22562494307861e-05 no_error _Recombination_Map_and_Complex_Demographies_Scenario_1_ 1500 1501 0 0.02 GF_Model_IV
0.0128373165670122 501.970651825154 0.0020779265546984 0.000107118425708128 no_error _Recombination_Map_and_Complex_Demographies_Scenario_1_ 1500 1501 0 0.02 GF_Model_IV
0.0129820780246606 588.288404144415 0.00187961697859656 6.24328543473655e-05 no_error _Recombination_Map_and_Complex_Demographies_Scenario_1_ 1500 1501 0 0.02 GF_Model_IV
0.0116477768927976 595.426729574527 0.000415374440575399 5.39877411238688e-05 no_error _Recombination_Map_and_Complex_Demographies_Scenario_1_ 1500 1501 0 0.02 GF_Model_IV
0.0102978767794275 648.393998678557 0.00170099655173807 3.96641909862553e-05 no_error _Recombination_Map_and_Complex_Demographies_Scenario_1_ 1500 1501 0 0.02 GF_Model_IV
0.0108133773218093 621.960668346695 0.00364176217755068 4.84943968626699e-05 no_error _Recombination_Map_and_Complex_Demographies_Scenario_1_ 1500 1501 0 0.02 GF_Model_IV
0.00990362611401224 616.864227873431 0.00206385814019563 4.65907406042179e-05 no_error _Recombination_Map_and_Complex_Demographies_Scenario_1_ 1500 1501 0 0.02 GF_Model_IV
0.0111847725279064 435.312724434065 0.0163079729412001 0.000102506105104477 no_error _Recombination_Map_and_Complex_Demographies_Scenario_1_ 1500 1501 0 0.02 GF_Model_IV
0.010597933528022 485.662294062173 0.0169885245070011 5.64834973709452e-05 no_error _Recombination_Map_and_Complex_Demographies_Scenario_1_ 1500 1501 0 0.02 GF_Model_IV
0.0128060176761957 546.971740284711 0.00251774329220092 7.94326240232587e-05 no_error _Recombination_Map_and_Complex_Demographies_Scenario_1_ 1500 1501 0 0.02 GF_Model_IV
0.0138717177687895 654.010911769645 0.000960730026885933 4.47648415153807e-05 no_error _Recombination_Map_and_Complex_Demographies_Scenario_1_ 1500 1501 0 0.02 GF_Model_IV
0.00908624145938662 417.522226340677 0.0200197671724564 5.18384870351319e-05 no_error _Recombination_Map_and_Complex_Demographies_Scenario_1_ 1500 1501 0 0.02 GF_Model_IV
0.0132856631787116 608.643741807431 0.0030191557453248 5.6813828062827e-05 no_error _Recombination_Map_and_Complex_Demographies_Scenario_1_ 1500 1501 0 0.02 GF_Model_IV
0.010673029458126 554.699711459571 0.00679016293794403 9.80011855505398e-05 no_error _Recombination_Map_and_Complex_Demographies_Scenario_1_ 1500 1501 0 0.02 GF_Model_IV
0.0142429029907019 559.353367233311 0.00155247434793588 4.95334647844734e-05 no_error _Recombination_Map_and_Complex_Demographies_Scenario_1_ 1500 1501 0 0.02 GF_Model_IV
0.0137702580397884 469.374638607917 0.00104433202016642 0.000106041058784157 no_error _Recombination_Map_and_Complex_Demographies_Scenario_1_ 1500 1501 0 0.02 GF_Model_IV
0.0125844915937446 609.651431487671 0.00718381654078081 5.73236686096155e-05 no_error _Recombination_Map_and_Complex_Demographies_Scenario_1_ 1500 1501 0 0.02 GF_Model_IV
0.0133252607956619 575.77591980503 0.00234778763986963 9.03256859032964e-05 no_error _Recombination_Map_and_Complex_Demographies_Scenario_1_ 1500 1501 0 0.02 GF_Model_IV
0.0112089281776114 596.546866739361 0.00414653205931105 4.90531570202083e-05 no_error _Recombination_Map_and_Complex_Demographies_Scenario_1_ 1500 1501 0 0.02 GF_Model_IV
0.0106002280036278 554.564337264806 0.0051704217097841 5.54826927456646e-05 no_error _Recombination_Map_and_Complex_Demographies_Scenario_1_ 1500 1501 0 0.02 GF_Model_IV
0.0120690281143297 614.378208994102 0.00188157474703281 6.68319184978179e-05 no_error _Recombination_Map_and_Complex_Demographies_Scenario_1_ 1500 1501 0 0.02 GF_Model_IV
0.0118706160539703 624.086813364228 0.00158449470707733 3.15675508109129e-05 no_error _Recombination_Map_and_Complex_Demographies_Scenario_1_ 1500 1501 0 0.02 GF_Model_IV
0.0128872689898364 535.737103822408 0.00305565425474738 6.75328974810258e-05 no_error _Recombination_Map_and_Complex_Demographies_Scenario_1_ 1500 1501 0 0.02 GF_Model_IV
0.0133692147966482 509.548747534897 0.00442498648121255 7.55710511800723e-05 no_error _Recombination_Map_and_Complex_Demographies_Scenario_1_ 1500 1501 0 0.02 GF_Model_IV
0.0118578610568103 649.251422479889 0.000619911729871247 8.15890424042674e-05 no_error _Recombination_Map_and_Complex_Demographies_Scenario_1_ 1500 1501 0 0.02 GF_Model_IV
0.0100423374391792 645.49590476129 0.00308806945505807 4.89573969673231e-05 no_error _Recombination_Map_and_Complex_Demographies_Scenario_1_ 1500 1501 0 0.02 GF_Model_IV
0.012435705098399 674.334851694495 0.00172953532626827 8.33142627167516e-05 no_error _Recombination_Map_and_Complex_Demographies_Scenario_1_ 1500 1501 0 0.02 GF_Model_IV
0.0112048219855136 656.705024800714 0.00131670852203227 5.0952631034868e-05 no_error _Recombination_Map_and_Complex_Demographies_Scenario_1_ 1500 1501 0 0.02 GF_Model_IV
0.0136921805702549 569.08921380754 0.00496854585669277 3.84118975011091e-05 no_error _Recombination_Map_and_Complex_Demographies_Scenario_1_ 1500 1501 0 0.02 GF_Model_IV
0.0103415503500639 585.588944932938 0.00560329762758066 7.50053845700453e-05 no_error _Recombination_Map_and_Complex_Demographies_Scenario_1_ 1500 1501 0 0.02 GF_Model_IV
0.0127368799340093 563.915882706059 0.000751276256686887 7.43007836488002e-05 no_error _Recombination_Map_and_Complex_Demographies_Scenario_1_ 1500 1501 0 0.02 GF_Model_IV
0.0114703916302067 496.84660965276 0.00261668775818042 8.64523671863648e-05 no_error _Recombination_Map_and_Complex_Demographies_Scenario_1_ 1500 1501 0 0.02 GF_Model_IV
0.0123510056145366 482.695321747984 0.00489337565245639 8.55787335383004e-05 no_error _Recombination_Map_and_Complex_Demographies_Scenario_1_ 1500 1501 0 0.02 GF_Model_IV
0.0137779951591841 607.491636046538 0.0020370334703308 8.42603474304273e-05 no_error _Recombination_Map_and_Complex_Demographies_Scenario_1_ 1500 1501 0 0.02 GF_Model_IV
0.0124139159147092 545.432376367946 0.00952119167110644 5.33798650274164e-05 no_error _Recombination_Map_and_Complex_Demographies_Scenario_1_ 1500 1501 0 0.02 GF_Model_IV
0.0140682301141084 592.09439766668 0.00459884969516197 7.29829690921294e-05 no_error _Recombination_Map_and_Complex_Demographies_Scenario_1_ 1500 1501 0 0.02 GF_Model_IV
0.0123003631572529 649.960164498775 0.00237451212235106 5.15803747323775e-05 no_error _Recombination_Map_and_Complex_Demographies_Scenario_1_ 1500 1501 0 0.02 GF_Model_IV
0.119033822701602 357.952994063953 0.031547530023047 0.00111540500495641 no_error _Recombination_Map_and_Complex_Demographies_Scenario_2_ 1500 1501 1 0.02 GF_Model_IV
0.0808880174768636 535.704884404337 0.0801946842484135 0.00101430444491773 no_error _Recombination_Map_and_Complex_Demographies_Scenario_2_ 1500 1501 1 0.02 GF_Model_IV
0.0844463055912122 433.892984254842 0.0792619817070002 0.00120894713396485 no_error _Recombination_Map_and_Complex_Demographies_Scenario_2_ 1500 1501 1 0.02 GF_Model_IV
0.042452481286772 222.147750464072 0.14155891658512 0.00106920658979296 no_error _Recombination_Map_and_Complex_Demographies_Scenario_2_ 1500 1501 1 0.02 GF_Model_IV
0.0624642631231514 485.959603375858 0.110557580798309 0.00151228578642253 no_error _Recombination_Map_and_Complex_Demographies_Scenario_2_ 1500 1501 1 0.02 GF_Model_IV
0.0835818858955415 428.26229300786 0.0731978089463543 0.000973643995974072 no_error _Recombination_Map_and_Complex_Demographies_Scenario_2_ 1500 1501 1 0.02 GF_Model_IV
0.0880074281346733 324.296847544789 0.0593614269592486 0.00392986135980258 no_error _Recombination_Map_and_Complex_Demographies_Scenario_2_ 1500 1501 1 0.02 GF_Model_IV
0.0505829872278056 618.276222098729 0.0678296808773246 0.000371007699966434 no_error _Recombination_Map_and_Complex_Demographies_Scenario_2_ 1500 1501 1 0.02 GF_Model_IV
0.0707297782217809 543.776172100096 0.0876456920291785 0.000828169406562372 no_error _Recombination_Map_and_Complex_Demographies_Scenario_2_ 1500 1501 1 0.02 GF_Model_IV
0.127912033281164 316.285092076766 0.0151856674333965 0.00172941798511928 no_error _Recombination_Map_and_Complex_Demographies_Scenario_2_ 1500 1501 1 0.02 GF_Model_IV
0.0401814521269312 558.476850221727 0.123168554442635 0.000474952630966302 no_error _Recombination_Map_and_Complex_Demographies_Scenario_2_ 1500 1501 1 0.02 GF_Model_IV
0.0735033050620657 554.12240467612 0.0824749366528365 0.000690567851774837 no_error _Recombination_Map_and_Complex_Demographies_Scenario_2_ 1500 1501 1 0.02 GF_Model_IV
0.0964859337849254 430.285617129242 0.0564447409620243 0.00136741462718132 no_error _Recombination_Map_and_Complex_Demographies_Scenario_2_ 1500 1501 1 0.02 GF_Model_IV
0.14227631344585 346.504081848623 0.0255310994901158 0.00101166101064664 no_error _Recombination_Map_and_Complex_Demographies_Scenario_2_ 1500 1501 1 0.02 GF_Model_IV
0.0452075145666798 705.752105714593 0.0928509960355998 0.000390372178992468 no_error _Recombination_Map_and_Complex_Demographies_Scenario_2_ 1500 1501 1 0.02 GF_Model_IV
0.118440161254922 382.96769550704 0.0224448482507105 0.00274363408999827 no_error _Recombination_Map_and_Complex_Demographies_Scenario_2_ 1500 1501 1 0.02 GF_Model_IV
0.125696744132581 378.159351917825 0.0159356761945928 0.00134352763652072 no_error _Recombination_Map_and_Complex_Demographies_Scenario_2_ 1500 1501 1 0.02 GF_Model_IV
0.120821931452013 434.83709975292 0.0347742337647882 0.00160670154068903 no_error _Recombination_Map_and_Complex_Demographies_Scenario_2_ 1500 1501 1 0.02 GF_Model_IV
0.0988935260268208 470.37431345916 0.0551635887216989 0.00118659697328675 no_error _Recombination_Map_and_Complex_Demographies_Scenario_2_ 1500 1501 1 0.02 GF_Model_IV
0.14306632993809 345.870304021498 0.015052103069943 0.00222160765262188 no_error _Recombination_Map_and_Complex_Demographies_Scenario_2_ 1500 1501 1 0.02 GF_Model_IV
0.00811226486467726 58.9522430115525 0.197151438227951 0.00170604408344179 no_error _Recombination_Map_and_Complex_Demographies_Scenario_2_ 1500 1501 1 0.02 GF_Model_IV
0.0747752261281298 318.234923310581 0.103129518318424 0.00342546281316377 no_error _Recombination_Map_and_Complex_Demographies_Scenario_2_ 1500 1501 1 0.02 GF_Model_IV
0.0688993638896633 588.736595348628 0.10126450036683 0.000939142711733615 no_error _Recombination_Map_and_Complex_Demographies_Scenario_2_ 1500 1501 1 0.02 GF_Model_IV
0.075578058814147 409.058962440684 0.0866685929057873 0.00149393875142147 no_error _Recombination_Map_and_Complex_Demographies_Scenario_2_ 1500 1501 1 0.02 GF_Model_IV
0.104536007861794 382.055316600478 0.055894813265121 0.00146624951482383 no_error _Recombination_Map_and_Complex_Demographies_Scenario_2_ 1500 1501 1 0.02 GF_Model_IV
0.0798449893412012 440.58853799517 0.0671431729965102 0.00123711693168107 no_error _Recombination_Map_and_Complex_Demographies_Scenario_2_ 1500 1501 1 0.02 GF_Model_IV
0.0296722222255194 1296.39869917859 0.179049841399991 0.00466377092594001 no_error _Recombination_Map_and_Complex_Demographies_Scenario_2_ 1500 1501 1 0.02 GF_Model_IV
0.0419408351447562 541.00400866495 0.1107411466722 0.000682678763922227 no_error _Recombination_Map_and_Complex_Demographies_Scenario_2_ 1500 1501 1 0.02 GF_Model_IV
0.152878289655896 298.563625700018 0.00856486858419384 0.00289325144981719 no_error _Recombination_Map_and_Complex_Demographies_Scenario_2_ 1500 1501 1 0.02 GF_Model_IV
0.131241304120268 311.870301345784 0.0121147029657838 0.00390190820635112 no_error _Recombination_Map_and_Complex_Demographies_Scenario_2_ 1500 1501 1 0.02 GF_Model_IV
0.0647711351610005 365.100371202635 0.101658532902238 0.0011799918970833 no_error _Recombination_Map_and_Complex_Demographies_Scenario_2_ 1500 1501 1 0.02 GF_Model_IV
0.0934066451565319 467.396420314387 0.0441764673019557 0.00170599197402307 no_error _Recombination_Map_and_Complex_Demographies_Scenario_2_ 1500 1501 1 0.02 GF_Model_IV
0.055817801268702 484.557229004893 0.097368543001606 0.000954803395324352 no_error _Recombination_Map_and_Complex_Demographies_Scenario_2_ 1500 1501 1 0.02 GF_Model_IV
0.0914143006722879 480.213265997177 0.0584312637307029 0.00185081698295842 no_error _Recombination_Map_and_Complex_Demographies_Scenario_2_ 1500 1501 1 0.02 GF_Model_IV
0.0866065609783021 471.925500843345 0.0732698103555935 0.00115800481233211 no_error _Recombination_Map_and_Complex_Demographies_Scenario_2_ 1500 1501 1 0.02 GF_Model_IV
0.133393358770534 172.19786685256 0.0375208016077605 0.00306074677468961 no_error _Recombination_Map_and_Complex_Demographies_Scenario_2_ 1500 1501 1 0.02 GF_Model_IV
0.104182778511142 431.440369006329 0.0525854946233299 0.0016862419814086 no_error _Recombination_Map_and_Complex_Demographies_Scenario_2_ 1500 1501 1 0.02 GF_Model_IV
0.0674195937412409 533.418993364925 0.0850108670987686 0.00105179591368772 no_error _Recombination_Map_and_Complex_Demographies_Scenario_2_ 1500 1501 1 0.02 GF_Model_IV
0.0550686238369562 632.305220124655 0.114360890710126 0.000578187780274348 no_error _Recombination_Map_and_Complex_Demographies_Scenario_2_ 1500 1501 1 0.02 GF_Model_IV
0.0615096373691734 585.085494499497 0.142881268182276 0.00451015141079482 no_error _Recombination_Map_and_Complex_Demographies_Scenario_2_ 1500 1501 1 0.02 GF_Model_IV
0.0445161865747864 620.078736227665 0.131842580281142 0.00118946377453568 no_error _Recombination_Map_and_Complex_Demographies_Scenario_2_ 1500 1501 1 0.02 GF_Model_IV
0.0893984923904017 417.537500106388 0.0416998023684294 0.00123871487057873 no_error _Recombination_Map_and_Complex_Demographies_Scenario_2_ 1500 1501 1 0.02 GF_Model_IV
0.0488894441032254 439.215764276402 0.118683524666019 0.00205149479079214 no_error _Recombination_Map_and_Complex_Demographies_Scenario_2_ 1500 1501 1 0.02 GF_Model_IV
0.096105323062812 392.427974625701 0.0508701479120663 0.00130058044988558 no_error _Recombination_Map_and_Complex_Demographies_Scenario_2_ 1500 1501 1 0.02 GF_Model_IV
0.0641831910530103 460.931470019262 0.0860310978618681 0.00146253955821897 no_error _Recombination_Map_and_Complex_Demographies_Scenario_2_ 1500 1501 1 0.02 GF_Model_IV
0.138118901661123 406.493719939622 0.0286013827770381 0.00108567728723062 no_error _Recombination_Map_and_Complex_Demographies_Scenario_2_ 1500 1501 1 0.02 GF_Model_IV
0.0470151625176797 672.1692977037 0.132042387147193 0.000835449563211887 no_error _Recombination_Map_and_Complex_Demographies_Scenario_2_ 1500 1501 1 0.02 GF_Model_IV
0.0808689575676269 414.165101057482 0.0849733965416488 0.00137119927121661 no_error _Recombination_Map_and_Complex_Demographies_Scenario_2_ 1500 1501 1 0.02 GF_Model_IV
0.0898781822594661 460.341214459077 0.0388219281509155 0.00155741544769204 no_error _Recombination_Map_and_Complex_Demographies_Scenario_2_ 1500 1501 1 0.02 GF_Model_IV
0.134705813252993 356.085118165708 0.0158856164673876 0.00205007420460906 no_error _Recombination_Map_and_Complex_Demographies_Scenario_2_ 1500 1501 1 0.02 GF_Model_IV
0.137384970937236 299.067598531362 0.0208660709300603 0.00173263425486005 no_error _Recombination_Map_and_Complex_Demographies_Scenario_2_ 1500 1501 1 0.02 GF_Model_IV
0.120356584330263 328.799193337628 0.0299075766003504 0.00289230608907125 no_error _Recombination_Map_and_Complex_Demographies_Scenario_2_ 1500 1501 1 0.02 GF_Model_IV
0.10420682217049 418.669602041566 0.0485198065909467 0.000864329601880645 no_error _Recombination_Map_and_Complex_Demographies_Scenario_2_ 1500 1501 1 0.02 GF_Model_IV
0.0619185718103175 384.307681690823 0.0960278234890193 0.00154322295498202 no_error _Recombination_Map_and_Complex_Demographies_Scenario_2_ 1500 1501 1 0.02 GF_Model_IV
0.0461420659646971 628.022948173033 0.145678706583002 0.00194875617808215 no_error _Recombination_Map_and_Complex_Demographies_Scenario_2_ 1500 1501 1 0.02 GF_Model_IV
0.0789743990258313 422.441848231143 0.0533500240566311 0.00154525371634738 no_error _Recombination_Map_and_Complex_Demographies_Scenario_2_ 1500 1501 1 0.02 GF_Model_IV
0.130808742136175 351.25802340482 0.0274783377581647 0.00104121118742537 no_error _Recombination_Map_and_Complex_Demographies_Scenario_2_ 1500 1501 1 0.02 GF_Model_IV
0.0947948459671158 468.543645647048 0.0556341639545269 0.00162176779663129 no_error _Recombination_Map_and_Complex_Demographies_Scenario_2_ 1500 1501 1 0.02 GF_Model_IV
0.0412945629709798 613.876804415664 0.115319580883307 0.000698813423408228 no_error _Recombination_Map_and_Complex_Demographies_Scenario_2_ 1500 1501 1 0.02 GF_Model_IV
0.036935989189699 886.970882959114 0.139939908875628 0.00181864458208402 no_error _Recombination_Map_and_Complex_Demographies_Scenario_2_ 1500 1501 1 0.02 GF_Model_IV
0.0233536758472154 811.340416349641 0.171096596984141 0.00118789645430886 no_error _Recombination_Map_and_Complex_Demographies_Scenario_2_ 1500 1501 1 0.02 GF_Model_IV
0.045496407540953 527.539770841548 0.122704816595828 0.00105774723153293 no_error _Recombination_Map_and_Complex_Demographies_Scenario_2_ 1500 1501 1 0.02 GF_Model_IV
0.0478937664523402 601.048366110092 0.146732898088044 0.00278140483287527 no_error _Recombination_Map_and_Complex_Demographies_Scenario_2_ 1500 1501 1 0.02 GF_Model_IV
0.0899725551028236 369.551940402097 0.0526581934893522 0.00229453239843836 no_error _Recombination_Map_and_Complex_Demographies_Scenario_2_ 1500 1501 1 0.02 GF_Model_IV
0.123196266199393 380.739692577874 0.0329024851960969 0.001246991387536 no_error _Recombination_Map_and_Complex_Demographies_Scenario_2_ 1500 1501 1 0.02 GF_Model_IV
0.0615927939463844 652.005388027792 0.115881796855141 0.00149010858025011 no_error _Recombination_Map_and_Complex_Demographies_Scenario_2_ 1500 1501 1 0.02 GF_Model_IV
0.0750135677692732 534.494921832956 0.0830050172264864 0.000729004510459495 no_error _Recombination_Map_and_Complex_Demographies_Scenario_2_ 1500 1501 1 0.02 GF_Model_IV
0.0750307949383519 444.193017879123 0.0922921879340793 0.00148122548751578 no_error _Recombination_Map_and_Complex_Demographies_Scenario_2_ 1500 1501 1 0.02 GF_Model_IV
0.125274257141734 307.688290112036 0.0295039782533286 0.00450438881417771 no_error _Recombination_Map_and_Complex_Demographies_Scenario_2_ 1500 1501 1 0.02 GF_Model_IV
0.0927817203415989 389.740860417409 0.0754332274066692 0.00153125226450504 no_error _Recombination_Map_and_Complex_Demographies_Scenario_2_ 1500 1501 1 0.02 GF_Model_IV
0.121443710743284 409.764839714826 0.0253677164221264 0.00263126767723685 no_error _Recombination_Map_and_Complex_Demographies_Scenario_2_ 1500 1501 1 0.02 GF_Model_IV
0.0457818832597089 522.199728668016 0.124350156169119 0.000613171930924177 no_error _Recombination_Map_and_Complex_Demographies_Scenario_2_ 1500 1501 1 0.02 GF_Model_IV
0.06905361773106 547.657513543207 0.0967637177052694 0.00166752269874719 no_error _Recombination_Map_and_Complex_Demographies_Scenario_2_ 1500 1501 1 0.02 GF_Model_IV
0.0531126830234434 578.500679627145 0.0616276169029086 0.000760963312566106 no_error _Recombination_Map_and_Complex_Demographies_Scenario_2_ 1500 1501 1 0.02 GF_Model_IV
0.00846522414185357 4436.69579650456 0.196331371069628 0.00147921363468614 no_error _Recombination_Map_and_Complex_Demographies_Scenario_2_ 1500 1501 1 0.02 GF_Model_IV
1.00013108955025e-06 2.71235009276061 0.291163939645856 0.10044831451458 nls_error _Recombination_Map_and_Complex_Demographies_Scenario_2_ 1500 1501 1 0.02 GF_Model_IV
0.120179117662228 370.08146569912 0.0273847748781135 0.00159126122727032 no_error _Recombination_Map_and_Complex_Demographies_Scenario_2_ 1500 1501 1 0.02 GF_Model_IV
0.0160449068675639 1094.27556662213 0.176527924205403 0.000848777909672811 no_error _Recombination_Map_and_Complex_Demographies_Scenario_2_ 1500 1501 1 0.02 GF_Model_IV
0.0791047498880561 534.815940092119 0.0653439700529033 0.000853523823615835 no_error _Recombination_Map_and_Complex_Demographies_Scenario_2_ 1500 1501 1 0.02 GF_Model_IV
0.119478045527792 390.952915360515 0.0254938992909544 0.000982530900896621 no_error _Recombination_Map_and_Complex_Demographies_Scenario_2_ 1500 1501 1 0.02 GF_Model_IV
0.117911966321156 375.050167882475 0.0321182055979679 0.000897682696881595 no_error _Recombination_Map_and_Complex_Demographies_Scenario_2_ 1500 1501 1 0.02 GF_Model_IV
0.0917519491261335 509.001283312979 0.0706421246533566 0.0016772576659625 no_error _Recombination_Map_and_Complex_Demographies_Scenario_2_ 1500 1501 1 0.02 GF_Model_IV
0.0625378903539327 444.031448551581 0.073858693721848 0.00123383844752752 no_error _Recombination_Map_and_Complex_Demographies_Scenario_2_ 1500 1501 1 0.02 GF_Model_IV
0.0862213984372981 389.41635139406 0.0826831730061235 0.00197198398393789 no_error _Recombination_Map_and_Complex_Demographies_Scenario_2_ 1500 1501 1 0.02 GF_Model_IV
0.0972955850907879 398.727558994255 0.038894593857324 0.00266882111099482 no_error _Recombination_Map_and_Complex_Demographies_Scenario_2_ 1500 1501 1 0.02 GF_Model_IV
0.0432018983592126 190.807804462295 0.133668691497077 0.00136544300254887 no_error _Recombination_Map_and_Complex_Demographies_Scenario_2_ 1500 1501 1 0.02 GF_Model_IV
0.158841093442087 324.748919766244 0.00985487107159194 0.000805427262995417 no_error _Recombination_Map_and_Complex_Demographies_Scenario_2_ 1500 1501 1 0.02 GF_Model_IV
0.136012297852862 330.212546790621 0.00972447298938611 0.000984961405003245 no_error _Recombination_Map_and_Complex_Demographies_Scenario_2_ 1500 1501 1 0.02 GF_Model_IV
0.0875102568867749 470.204164159383 0.0491952490851803 0.000550212506236928 no_error _Recombination_Map_and_Complex_Demographies_Scenario_2_ 1500 1501 1 0.02 GF_Model_IV
0.0548888452698534 693.399974755992 0.121860583700167 0.000832358295346024 no_error _Recombination_Map_and_Complex_Demographies_Scenario_2_ 1500 1501 1 0.02 GF_Model_IV
0.0796647806771239 450.500356516987 0.0768617424232685 0.00149655577665349 no_error _Recombination_Map_and_Complex_Demographies_Scenario_2_ 1500 1501 1 0.02 GF_Model_IV
0.058603038183119 549.459168526273 0.0636552109903854 0.000871904156952546 no_error _Recombination_Map_and_Complex_Demographies_Scenario_2_ 1500 1501 1 0.02 GF_Model_IV
0.108216232248463 391.019697771236 0.0452747725489883 0.000933307968226158 no_error _Recombination_Map_and_Complex_Demographies_Scenario_2_ 1500 1501 1 0.02 GF_Model_IV
0.00594030379179665 2027.85582662893 0.203592892029389 0.010244569471513 no_error _Recombination_Map_and_Complex_Demographies_Scenario_2_ 1500 1501 1 0.02 GF_Model_IV
0.0537411226019625 551.887602721399 0.0966809412640802 0.0005181870318755 no_error _Recombination_Map_and_Complex_Demographies_Scenario_2_ 1500 1501 1 0.02 GF_Model_IV
0.0754694804182128 488.078832647289 0.0855326782767275 0.00209310156306142 no_error _Recombination_Map_and_Complex_Demographies_Scenario_2_ 1500 1501 1 0.02 GF_Model_IV
0.0945919882858195 524.123081924327 0.0730519197636484 0.00180001387394903 no_error _Recombination_Map_and_Complex_Demographies_Scenario_2_ 1500 1501 1 0.02 GF_Model_IV
0.0281067220261177 1254.34006895405 0.161740562223795 0.00305235243864022 no_error _Recombination_Map_and_Complex_Demographies_Scenario_2_ 1500 1501 1 0.02 GF_Model_IV
0.0905620981807174 390.673846670328 0.0605991808093536 0.00124751400202351 no_error _Recombination_Map_and_Complex_Demographies_Scenario_2_ 1500 1501 1 0.02 GF_Model_IV
0.0705492352159702 519.903688300627 0.095141757935389 0.00101126191174387 no_error _Recombination_Map_and_Complex_Demographies_Scenario_2_ 1500 1501 1 0.02 GF_Model_IV
0.0074976022414303 449.765932007977 0.0166601915034092 4.16914891312984e-05 no_error _Recombination_Map_and_Complex_Demographies_Scenario_3_ 750 2250 0 0.02 GF_Model_IV
0.0105442840876244 639.526399138694 0.00141769899522748 3.96407706024105e-05 no_error _Recombination_Map_and_Complex_Demographies_Scenario_3_ 750 2250 0 0.02 GF_Model_IV
0.00983024385250866 499.995490762206 0.0139455319253246 5.17623570559538e-05 no_error _Recombination_Map_and_Complex_Demographies_Scenario_3_ 750 2250 0 0.02 GF_Model_IV
0.0133884049914616 563.853440937073 0.00281163970082082 3.64081781245215e-05 no_error _Recombination_Map_and_Complex_Demographies_Scenario_3_ 750 2250 0 0.02 GF_Model_IV
0.0121057539983863 511.664479983042 0.016464354993492 2.98381185532376e-05 no_error _Recombination_Map_and_Complex_Demographies_Scenario_3_ 750 2250 0 0.02 GF_Model_IV
0.0119589049713569 623.777226778218 0.00236036897490343 4.5086821681989e-05 no_error _Recombination_Map_and_Complex_Demographies_Scenario_3_ 750 2250 0 0.02 GF_Model_IV
0.0139290840747494 599.442153022444 0.00375685690323755 5.08710503101442e-05 no_error _Recombination_Map_and_Complex_Demographies_Scenario_3_ 750 2250 0 0.02 GF_Model_IV
0.00933914422779289 513.712879684553 0.00804676786861862 4.79527290343343e-05 no_error _Recombination_Map_and_Complex_Demographies_Scenario_3_ 750 2250 0 0.02 GF_Model_IV
0.0133763687867791 588.064671322938 0.00211596770601259 8.62536328216529e-05 no_error _Recombination_Map_and_Complex_Demographies_Scenario_3_ 750 2250 0 0.02 GF_Model_IV
0.0115888002861194 589.964717792533 0.00218772490603791 4.42594306949122e-05 no_error _Recombination_Map_and_Complex_Demographies_Scenario_3_ 750 2250 0 0.02 GF_Model_IV
0.0109413871033658 629.153470904883 0.00143266240623879 3.87334167082093e-05 no_error _Recombination_Map_and_Complex_Demographies_Scenario_3_ 750 2250 0 0.02 GF_Model_IV
0.0104682415898425 572.018610675581 0.00437917682129126 5.8032609557941e-05 no_error _Recombination_Map_and_Complex_Demographies_Scenario_3_ 750 2250 0 0.02 GF_Model_IV
0.00973748644773841 602.554900049984 0.0043707785120813 4.16805430765689e-05 no_error _Recombination_Map_and_Complex_Demographies_Scenario_3_ 750 2250 0 0.02 GF_Model_IV
0.0105768063478209 602.567695716221 0.00567843798718184 5.34325949945587e-05 no_error _Recombination_Map_and_Complex_Demographies_Scenario_3_ 750 2250 0 0.02 GF_Model_IV
0.0115196754448519 331.328693891228 0.0135943535854049 8.80427430221273e-05 no_error _Recombination_Map_and_Complex_Demographies_Scenario_3_ 750 2250 0 0.02 GF_Model_IV
0.0115345532521299 539.036137278461 0.0144418075958675 5.24881895318854e-05 no_error _Recombination_Map_and_Complex_Demographies_Scenario_3_ 750 2250 0 0.02 GF_Model_IV
0.014161503219259 602.500592982217 0.00233917844581083 5.95491867928978e-05 no_error _Recombination_Map_and_Complex_Demographies_Scenario_3_ 750 2250 0 0.02 GF_Model_IV
0.0118899348199229 569.476951971931 0.00719772096310337 8.00437458711059e-05 no_error _Recombination_Map_and_Complex_Demographies_Scenario_3_ 750 2250 0 0.02 GF_Model_IV
0.010477321582868 497.279624949374 0.00473485228293113 6.08501391794571e-05 no_error _Recombination_Map_and_Complex_Demographies_Scenario_3_ 750 2250 0 0.02 GF_Model_IV
0.0116108067470064 575.85958068007 0.00271872228407725 6.83955803689712e-05 no_error _Recombination_Map_and_Complex_Demographies_Scenario_3_ 750 2250 0 0.02 GF_Model_IV
0.0109733311916962 647.922177282153 0.00350053362707301 4.87808615474237e-05 no_error _Recombination_Map_and_Complex_Demographies_Scenario_3_ 750 2250 0 0.02 GF_Model_IV
0.0106391720163626 650.058702971092 0.00370666936839883 5.33421262801611e-05 no_error _Recombination_Map_and_Complex_Demographies_Scenario_3_ 750 2250 0 0.02 GF_Model_IV
0.0109225492905817 596.173953269039 0.00409288844636147 4.07039307016505e-05 no_error _Recombination_Map_and_Complex_Demographies_Scenario_3_ 750 2250 0 0.02 GF_Model_IV
0.0122948042651244 591.376146235125 0.00202686097783578 4.74082516650411e-05 no_error _Recombination_Map_and_Complex_Demographies_Scenario_3_ 750 2250 0 0.02 GF_Model_IV
0.0127859047258812 663.310503476546 0.00121166490303102 6.58337120877549e-05 no_error _Recombination_Map_and_Complex_Demographies_Scenario_3_ 750 2250 0 0.02 GF_Model_IV
0.0125507292835819 590.23951761807 0.00218613339493744 4.9155288850452e-05 no_error _Recombination_Map_and_Complex_Demographies_Scenario_3_ 750 2250 0 0.02 GF_Model_IV
0.00855457559669804 370.671184030235 0.0223659668101433 6.98558995275407e-05 no_error _Recombination_Map_and_Complex_Demographies_Scenario_3_ 750 2250 0 0.02 GF_Model_IV
0.0120495815096135 611.232958919222 0.00172357332111231 4.80152391845257e-05 no_error _Recombination_Map_and_Complex_Demographies_Scenario_3_ 750 2250 0 0.02 GF_Model_IV
0.0103104641571119 104.75751069873 0.0549172974743517 4.12574445105901e-05 no_error _Recombination_Map_and_Complex_Demographies_Scenario_3_ 750 2250 0 0.02 GF_Model_IV
0.0108376707879756 591.195995343819 0.00311681224062545 5.15540401612978e-05 no_error _Recombination_Map_and_Complex_Demographies_Scenario_3_ 750 2250 0 0.02 GF_Model_IV
0.0111935240478916 513.587925738984 0.00695166607145283 3.54909290840876e-05 no_error _Recombination_Map_and_Complex_Demographies_Scenario_3_ 750 2250 0 0.02 GF_Model_IV
0.0128283482049294 664.140283726629 0.00189138490358452 3.90835282303341e-05 no_error _Recombination_Map_and_Complex_Demographies_Scenario_3_ 750 2250 0 0.02 GF_Model_IV
0.0107625491615576 568.61384330304 0.00414105501844017 4.51252155806432e-05 no_error _Recombination_Map_and_Complex_Demographies_Scenario_3_ 750 2250 0 0.02 GF_Model_IV
0.0116181669183556 529.772607390878 0.00586835521525639 7.75204178678699e-05 no_error _Recombination_Map_and_Complex_Demographies_Scenario_3_ 750 2250 0 0.02 GF_Model_IV
0.0119101334467849 485.317907301321 0.0055667594377115 6.77658324311248e-05 no_error _Recombination_Map_and_Complex_Demographies_Scenario_3_ 750 2250 0 0.02 GF_Model_IV
0.0115989275252398 597.706774424841 0.00423678707574924 4.96216168248456e-05 no_error _Recombination_Map_and_Complex_Demographies_Scenario_3_ 750 2250 0 0.02 GF_Model_IV
0.00936304973115933 560.342215459078 0.00794445053590237 4.44573693569375e-05 no_error _Recombination_Map_and_Complex_Demographies_Scenario_3_ 750 2250 0 0.02 GF_Model_IV
0.0123442136091133 595.100433311936 0.0015950307767658 7.3492047913273e-05 no_error _Recombination_Map_and_Complex_Demographies_Scenario_3_ 750 2250 0 0.02 GF_Model_IV
0.0126442064062422 550.269309275194 0.00173415694941159 6.6654719559271e-05 no_error _Recombination_Map_and_Complex_Demographies_Scenario_3_ 750 2250 0 0.02 GF_Model_IV
0.0122162772960952 625.055837450136 0.000620688487230593 6.66914628866287e-05 no_error _Recombination_Map_and_Complex_Demographies_Scenario_3_ 750 2250 0 0.02 GF_Model_IV
0.0122564658137956 471.317083490627 0.00490610056705696 9.23061791701196e-05 no_error _Recombination_Map_and_Complex_Demographies_Scenario_3_ 750 2250 0 0.02 GF_Model_IV
0.0101729069964336 622.686525460483 0.00153389902059798 4.17864544365418e-05 no_error _Recombination_Map_and_Complex_Demographies_Scenario_3_ 750 2250 0 0.02 GF_Model_IV
0.0126308617860389 618.958315663357 0.00217770910296576 7.13133480847899e-05 no_error _Recombination_Map_and_Complex_Demographies_Scenario_3_ 750 2250 0 0.02 GF_Model_IV
0.0144323822677285 636.1309065838 0.00597641981940145 5.4094049387791e-05 no_error _Recombination_Map_and_Complex_Demographies_Scenario_3_ 750 2250 0 0.02 GF_Model_IV
0.0131702566407115 597.914035290231 0.000898987623416653 4.69823146724364e-05 no_error _Recombination_Map_and_Complex_Demographies_Scenario_3_ 750 2250 0 0.02 GF_Model_IV
0.0115454174362016 629.059218057184 0.00108639290097181 5.74086896630077e-05 no_error _Recombination_Map_and_Complex_Demographies_Scenario_3_ 750 2250 0 0.02 GF_Model_IV
0.0134688388369825 505.848050749764 0.00185763705919778 9.36571478863781e-05 no_error _Recombination_Map_and_Complex_Demographies_Scenario_3_ 750 2250 0 0.02 GF_Model_IV
0.0129965480782376 583.587919004283 0.00226639329079969 6.1490577041941e-05 no_error _Recombination_Map_and_Complex_Demographies_Scenario_3_ 750 2250 0 0.02 GF_Model_IV
0.0112659331491626 594.63965121587 0.00127398442468483 5.82231526893243e-05 no_error _Recombination_Map_and_Complex_Demographies_Scenario_3_ 750 2250 0 0.02 GF_Model_IV
0.00989111066777339 323.532622057121 0.0176740604297823 3.84480732285888e-05 no_error _Recombination_Map_and_Complex_Demographies_Scenario_3_ 750 2250 0 0.02 GF_Model_IV
0.0133482466101025 604.402671607505 0.00113061682571402 5.56064225744799e-05 no_error _Recombination_Map_and_Complex_Demographies_Scenario_3_ 750 2250 0 0.02 GF_Model_IV
0.0121253085032006 482.788671264836 0.00476643070287191 6.35814219532447e-05 no_error _Recombination_Map_and_Complex_Demographies_Scenario_3_ 750 2250 0 0.02 GF_Model_IV
0.0114077130253715 620.395307744027 0.00159729012133825 8.44657574373548e-05 no_error _Recombination_Map_and_Complex_Demographies_Scenario_3_ 750 2250 0 0.02 GF_Model_IV
0.0127831337177807 538.557794392199 0.00547245734335781 9.48690005192268e-05 no_error _Recombination_Map_and_Complex_Demographies_Scenario_3_ 750 2250 0 0.02 GF_Model_IV
0.0106449771800387 567.849750186962 0.00715906414320197 3.22790113281535e-05 no_error _Recombination_Map_and_Complex_Demographies_Scenario_3_ 750 2250 0 0.02 GF_Model_IV
0.010480730810389 588.795597645955 0.00733833803525839 4.38311344992746e-05 no_error _Recombination_Map_and_Complex_Demographies_Scenario_3_ 750 2250 0 0.02 GF_Model_IV
0.0125384260269133 452.843902378642 0.00411063381218431 8.56171621645377e-05 no_error _Recombination_Map_and_Complex_Demographies_Scenario_3_ 750 2250 0 0.02 GF_Model_IV
0.0133133473822354 597.687310030673 0.000614560244467903 4.85414013505248e-05 no_error _Recombination_Map_and_Complex_Demographies_Scenario_3_ 750 2250 0 0.02 GF_Model_IV
0.0110943118868031 527.298307163691 0.0040204802643339 7.98797861685686e-05 no_error _Recombination_Map_and_Complex_Demographies_Scenario_3_ 750 2250 0 0.02 GF_Model_IV
0.0147511066365065 440.229717649444 0.00126841904873465 7.97527749540247e-05 no_error _Recombination_Map_and_Complex_Demographies_Scenario_3_ 750 2250 0 0.02 GF_Model_IV
0.0127480250025583 579.314322286037 0.0068204839768143 4.89771686965797e-05 no_error _Recombination_Map_and_Complex_Demographies_Scenario_3_ 750 2250 0 0.02 GF_Model_IV
0.0112499214028546 506.742883041269 0.00653947980191865 0.000109886992586264 no_error _Recombination_Map_and_Complex_Demographies_Scenario_3_ 750 2250 0 0.02 GF_Model_IV
0.013582544609339 552.35730681745 0.00292501372560236 4.49821034173851e-05 no_error _Recombination_Map_and_Complex_Demographies_Scenario_3_ 750 2250 0 0.02 GF_Model_IV
0.0105461346461939 518.699066129349 0.00802480415706178 5.38350705878135e-05 no_error _Recombination_Map_and_Complex_Demographies_Scenario_3_ 750 2250 0 0.02 GF_Model_IV
0.01152810742186 549.022075219265 0.00617502430842642 5.53477700630965e-05 no_error _Recombination_Map_and_Complex_Demographies_Scenario_3_ 750 2250 0 0.02 GF_Model_IV
0.0123229853721412 549.330256289772 0.00464888063495248 4.51276123596057e-05 no_error _Recombination_Map_and_Complex_Demographies_Scenario_3_ 750 2250 0 0.02 GF_Model_IV
0.0120269990847126 646.510631139984 0.00174591091978156 6.6452136078636e-05 no_error _Recombination_Map_and_Complex_Demographies_Scenario_3_ 750 2250 0 0.02 GF_Model_IV
0.0130792332661194 649.410810617685 0.000750851095745419 5.89099541414271e-05 no_error _Recombination_Map_and_Complex_Demographies_Scenario_3_ 750 2250 0 0.02 GF_Model_IV
0.00994706561753104 600.913894194312 0.00339270230220472 3.72673868309336e-05 no_error _Recombination_Map_and_Complex_Demographies_Scenario_3_ 750 2250 0 0.02 GF_Model_IV
0.0117490470705825 595.810028867607 0.00643006150705765 6.12043135032671e-05 no_error _Recombination_Map_and_Complex_Demographies_Scenario_3_ 750 2250 0 0.02 GF_Model_IV
0.0116019076714558 497.363630025964 0.00445594889229926 6.22818384056863e-05 no_error _Recombination_Map_and_Complex_Demographies_Scenario_3_ 750 2250 0 0.02 GF_Model_IV
0.0124976311283482 454.44563443598 0.0082012623107037 8.27957261970675e-05 no_error _Recombination_Map_and_Complex_Demographies_Scenario_3_ 750 2250 0 0.02 GF_Model_IV
0.0118091804468275 560.665731956818 0.00286431139015126 5.99172276061394e-05 no_error _Recombination_Map_and_Complex_Demographies_Scenario_3_ 750 2250 0 0.02 GF_Model_IV
0.0130219864953343 598.22364998005 0.00296123516524098 8.05920031676004e-05 no_error _Recombination_Map_and_Complex_Demographies_Scenario_3_ 750 2250 0 0.02 GF_Model_IV
0.0107733106377351 471.23240566185 0.00529579074540344 7.34220008362769e-05 no_error _Recombination_Map_and_Complex_Demographies_Scenario_3_ 750 2250 0 0.02 GF_Model_IV
0.0122930680661032 551.233611118694 0.00181793857115836 5.98668768229247e-05 no_error _Recombination_Map_and_Complex_Demographies_Scenario_3_ 750 2250 0 0.02 GF_Model_IV
0.0111469646982673 648.225924465151 0.000536060728801618 4.40713522103306e-05 no_error _Recombination_Map_and_Complex_Demographies_Scenario_3_ 750 2250 0 0.02 GF_Model_IV
0.0129392118592416 566.343749818846 0.00297384252578746 6.04137284693903e-05 no_error _Recombination_Map_and_Complex_Demographies_Scenario_3_ 750 2250 0 0.02 GF_Model_IV
0.012101723312771 599.797576427655 0.00253206035526891 4.55414703358986e-05 no_error _Recombination_Map_and_Complex_Demographies_Scenario_3_ 750 2250 0 0.02 GF_Model_IV
0.0124738736607455 666.93124582658 0.00118408642592792 4.36680688104584e-05 no_error _Recombination_Map_and_Complex_Demographies_Scenario_3_ 750 2250 0 0.02 GF_Model_IV
0.0117193355514999 636.088653299338 0.00217644873982327 7.08489469252069e-05 no_error _Recombination_Map_and_Complex_Demographies_Scenario_3_ 750 2250 0 0.02 GF_Model_IV
0.0114753612715446 602.306679685027 0.0039038603204653 5.35863842084529e-05 no_error _Recombination_Map_and_Complex_Demographies_Scenario_3_ 750 2250 0 0.02 GF_Model_IV
0.0140428774258898 595.406695025009 0.00332195144476696 9.13553181479254e-05 no_error _Recombination_Map_and_Complex_Demographies_Scenario_3_ 750 2250 0 0.02 GF_Model_IV
0.0108617857335452 603.518875213278 0.00288568347657693 5.83766505764767e-05 no_error _Recombination_Map_and_Complex_Demographies_Scenario_3_ 750 2250 0 0.02 GF_Model_IV
0.0132754897975928 669.434543472059 0.00130415794268127 7.71894865268922e-05 no_error _Recombination_Map_and_Complex_Demographies_Scenario_3_ 750 2250 0 0.02 GF_Model_IV
0.0117695434787419 521.650116173382 0.00832722612674404 5.62028247983547e-05 no_error _Recombination_Map_and_Complex_Demographies_Scenario_3_ 750 2250 0 0.02 GF_Model_IV
0.0111203007068956 558.409206887153 0.000562944198069716 4.42874705473826e-05 no_error _Recombination_Map_and_Complex_Demographies_Scenario_3_ 750 2250 0 0.02 GF_Model_IV
0.0114276450899051 607.775595938668 0.00148489054433703 4.62049697561698e-05 no_error _Recombination_Map_and_Complex_Demographies_Scenario_3_ 750 2250 0 0.02 GF_Model_IV
0.0123176953791855 649.211187725919 0.00304180368130312 7.76961885762188e-05 no_error _Recombination_Map_and_Complex_Demographies_Scenario_3_ 750 2250 0 0.02 GF_Model_IV
0.0111897256608531 582.615043750584 0.00137705616925497 4.10070032339794e-05 no_error _Recombination_Map_and_Complex_Demographies_Scenario_3_ 750 2250 0 0.02 GF_Model_IV
0.0114467214767659 567.922803233102 0.00284332673894948 4.99408149486711e-05 no_error _Recombination_Map_and_Complex_Demographies_Scenario_3_ 750 2250 0 0.02 GF_Model_IV
0.0106448753734893 528.752494543137 0.00628964714769067 5.02397031970687e-05 no_error _Recombination_Map_and_Complex_Demographies_Scenario_3_ 750 2250 0 0.02 GF_Model_IV
0.0110683869182191 477.096535427632 0.0077974078639774 7.86666564320705e-05 no_error _Recombination_Map_and_Complex_Demographies_Scenario_3_ 750 2250 0 0.02 GF_Model_IV
0.0130695486146797 584.978130186085 0.00159442747127417 4.30444969011181e-05 no_error _Recombination_Map_and_Complex_Demographies_Scenario_3_ 750 2250 0 0.02 GF_Model_IV
0.012341499502665 615.670350566125 0.000582430335622647 5.44562135585393e-05 no_error _Recombination_Map_and_Complex_Demographies_Scenario_3_ 750 2250 0 0.02 GF_Model_IV
0.0115140838909328 490.410701954225 0.00159308331532111 4.22888568280721e-05 no_error _Recombination_Map_and_Complex_Demographies_Scenario_3_ 750 2250 0 0.02 GF_Model_IV
0.00980438462483645 322.51630692756 0.0255769217120202 4.92242352795273e-05 no_error _Recombination_Map_and_Complex_Demographies_Scenario_3_ 750 2250 0 0.02 GF_Model_IV
0.011291932181735 558.471857049402 0.00706294815318875 8.66422442090932e-05 no_error _Recombination_Map_and_Complex_Demographies_Scenario_3_ 750 2250 0 0.02 GF_Model_IV
0.0118302653289971 643.866359196463 0.000557111215021183 3.28925549512467e-05 no_error _Recombination_Map_and_Complex_Demographies_Scenario_3_ 750 2250 0 0.02 GF_Model_IV
0.0113915839761374 642.158315053973 0.00192212836539176 5.75314937775071e-05 no_error _Recombination_Map_and_Complex_Demographies_Scenario_3_ 750 2250 0 0.02 GF_Model_IV
0.0538896579578563 590.146474621725 0.0381417677346723 0.000904085084250817 no_error _Recombination_Map_and_Complex_Demographies_Scenario_4_ 750 2250 1 0.02 GF_Model_IV
0.0786360073477081 497.457111440523 0.0795470527330759 0.00120674330574835 no_error _Recombination_Map_and_Complex_Demographies_Scenario_4_ 750 2250 1 0.02 GF_Model_IV
0.130451829511546 376.22008315428 0.0121331234466044 0.00181024099115747 no_error _Recombination_Map_and_Complex_Demographies_Scenario_4_ 750 2250 1 0.02 GF_Model_IV
0.109659544889553 374.21167362603 0.036235899204081 0.000686712579156449 no_error _Recombination_Map_and_Complex_Demographies_Scenario_4_ 750 2250 1 0.02 GF_Model_IV
0.0413859177721381 604.867005010749 0.0766345261470492 0.000264189969099861 no_error _Recombination_Map_and_Complex_Demographies_Scenario_4_ 750 2250 1 0.02 GF_Model_IV
0.120757598737348 366.663820138916 0.0118272622448389 0.00107909835839288 no_error _Recombination_Map_and_Complex_Demographies_Scenario_4_ 750 2250 1 0.02 GF_Model_IV
0.0762186033757662 474.724684033683 0.0771983900706029 0.00167331243931653 no_error _Recombination_Map_and_Complex_Demographies_Scenario_4_ 750 2250 1 0.02 GF_Model_IV
0.057302455329476 508.297457314668 0.0934139663873128 0.00111957504021666 no_error _Recombination_Map_and_Complex_Demographies_Scenario_4_ 750 2250 1 0.02 GF_Model_IV
0.0352479684887324 393.997305916098 0.145261286595463 0.00127313342843667 no_error _Recombination_Map_and_Complex_Demographies_Scenario_4_ 750 2250 1 0.02 GF_Model_IV
0.109940906614111 366.867426047043 0.0241217611478012 0.00274265274560482 no_error _Recombination_Map_and_Complex_Demographies_Scenario_4_ 750 2250 1 0.02 GF_Model_IV
0.0477536433136141 508.110058854716 0.110625283670735 0.000658703475430003 no_error _Recombination_Map_and_Complex_Demographies_Scenario_4_ 750 2250 1 0.02 GF_Model_IV
0.0111009655372027 664.598905627968 0.177515401809704 0.000943058283955641 no_error _Recombination_Map_and_Complex_Demographies_Scenario_4_ 750 2250 1 0.02 GF_Model_IV
0.0478373372388947 444.171849791692 0.080454967844857 0.00081096859506024 no_error _Recombination_Map_and_Complex_Demographies_Scenario_4_ 750 2250 1 0.02 GF_Model_IV
0.113149943285943 423.912688880169 0.0245187704125394 0.00155430483197809 no_error _Recombination_Map_and_Complex_Demographies_Scenario_4_ 750 2250 1 0.02 GF_Model_IV
0.0814433459353745 412.322454874937 0.0546816697576419 0.0015197362301325 no_error _Recombination_Map_and_Complex_Demographies_Scenario_4_ 750 2250 1 0.02 GF_Model_IV
0.0822202581026252 423.98133216614 0.0544852371025431 0.0013512749422326 no_error _Recombination_Map_and_Complex_Demographies_Scenario_4_ 750 2250 1 0.02 GF_Model_IV
0.0811073935641847 407.430858839458 0.0654757244884973 0.00128732300635752 no_error _Recombination_Map_and_Complex_Demographies_Scenario_4_ 750 2250 1 0.02 GF_Model_IV
0.0969458300594491 470.928561101395 0.0293885735011793 0.00129835405055555 no_error _Recombination_Map_and_Complex_Demographies_Scenario_4_ 750 2250 1 0.02 GF_Model_IV
0.0552680213459519 527.520917362703 0.0363407792048518 0.00134446148594761 no_error _Recombination_Map_and_Complex_Demographies_Scenario_4_ 750 2250 1 0.02 GF_Model_IV
0.114446373353144 420.178569567374 0.0250751905762677 0.00160236256324066 no_error _Recombination_Map_and_Complex_Demographies_Scenario_4_ 750 2250 1 0.02 GF_Model_IV
0.116891139630587 323.797642444834 0.030548172411115 0.00198761100797168 no_error _Recombination_Map_and_Complex_Demographies_Scenario_4_ 750 2250 1 0.02 GF_Model_IV
0.102012529483853 316.408069043826 0.0533114940987856 0.00183876123283567 no_error _Recombination_Map_and_Complex_Demographies_Scenario_4_ 750 2250 1 0.02 GF_Model_IV
0.0941798544976658 307.2226919911 0.0286992703114745 0.00294273454674511 no_error _Recombination_Map_and_Complex_Demographies_Scenario_4_ 750 2250 1 0.02 GF_Model_IV
0.102359147657219 412.594329935558 0.0383770145574219 0.00130519495736907 no_error _Recombination_Map_and_Complex_Demographies_Scenario_4_ 750 2250 1 0.02 GF_Model_IV
0.154661045665744 193.228743589434 -0.00400550684546418 0.00160443039433117 no_error _Recombination_Map_and_Complex_Demographies_Scenario_4_ 750 2250 1 0.02 GF_Model_IV
0.014220458891907 1285.31805121958 0.170877663765162 0.00494756731692698 no_error _Recombination_Map_and_Complex_Demographies_Scenario_4_ 750 2250 1 0.02 GF_Model_IV
0.0463436603526063 580.814348069284 0.115546463857613 0.000883057908422805 no_error _Recombination_Map_and_Complex_Demographies_Scenario_4_ 750 2250 1 0.02 GF_Model_IV
0.0712558385210671 423.824654528215 0.0892626107547497 0.00142275563634826 no_error _Recombination_Map_and_Complex_Demographies_Scenario_4_ 750 2250 1 0.02 GF_Model_IV
0.057912621877296 500.273720931365 0.0891737922900016 0.00139146126342684 no_error _Recombination_Map_and_Complex_Demographies_Scenario_4_ 750 2250 1 0.02 GF_Model_IV
0.108294384906657 412.652710336538 0.0390465707909698 0.00186427796974872 no_error _Recombination_Map_and_Complex_Demographies_Scenario_4_ 750 2250 1 0.02 GF_Model_IV
0.0184069877886982 2768.0868490091 0.171276556370483 0.00183481143647691 no_error _Recombination_Map_and_Complex_Demographies_Scenario_4_ 750 2250 1 0.02 GF_Model_IV
0.106768806771111 388.706757926132 0.0245853178920028 0.00152623182825909 no_error _Recombination_Map_and_Complex_Demographies_Scenario_4_ 750 2250 1 0.02 GF_Model_IV
0.0680776432205852 435.374457281423 0.0488648410749091 0.00123348843023075 no_error _Recombination_Map_and_Complex_Demographies_Scenario_4_ 750 2250 1 0.02 GF_Model_IV
0.0891558620017597 390.39788988322 0.0605529731909302 0.000995037530907355 no_error _Recombination_Map_and_Complex_Demographies_Scenario_4_ 750 2250 1 0.02 GF_Model_IV
0.0683664083856627 544.291250717609 0.0491683694785866 0.00119233782786319 no_error _Recombination_Map_and_Complex_Demographies_Scenario_4_ 750 2250 1 0.02 GF_Model_IV
0.0776411124640768 396.646648702068 0.0629352315229053 0.00119284410808996 no_error _Recombination_Map_and_Complex_Demographies_Scenario_4_ 750 2250 1 0.02 GF_Model_IV
0.117040457875167 373.011813028007 0.0159465187253508 0.00173233251745116 no_error _Recombination_Map_and_Complex_Demographies_Scenario_4_ 750 2250 1 0.02 GF_Model_IV
0.133376854411687 411.222809587746 0.0156467273027171 0.00178752582118075 no_error _Recombination_Map_and_Complex_Demographies_Scenario_4_ 750 2250 1 0.02 GF_Model_IV
0.0940663879322351 371.161089143754 0.0442801217344798 0.00120822786018797 no_error _Recombination_Map_and_Complex_Demographies_Scenario_4_ 750 2250 1 0.02 GF_Model_IV
0.062320826171661 328.703449385303 0.0846545592597465 0.0038138834822462 no_error _Recombination_Map_and_Complex_Demographies_Scenario_4_ 750 2250 1 0.02 GF_Model_IV
0.0722573332196762 434.247234526993 0.0467025139604793 0.000953071861160776 no_error _Recombination_Map_and_Complex_Demographies_Scenario_4_ 750 2250 1 0.02 GF_Model_IV
0.0149430404598301 460.909615090164 0.190460001926291 0.00171455281202073 no_error _Recombination_Map_and_Complex_Demographies_Scenario_4_ 750 2250 1 0.02 GF_Model_IV
0.0704311770458875 416.830541416582 0.0732353392099856 0.000539319737708786 no_error _Recombination_Map_and_Complex_Demographies_Scenario_4_ 750 2250 1 0.02 GF_Model_IV
0.0671349523794854 474.958296183315 0.0563001405426671 0.00113829948206053 no_error _Recombination_Map_and_Complex_Demographies_Scenario_4_ 750 2250 1 0.02 GF_Model_IV
0.140206510860699 314.963129856417 0.00841227745323415 0.00252291938159598 no_error _Recombination_Map_and_Complex_Demographies_Scenario_4_ 750 2250 1 0.02 GF_Model_IV
0.0899119195653602 454.404446959158 0.0476519541017018 0.00253909792965835 no_error _Recombination_Map_and_Complex_Demographies_Scenario_4_ 750 2250 1 0.02 GF_Model_IV
0.0496891444762496 522.238126172515 0.0886746152998339 0.000797253762054746 no_error _Recombination_Map_and_Complex_Demographies_Scenario_4_ 750 2250 1 0.02 GF_Model_IV
0.0230574552467878 724.126900557396 0.166215038235973 0.0101127811193879 no_error _Recombination_Map_and_Complex_Demographies_Scenario_4_ 750 2250 1 0.02 GF_Model_IV
0.107403249944698 387.654066354157 0.0296300775235714 0.00213472692145732 no_error _Recombination_Map_and_Complex_Demographies_Scenario_4_ 750 2250 1 0.02 GF_Model_IV
0.0863747304369125 467.160619738998 0.0508935093031732 0.00187645414686217 no_error _Recombination_Map_and_Complex_Demographies_Scenario_4_ 750 2250 1 0.02 GF_Model_IV
0.0463396978901435 548.491517077612 0.0886057124982 0.000708961585267323 no_error _Recombination_Map_and_Complex_Demographies_Scenario_4_ 750 2250 1 0.02 GF_Model_IV
0.106138908508752 418.67158940377 0.0212835387410254 0.00165041837041192 no_error _Recombination_Map_and_Complex_Demographies_Scenario_4_ 750 2250 1 0.02 GF_Model_IV
0.0284099614555732 458.372622515134 0.109307331399127 0.000611067741225994 no_error _Recombination_Map_and_Complex_Demographies_Scenario_4_ 750 2250 1 0.02 GF_Model_IV
0.054587175556378 427.351769483502 0.0686930688244884 0.00122383321302069 no_error _Recombination_Map_and_Complex_Demographies_Scenario_4_ 750 2250 1 0.02 GF_Model_IV
0.0764858432140963 338.55847626207 0.0608688979425048 0.00152351245154171 no_error _Recombination_Map_and_Complex_Demographies_Scenario_4_ 750 2250 1 0.02 GF_Model_IV
0.0537169297190514 521.22222482345 0.0744715495550829 0.000975608761082551 no_error _Recombination_Map_and_Complex_Demographies_Scenario_4_ 750 2250 1 0.02 GF_Model_IV
0.0851608329235756 476.890232726881 0.0189520216973914 0.00211768384323572 no_error _Recombination_Map_and_Complex_Demographies_Scenario_4_ 750 2250 1 0.02 GF_Model_IV
0.129396479912221 367.461345692127 0.0175023038080448 0.00170307672992598 no_error _Recombination_Map_and_Complex_Demographies_Scenario_4_ 750 2250 1 0.02 GF_Model_IV
0.0326290022398987 817.018073566369 0.123855854454426 0.000902614495124285 no_error _Recombination_Map_and_Complex_Demographies_Scenario_4_ 750 2250 1 0.02 GF_Model_IV
0.113785107801626 356.112572791815 0.0363693750205669 0.00166801557829138 no_error _Recombination_Map_and_Complex_Demographies_Scenario_4_ 750 2250 1 0.02 GF_Model_IV
0.0903269201093467 476.066950479518 0.0519229502354836 0.00129981363319476 no_error _Recombination_Map_and_Complex_Demographies_Scenario_4_ 750 2250 1 0.02 GF_Model_IV
0.076243289251137 410.258921507711 0.0778790357434936 0.00353733822418509 no_error _Recombination_Map_and_Complex_Demographies_Scenario_4_ 750 2250 1 0.02 GF_Model_IV
0.0971637971080681 450.557777268637 0.0292944916541738 0.00113777897487596 no_error _Recombination_Map_and_Complex_Demographies_Scenario_4_ 750 2250 1 0.02 GF_Model_IV
0.0164418149534398 744.443580259845 0.174793060171771 0.00252438641688471 no_error _Recombination_Map_and_Complex_Demographies_Scenario_4_ 750 2250 1 0.02 GF_Model_IV
1.00043824568937e-06 1.01059279548863 0.278934676379789 0.0098020671614958 nls_error _Recombination_Map_and_Complex_Demographies_Scenario_4_ 750 2250 1 0.02 GF_Model_IV
0.0886031431088397 455.688796537581 0.0194792757449409 0.000439183574605923 no_error _Recombination_Map_and_Complex_Demographies_Scenario_4_ 750 2250 1 0.02 GF_Model_IV
0.0556181838740073 398.830839911992 0.0869217230749925 0.00113875082456108 no_error _Recombination_Map_and_Complex_Demographies_Scenario_4_ 750 2250 1 0.02 GF_Model_IV
0.0142595913959171 1443.07509957109 0.14955511477248 0.000762339053236982 no_error _Recombination_Map_and_Complex_Demographies_Scenario_4_ 750 2250 1 0.02 GF_Model_IV
0.0779777201798153 433.501566309538 0.0674864727597273 0.00110332868624514 no_error _Recombination_Map_and_Complex_Demographies_Scenario_4_ 750 2250 1 0.02 GF_Model_IV
0.0565550599217761 530.091978636744 0.104667916688031 0.00118408322727726 no_error _Recombination_Map_and_Complex_Demographies_Scenario_4_ 750 2250 1 0.02 GF_Model_IV
0.0964163043825259 367.804785552981 0.0290567728293651 0.00126596431633212 no_error _Recombination_Map_and_Complex_Demographies_Scenario_4_ 750 2250 1 0.02 GF_Model_IV
0.084164383777225 398.94334764437 0.0368780431841845 0.00117545312638129 no_error _Recombination_Map_and_Complex_Demographies_Scenario_4_ 750 2250 1 0.02 GF_Model_IV
1.00009236568342e-06 1.30253433459438 0.206826180665128 0.016835561246505 nls_error _Recombination_Map_and_Complex_Demographies_Scenario_4_ 750 2250 1 0.02 GF_Model_IV
0.11900752325935 346.969697999383 0.0316420113597695 0.00118164537877776 no_error _Recombination_Map_and_Complex_Demographies_Scenario_4_ 750 2250 1 0.02 GF_Model_IV
0.103094183169998 361.152650568845 0.0313459349696147 0.00152646351792218 no_error _Recombination_Map_and_Complex_Demographies_Scenario_4_ 750 2250 1 0.02 GF_Model_IV
0.0882630975125132 331.903773449039 0.0541148483353958 0.00146344496580668 no_error _Recombination_Map_and_Complex_Demographies_Scenario_4_ 750 2250 1 0.02 GF_Model_IV
0.110553487992376 453.960311276379 0.0347532037581171 0.00201972634463074 no_error _Recombination_Map_and_Complex_Demographies_Scenario_4_ 750 2250 1 0.02 GF_Model_IV
0.0715983318582531 516.943607705394 0.0902429790795398 0.00125574732074902 no_error _Recombination_Map_and_Complex_Demographies_Scenario_4_ 750 2250 1 0.02 GF_Model_IV
0.0447290601097254 532.262850901073 0.104014521616705 0.000524340357177861 no_error _Recombination_Map_and_Complex_Demographies_Scenario_4_ 750 2250 1 0.02 GF_Model_IV
0.0384766881590765 565.072979201548 0.110497451158322 0.000299167272621158 no_error _Recombination_Map_and_Complex_Demographies_Scenario_4_ 750 2250 1 0.02 GF_Model_IV
0.097437277708176 424.549670556588 0.0453080396595483 0.00106259227894204 no_error _Recombination_Map_and_Complex_Demographies_Scenario_4_ 750 2250 1 0.02 GF_Model_IV
0.116199653565801 407.618628111663 0.0335834729851464 0.00201422762568313 no_error _Recombination_Map_and_Complex_Demographies_Scenario_4_ 750 2250 1 0.02 GF_Model_IV
0.100398255415977 468.86998795821 0.0424023399122199 0.00188818416599172 no_error _Recombination_Map_and_Complex_Demographies_Scenario_4_ 750 2250 1 0.02 GF_Model_IV
0.0956005168226394 388.370343019333 0.0433497472289533 0.00147248634151912 no_error _Recombination_Map_and_Complex_Demographies_Scenario_4_ 750 2250 1 0.02 GF_Model_IV
0.0305174649657945 328.375595661786 0.144705328686962 0.00126345644268726 no_error _Recombination_Map_and_Complex_Demographies_Scenario_4_ 750 2250 1 0.02 GF_Model_IV
0.0850314173001695 329.414535023875 0.0814300161952899 0.00187213796585409 no_error _Recombination_Map_and_Complex_Demographies_Scenario_4_ 750 2250 1 0.02 GF_Model_IV
0.116901162165075 418.058390295064 0.0258724807852871 0.00185838896640099 no_error _Recombination_Map_and_Complex_Demographies_Scenario_4_ 750 2250 1 0.02 GF_Model_IV
0.0736457485594131 388.881571874259 0.0648253975206562 0.000873896936566522 no_error _Recombination_Map_and_Complex_Demographies_Scenario_4_ 750 2250 1 0.02 GF_Model_IV
0.123233197959865 372.754247549385 0.031360978546395 0.000647442304611087 no_error _Recombination_Map_and_Complex_Demographies_Scenario_4_ 750 2250 1 0.02 GF_Model_IV
0.125938600366471 285.567133566322 0.0379308409526176 0.00108143775112806 no_error _Recombination_Map_and_Complex_Demographies_Scenario_4_ 750 2250 1 0.02 GF_Model_IV
0.115600798136243 399.283650090336 0.0296321048255912 0.000918618095727549 no_error _Recombination_Map_and_Complex_Demographies_Scenario_4_ 750 2250 1 0.02 GF_Model_IV
0.028777741190247 572.947016601373 0.139603256479576 0.00106457654230077 no_error _Recombination_Map_and_Complex_Demographies_Scenario_4_ 750 2250 1 0.02 GF_Model_IV
0.113242182062528 453.375775229357 0.0349939464643272 0.00201564236445765 no_error _Recombination_Map_and_Complex_Demographies_Scenario_4_ 750 2250 1 0.02 GF_Model_IV
0.0878435048172184 436.523781406814 0.0629248284848537 0.000834192537179092 no_error _Recombination_Map_and_Complex_Demographies_Scenario_4_ 750 2250 1 0.02 GF_Model_IV
0.0889281958565741 412.566526669212 0.0678367014564566 0.00281563478221825 no_error _Recombination_Map_and_Complex_Demographies_Scenario_4_ 750 2250 1 0.02 GF_Model_IV
0.0423101734731661 560.899499233564 0.122815275172938 0.000750703864787432 no_error _Recombination_Map_and_Complex_Demographies_Scenario_4_ 750 2250 1 0.02 GF_Model_IV
0.0697565189115382 534.037016921408 0.080475474964375 0.000993354811218239 no_error _Recombination_Map_and_Complex_Demographies_Scenario_4_ 750 2250 1 0.02 GF_Model_IV
0.0731656721360807 490.451477715786 0.0749541637282883 0.00113456193036757 no_error _Recombination_Map_and_Complex_Demographies_Scenario_4_ 750 2250 1 0.02 GF_Model_IV
0.125438981647674 369.685493832168 0.018753165140649 0.001636464242759 no_error _Recombination_Map_and_Complex_Demographies_Scenario_4_ 750 2250 1 0.02 GF_Model_IV
0.0976712094239759 416.402619657459 0.0607532520544828 0.00123799475717959 no_error _Recombination_Map_and_Complex_Demographies_Scenario_4_ 750 2250 1 0.02 GF_Model_IV
