0.0160907963708408 483.780987286115 0.00441776733529766 5.19774752087482e-05 no_error _Recombination_Map_and_Inferred_Demographies_Scenario_1_ 1500 1501 0 0.05 GF_Model_IV
0.0150704393721606 453.759642373215 0.0106076285706073 4.59630650013994e-05 no_error _Recombination_Map_and_Inferred_Demographies_Scenario_1_ 1500 1501 0 0.05 GF_Model_IV
0.016885728666305 474.094845212447 0.00175313118525103 2.97620316540337e-05 no_error _Recombination_Map_and_Inferred_Demographies_Scenario_1_ 1500 1501 0 0.05 GF_Model_IV
0.0157830539196121 484.645847744872 0.0078794332472693 4.25888687502013e-05 no_error _Recombination_Map_and_Inferred_Demographies_Scenario_1_ 1500 1501 0 0.05 GF_Model_IV
0.0185123510499757 461.766281911675 0.00510745776765812 4.43305070386654e-05 no_error _Recombination_Map_and_Inferred_Demographies_Scenario_1_ 1500 1501 0 0.05 GF_Model_IV
0.0164215405187771 489.651497253586 0.00257784780711246 2.9725501769577e-05 no_error _Recombination_Map_and_Inferred_Demographies_Scenario_1_ 1500 1501 0 0.05 GF_Model_IV
0.0166399065344811 445.79283800086 0.0190839027002579 5.56544031001411e-05 no_error _Recombination_Map_and_Inferred_Demographies_Scenario_1_ 1500 1501 0 0.05 GF_Model_IV
0.013292752657532 480.852293529397 0.00457838365157581 3.18722424216303e-05 no_error _Recombination_Map_and_Inferred_Demographies_Scenario_1_ 1500 1501 0 0.05 GF_Model_IV
0.0154057666738527 501.610990881745 0.00194217374934529 3.08348679998455e-05 no_error _Recombination_Map_and_Inferred_Demographies_Scenario_1_ 1500 1501 0 0.05 GF_Model_IV
0.0165275830097074 515.398330249424 0.00209045016214176 1.88886260387193e-05 no_error _Recombination_Map_and_Inferred_Demographies_Scenario_1_ 1500 1501 0 0.05 GF_Model_IV
0.0160844838469563 441.198993086506 0.00610660843545686 5.78104191451885e-05 no_error _Recombination_Map_and_Inferred_Demographies_Scenario_1_ 1500 1501 0 0.05 GF_Model_IV
0.0151680912821812 499.741804850785 0.00350274544696062 3.24615833913353e-05 no_error _Recombination_Map_and_Inferred_Demographies_Scenario_1_ 1500 1501 0 0.05 GF_Model_IV
0.0170156689856278 556.861330293468 0.00102921191661708 1.49303614211142e-05 no_error _Recombination_Map_and_Inferred_Demographies_Scenario_1_ 1500 1501 0 0.05 GF_Model_IV
0.0161506124074862 512.485907259879 0.00892110872981211 3.36084578866619e-05 no_error _Recombination_Map_and_Inferred_Demographies_Scenario_1_ 1500 1501 0 0.05 GF_Model_IV
0.015230073260249 486.021755977924 0.00450304414424905 3.16601223541719e-05 no_error _Recombination_Map_and_Inferred_Demographies_Scenario_1_ 1500 1501 0 0.05 GF_Model_IV
0.0164666030311417 474.006411493854 0.00732819243524486 4.17315020287789e-05 no_error _Recombination_Map_and_Inferred_Demographies_Scenario_1_ 1500 1501 0 0.05 GF_Model_IV
0.0154434936388105 470.260299195207 0.00434188613544098 3.54754666239011e-05 no_error _Recombination_Map_and_Inferred_Demographies_Scenario_1_ 1500 1501 0 0.05 GF_Model_IV
0.015883350245135 548.035095905036 0.000809470652313396 2.90182764169611e-05 no_error _Recombination_Map_and_Inferred_Demographies_Scenario_1_ 1500 1501 0 0.05 GF_Model_IV
0.0177312326089158 429.702474419448 0.015600497021786 0.000122362419915359 no_error _Recombination_Map_and_Inferred_Demographies_Scenario_1_ 1500 1501 0 0.05 GF_Model_IV
0.018819106973132 538.673866257835 0.00467643359082516 4.56518409330934e-05 no_error _Recombination_Map_and_Inferred_Demographies_Scenario_1_ 1500 1501 0 0.05 GF_Model_IV
0.0154993535446131 462.556218243737 0.00327462589519738 2.74051367311484e-05 no_error _Recombination_Map_and_Inferred_Demographies_Scenario_1_ 1500 1501 0 0.05 GF_Model_IV
0.0162865911825675 448.600384437671 0.00621748004349574 6.01208004810935e-05 no_error _Recombination_Map_and_Inferred_Demographies_Scenario_1_ 1500 1501 0 0.05 GF_Model_IV
0.0170149407818423 428.507915516198 0.00348698227139043 7.33136889450355e-05 no_error _Recombination_Map_and_Inferred_Demographies_Scenario_1_ 1500 1501 0 0.05 GF_Model_IV
0.0155203474473574 508.573041869317 0.00147946826816144 3.02457358277297e-05 no_error _Recombination_Map_and_Inferred_Demographies_Scenario_1_ 1500 1501 0 0.05 GF_Model_IV
0.0167671661189919 497.625650350095 0.00207804458631294 2.17457684624617e-05 no_error _Recombination_Map_and_Inferred_Demographies_Scenario_1_ 1500 1501 0 0.05 GF_Model_IV
0.0180609766300799 465.877578179281 0.00487078955126563 7.7444781646805e-05 no_error _Recombination_Map_and_Inferred_Demographies_Scenario_1_ 1500 1501 0 0.05 GF_Model_IV
0.0167368966431541 461.367238292838 0.00598429826800787 4.85002436773889e-05 no_error _Recombination_Map_and_Inferred_Demographies_Scenario_1_ 1500 1501 0 0.05 GF_Model_IV
0.0159732670996133 494.155714514937 0.00309932735585171 2.50668805838054e-05 no_error _Recombination_Map_and_Inferred_Demographies_Scenario_1_ 1500 1501 0 0.05 GF_Model_IV
0.0157916305982014 446.442079540459 0.00669741156033275 4.22397141777883e-05 no_error _Recombination_Map_and_Inferred_Demographies_Scenario_1_ 1500 1501 0 0.05 GF_Model_IV
0.0152296677345839 510.435159845078 0.00325984582249946 2.6469326319058e-05 no_error _Recombination_Map_and_Inferred_Demographies_Scenario_1_ 1500 1501 0 0.05 GF_Model_IV
0.0183767047245454 493.930696526002 0.00191461228089913 4.40731718232681e-05 no_error _Recombination_Map_and_Inferred_Demographies_Scenario_1_ 1500 1501 0 0.05 GF_Model_IV
0.0154671223419476 473.794996030203 0.00275009795855976 2.54592046584916e-05 no_error _Recombination_Map_and_Inferred_Demographies_Scenario_1_ 1500 1501 0 0.05 GF_Model_IV
0.016190510693129 500.047952242607 0.00105712519068794 2.47537563945045e-05 no_error _Recombination_Map_and_Inferred_Demographies_Scenario_1_ 1500 1501 0 0.05 GF_Model_IV
0.0165064920144474 431.459092910511 0.00524878534419226 5.80665935164166e-05 no_error _Recombination_Map_and_Inferred_Demographies_Scenario_1_ 1500 1501 0 0.05 GF_Model_IV
0.0159415391210267 419.783642154533 0.00964351429717387 5.38894461431777e-05 no_error _Recombination_Map_and_Inferred_Demographies_Scenario_1_ 1500 1501 0 0.05 GF_Model_IV
0.0177463519410931 440.614303199819 0.0114719130274392 5.05481085207202e-05 no_error _Recombination_Map_and_Inferred_Demographies_Scenario_1_ 1500 1501 0 0.05 GF_Model_IV
0.0134712862746048 491.807979321067 0.00325013318632427 2.90202770680675e-05 no_error _Recombination_Map_and_Inferred_Demographies_Scenario_1_ 1500 1501 0 0.05 GF_Model_IV
0.0150048452053033 483.837386866053 0.00451285002273228 2.04403020484652e-05 no_error _Recombination_Map_and_Inferred_Demographies_Scenario_1_ 1500 1501 0 0.05 GF_Model_IV
0.01533081710404 456.868785447919 0.0105348239910353 3.74368062140545e-05 no_error _Recombination_Map_and_Inferred_Demographies_Scenario_1_ 1500 1501 0 0.05 GF_Model_IV
0.0160288351253192 454.424356624426 0.0053795135733209 3.35971749094969e-05 no_error _Recombination_Map_and_Inferred_Demographies_Scenario_1_ 1500 1501 0 0.05 GF_Model_IV
0.0160322459859839 468.192030565188 0.00573701774250521 6.36390463193842e-05 no_error _Recombination_Map_and_Inferred_Demographies_Scenario_1_ 1500 1501 0 0.05 GF_Model_IV
0.0137390406125543 446.535803487877 0.006522264447971 3.60349351505533e-05 no_error _Recombination_Map_and_Inferred_Demographies_Scenario_1_ 1500 1501 0 0.05 GF_Model_IV
0.0160589061266126 496.566225226982 0.00455426109604805 2.40083508585021e-05 no_error _Recombination_Map_and_Inferred_Demographies_Scenario_1_ 1500 1501 0 0.05 GF_Model_IV
0.0138717613146594 448.68937748761 0.0106717547423485 3.88268241662899e-05 no_error _Recombination_Map_and_Inferred_Demographies_Scenario_1_ 1500 1501 0 0.05 GF_Model_IV
0.0165479893156652 513.2784087524 0.00238704310791004 4.29967585201321e-05 no_error _Recombination_Map_and_Inferred_Demographies_Scenario_1_ 1500 1501 0 0.05 GF_Model_IV
0.0151387181885565 527.623293618972 0.00309334644756415 2.56064486578103e-05 no_error _Recombination_Map_and_Inferred_Demographies_Scenario_1_ 1500 1501 0 0.05 GF_Model_IV
0.0121782570817741 503.870331005036 0.00248378469259933 2.39817051409089e-05 no_error _Recombination_Map_and_Inferred_Demographies_Scenario_1_ 1500 1501 0 0.05 GF_Model_IV
0.0150356965231047 474.006072710385 0.00357860649556719 2.98078079249902e-05 no_error _Recombination_Map_and_Inferred_Demographies_Scenario_1_ 1500 1501 0 0.05 GF_Model_IV
0.016492418331965 446.133687458506 0.0108429771347573 3.88234294091603e-05 no_error _Recombination_Map_and_Inferred_Demographies_Scenario_1_ 1500 1501 0 0.05 GF_Model_IV
0.0157491148594496 459.133078664308 0.00907263730876039 5.33112737168578e-05 no_error _Recombination_Map_and_Inferred_Demographies_Scenario_1_ 1500 1501 0 0.05 GF_Model_IV
0.0156221036559904 508.84112349855 0.00507910959538647 4.40594502408144e-05 no_error _Recombination_Map_and_Inferred_Demographies_Scenario_1_ 1500 1501 0 0.05 GF_Model_IV
0.0147468971304736 395.830745098668 0.0170295693895005 6.09214942516287e-05 no_error _Recombination_Map_and_Inferred_Demographies_Scenario_1_ 1500 1501 0 0.05 GF_Model_IV
0.0182035814576844 477.059395160287 0.00835647465361928 4.31662238189301e-05 no_error _Recombination_Map_and_Inferred_Demographies_Scenario_1_ 1500 1501 0 0.05 GF_Model_IV
0.0159858078881889 462.921979494246 0.0122892355034629 6.78564248393021e-05 no_error _Recombination_Map_and_Inferred_Demographies_Scenario_1_ 1500 1501 0 0.05 GF_Model_IV
0.0186762008111162 496.033488241404 0.00245724196939854 3.79219751136294e-05 no_error _Recombination_Map_and_Inferred_Demographies_Scenario_1_ 1500 1501 0 0.05 GF_Model_IV
0.0147453071168453 483.476240273245 0.00467706030750935 3.94561130739596e-05 no_error _Recombination_Map_and_Inferred_Demographies_Scenario_1_ 1500 1501 0 0.05 GF_Model_IV
0.0165706066789855 506.333006504235 0.00380131859330487 2.15667645393295e-05 no_error _Recombination_Map_and_Inferred_Demographies_Scenario_1_ 1500 1501 0 0.05 GF_Model_IV
0.0151559818410691 497.558651075353 0.00274646093840539 2.78530706271984e-05 no_error _Recombination_Map_and_Inferred_Demographies_Scenario_1_ 1500 1501 0 0.05 GF_Model_IV
0.0143028478828967 440.390581493007 0.0184648285337034 5.8810751470048e-05 no_error _Recombination_Map_and_Inferred_Demographies_Scenario_1_ 1500 1501 0 0.05 GF_Model_IV
0.0177125187753695 446.875426053455 0.00863364369848964 5.96461775051389e-05 no_error _Recombination_Map_and_Inferred_Demographies_Scenario_1_ 1500 1501 0 0.05 GF_Model_IV
0.0183498788203872 458.852344475521 0.00718802392764054 4.94641108665012e-05 no_error _Recombination_Map_and_Inferred_Demographies_Scenario_1_ 1500 1501 0 0.05 GF_Model_IV
0.0163432201420964 513.845688437605 0.00467527265445119 3.66484138447445e-05 no_error _Recombination_Map_and_Inferred_Demographies_Scenario_1_ 1500 1501 0 0.05 GF_Model_IV
0.0165319129587686 507.144224473277 0.00245395950381462 2.73368990802138e-05 no_error _Recombination_Map_and_Inferred_Demographies_Scenario_1_ 1500 1501 0 0.05 GF_Model_IV
0.0175170416500838 522.377103299109 0.00403437252848461 3.907652540711e-05 no_error _Recombination_Map_and_Inferred_Demographies_Scenario_1_ 1500 1501 0 0.05 GF_Model_IV
0.0160272029196921 484.68725223759 0.00750010615608611 5.79256986194266e-05 no_error _Recombination_Map_and_Inferred_Demographies_Scenario_1_ 1500 1501 0 0.05 GF_Model_IV
0.0173218179766127 530.055709366614 0.0028792102412671 2.94287773946569e-05 no_error _Recombination_Map_and_Inferred_Demographies_Scenario_1_ 1500 1501 0 0.05 GF_Model_IV
0.0157028057855282 440.869422583485 0.00484197856481645 4.15690503419329e-05 no_error _Recombination_Map_and_Inferred_Demographies_Scenario_1_ 1500 1501 0 0.05 GF_Model_IV
0.0164770267304856 504.121282058045 0.00312482483160127 4.82275515421408e-05 no_error _Recombination_Map_and_Inferred_Demographies_Scenario_1_ 1500 1501 0 0.05 GF_Model_IV
0.0156658077404436 483.451505737964 0.00201573063431801 3.17377228221772e-05 no_error _Recombination_Map_and_Inferred_Demographies_Scenario_1_ 1500 1501 0 0.05 GF_Model_IV
0.016545511434763 389.521245362194 0.011095151435511 7.83532457850722e-05 no_error _Recombination_Map_and_Inferred_Demographies_Scenario_1_ 1500 1501 0 0.05 GF_Model_IV
0.0164985622798442 547.661443166275 0.00129239300728879 3.8619388735338e-05 no_error _Recombination_Map_and_Inferred_Demographies_Scenario_1_ 1500 1501 0 0.05 GF_Model_IV
0.0153218413326748 487.965614823603 0.00425480075211387 3.92269041910979e-05 no_error _Recombination_Map_and_Inferred_Demographies_Scenario_1_ 1500 1501 0 0.05 GF_Model_IV
0.0145072429614452 499.484664270133 0.000808849480783074 2.14492091290409e-05 no_error _Recombination_Map_and_Inferred_Demographies_Scenario_1_ 1500 1501 0 0.05 GF_Model_IV
0.0164896580586958 526.511846164305 0.0017696681329075 2.11860509289553e-05 no_error _Recombination_Map_and_Inferred_Demographies_Scenario_1_ 1500 1501 0 0.05 GF_Model_IV
0.0152171323109501 484.908571798857 0.00375217685724469 3.71869431316557e-05 no_error _Recombination_Map_and_Inferred_Demographies_Scenario_1_ 1500 1501 0 0.05 GF_Model_IV
0.0155456421665509 542.859974568634 0.00551117937927353 3.71898364261187e-05 no_error _Recombination_Map_and_Inferred_Demographies_Scenario_1_ 1500 1501 0 0.05 GF_Model_IV
0.0173180395039452 509.829226199966 0.00350242553367955 5.37723751564743e-05 no_error _Recombination_Map_and_Inferred_Demographies_Scenario_1_ 1500 1501 0 0.05 GF_Model_IV
0.0160057140833765 526.055052430878 0.00128348702979545 3.89201434942486e-05 no_error _Recombination_Map_and_Inferred_Demographies_Scenario_1_ 1500 1501 0 0.05 GF_Model_IV
0.0161288718915493 443.862052526949 0.00256486002482762 3.1729889424435e-05 no_error _Recombination_Map_and_Inferred_Demographies_Scenario_1_ 1500 1501 0 0.05 GF_Model_IV
0.0164831742164333 473.47897462883 0.0110047369015194 5.68027638648682e-05 no_error _Recombination_Map_and_Inferred_Demographies_Scenario_1_ 1500 1501 0 0.05 GF_Model_IV
0.0163999669559716 445.512766766668 0.00722083239751283 3.32580804191836e-05 no_error _Recombination_Map_and_Inferred_Demographies_Scenario_1_ 1500 1501 0 0.05 GF_Model_IV
0.0152345618928152 492.079251813427 0.00229257709684126 5.07427941587499e-05 no_error _Recombination_Map_and_Inferred_Demographies_Scenario_1_ 1500 1501 0 0.05 GF_Model_IV
0.0164044242534781 500.917427401084 0.00450600652774779 3.86981090416438e-05 no_error _Recombination_Map_and_Inferred_Demographies_Scenario_1_ 1500 1501 0 0.05 GF_Model_IV
0.0161579060274848 374.293268353126 0.0191624638297023 8.72754783787647e-05 no_error _Recombination_Map_and_Inferred_Demographies_Scenario_1_ 1500 1501 0 0.05 GF_Model_IV
0.0165714780256806 474.499113249716 0.0054661901681065 5.44819408581406e-05 no_error _Recombination_Map_and_Inferred_Demographies_Scenario_1_ 1500 1501 0 0.05 GF_Model_IV
0.0175187666116443 474.614616258365 0.00480904050471545 4.05717898308735e-05 no_error _Recombination_Map_and_Inferred_Demographies_Scenario_1_ 1500 1501 0 0.05 GF_Model_IV
0.0175797449587707 530.521508274549 0.00149784198879826 2.59437486993096e-05 no_error _Recombination_Map_and_Inferred_Demographies_Scenario_1_ 1500 1501 0 0.05 GF_Model_IV
0.0170334424139587 490.486241244634 0.00267991006704368 2.99454365073743e-05 no_error _Recombination_Map_and_Inferred_Demographies_Scenario_1_ 1500 1501 0 0.05 GF_Model_IV
0.0138689450101276 412.136377476699 0.0189061598505786 5.38352443589335e-05 no_error _Recombination_Map_and_Inferred_Demographies_Scenario_1_ 1500 1501 0 0.05 GF_Model_IV
0.0170887891517439 484.39625361249 0.00385420367699449 2.8518762634367e-05 no_error _Recombination_Map_and_Inferred_Demographies_Scenario_1_ 1500 1501 0 0.05 GF_Model_IV
0.0173324781365238 470.088766545796 0.00362924685709994 3.10410832451014e-05 no_error _Recombination_Map_and_Inferred_Demographies_Scenario_1_ 1500 1501 0 0.05 GF_Model_IV
0.015488414087758 462.387142237775 0.00573593035977465 3.8263263743918e-05 no_error _Recombination_Map_and_Inferred_Demographies_Scenario_1_ 1500 1501 0 0.05 GF_Model_IV
0.0152038494806959 494.531404272838 0.00888877160164404 3.49125147789887e-05 no_error _Recombination_Map_and_Inferred_Demographies_Scenario_1_ 1500 1501 0 0.05 GF_Model_IV
0.0160161001774335 503.733690420341 0.0136949948429157 5.79820989613439e-05 no_error _Recombination_Map_and_Inferred_Demographies_Scenario_1_ 1500 1501 0 0.05 GF_Model_IV
0.0167029237521962 493.98225918203 0.00136293749884665 2.29187204223396e-05 no_error _Recombination_Map_and_Inferred_Demographies_Scenario_1_ 1500 1501 0 0.05 GF_Model_IV
0.0168878818970127 507.467919022396 0.00249519046390518 4.80632879648354e-05 no_error _Recombination_Map_and_Inferred_Demographies_Scenario_1_ 1500 1501 0 0.05 GF_Model_IV
0.0178255558495091 520.309946592356 0.00173167644807045 4.05634686837681e-05 no_error _Recombination_Map_and_Inferred_Demographies_Scenario_1_ 1500 1501 0 0.05 GF_Model_IV
0.0169423118182412 494.585335691791 0.00574112842426191 3.78006820355833e-05 no_error _Recombination_Map_and_Inferred_Demographies_Scenario_1_ 1500 1501 0 0.05 GF_Model_IV
0.0143395541538724 524.96259003575 0.00138066067802364 2.5980534098593e-05 no_error _Recombination_Map_and_Inferred_Demographies_Scenario_1_ 1500 1501 0 0.05 GF_Model_IV
0.0155255650746696 483.910484069544 0.00362573459696403 3.15592132092669e-05 no_error _Recombination_Map_and_Inferred_Demographies_Scenario_1_ 1500 1501 0 0.05 GF_Model_IV
0.145356364790473 362.005927016334 0.0322561615841914 0.000726539413490951 no_error _Recombination_Map_and_Inferred_Demographies_Scenario_2_ 1500 1501 1 0.05 GF_Model_IV
0.133114319122886 425.344121504338 0.0428556534657266 0.000723601102997192 no_error _Recombination_Map_and_Inferred_Demographies_Scenario_2_ 1500 1501 1 0.05 GF_Model_IV
0.155134455539661 332.917627141738 0.0202872385368316 0.00228181687986765 no_error _Recombination_Map_and_Inferred_Demographies_Scenario_2_ 1500 1501 1 0.05 GF_Model_IV
0.105429795015256 488.918510894069 0.0912689731497041 0.00148023810024644 no_error _Recombination_Map_and_Inferred_Demographies_Scenario_2_ 1500 1501 1 0.05 GF_Model_IV
0.0805898168680863 466.452402415405 0.108207614935555 0.000703047541493919 no_error _Recombination_Map_and_Inferred_Demographies_Scenario_2_ 1500 1501 1 0.05 GF_Model_IV
0.15234146521808 384.654328026405 0.0488835917514885 0.00112600255980798 no_error _Recombination_Map_and_Inferred_Demographies_Scenario_2_ 1500 1501 1 0.05 GF_Model_IV
0.154753374230741 346.848550282151 0.0134562530972158 0.00114947468312665 no_error _Recombination_Map_and_Inferred_Demographies_Scenario_2_ 1500 1501 1 0.05 GF_Model_IV
0.1266166113114 353.616454200858 0.0767664397366165 0.00173748054314338 no_error _Recombination_Map_and_Inferred_Demographies_Scenario_2_ 1500 1501 1 0.05 GF_Model_IV
0.0794990324543766 568.811529848359 0.115066224707277 0.000884300487930481 no_error _Recombination_Map_and_Inferred_Demographies_Scenario_2_ 1500 1501 1 0.05 GF_Model_IV
0.113498150255354 452.147490232918 0.0752244498953329 0.00119717465674563 no_error _Recombination_Map_and_Inferred_Demographies_Scenario_2_ 1500 1501 1 0.05 GF_Model_IV
0.06945892163745 472.524340927591 0.145298606549092 0.00133216771809257 no_error _Recombination_Map_and_Inferred_Demographies_Scenario_2_ 1500 1501 1 0.05 GF_Model_IV
0.0809500513635906 541.661202296417 0.14313562257138 0.00309201162448509 no_error _Recombination_Map_and_Inferred_Demographies_Scenario_2_ 1500 1501 1 0.05 GF_Model_IV
0.103660209748143 398.923806041152 0.0901183612993291 0.00141461334945126 no_error _Recombination_Map_and_Inferred_Demographies_Scenario_2_ 1500 1501 1 0.05 GF_Model_IV
0.0682241639575438 521.512949853695 0.140304751201029 0.00113197993620079 no_error _Recombination_Map_and_Inferred_Demographies_Scenario_2_ 1500 1501 1 0.05 GF_Model_IV
0.12769204673001 432.902508323128 0.0823799207519352 0.00148279346688225 no_error _Recombination_Map_and_Inferred_Demographies_Scenario_2_ 1500 1501 1 0.05 GF_Model_IV
0.0692545307837302 494.164666665215 0.170938861416108 0.00252285772355552 no_error _Recombination_Map_and_Inferred_Demographies_Scenario_2_ 1500 1501 1 0.05 GF_Model_IV
0.0686970193842262 441.806236086055 0.134930504290619 0.00111789337855291 no_error _Recombination_Map_and_Inferred_Demographies_Scenario_2_ 1500 1501 1 0.05 GF_Model_IV
0.0761651120845301 469.242450639872 0.0861191860213103 0.000571711340771586 no_error _Recombination_Map_and_Inferred_Demographies_Scenario_2_ 1500 1501 1 0.05 GF_Model_IV
0.105688299207013 423.597866048277 0.0986487691219763 0.00135582731535184 no_error _Recombination_Map_and_Inferred_Demographies_Scenario_2_ 1500 1501 1 0.05 GF_Model_IV
0.143932253289036 353.823265418757 0.0379943239371426 0.00100169720776584 no_error _Recombination_Map_and_Inferred_Demographies_Scenario_2_ 1500 1501 1 0.05 GF_Model_IV
0.141659632727958 379.098212707633 0.0553054449819485 0.00128625226466824 no_error _Recombination_Map_and_Inferred_Demographies_Scenario_2_ 1500 1501 1 0.05 GF_Model_IV
0.0808805524334293 459.415777415738 0.130964905347273 0.00237584550070897 no_error _Recombination_Map_and_Inferred_Demographies_Scenario_2_ 1500 1501 1 0.05 GF_Model_IV
0.0877762045440447 381.446157074716 0.0679088190549469 0.00179194845248056 no_error _Recombination_Map_and_Inferred_Demographies_Scenario_2_ 1500 1501 1 0.05 GF_Model_IV
0.147346767192441 366.725940965306 0.0371058102989046 0.000962883635729332 no_error _Recombination_Map_and_Inferred_Demographies_Scenario_2_ 1500 1501 1 0.05 GF_Model_IV
0.179686105708216 309.599846029289 0.00674454455748475 0.00170945003763219 no_error _Recombination_Map_and_Inferred_Demographies_Scenario_2_ 1500 1501 1 0.05 GF_Model_IV
0.171780089160933 354.954899181888 0.0365775662776725 0.000900394051333099 no_error _Recombination_Map_and_Inferred_Demographies_Scenario_2_ 1500 1501 1 0.05 GF_Model_IV
0.143187076261068 363.220652875418 0.0366098625299224 0.000816729077921528 no_error _Recombination_Map_and_Inferred_Demographies_Scenario_2_ 1500 1501 1 0.05 GF_Model_IV
0.180966106251355 362.380613334075 0.0201447878720443 0.00156521780359175 no_error _Recombination_Map_and_Inferred_Demographies_Scenario_2_ 1500 1501 1 0.05 GF_Model_IV
0.0981824298086649 437.709071728277 0.107630709641795 0.00227498122720717 no_error _Recombination_Map_and_Inferred_Demographies_Scenario_2_ 1500 1501 1 0.05 GF_Model_IV
0.081353085612912 495.927129314529 0.104100572609894 0.00104436536075428 no_error _Recombination_Map_and_Inferred_Demographies_Scenario_2_ 1500 1501 1 0.05 GF_Model_IV
0.111043937440861 392.168595358588 0.0969858574891006 0.00154998101247109 no_error _Recombination_Map_and_Inferred_Demographies_Scenario_2_ 1500 1501 1 0.05 GF_Model_IV
0.118048668934251 416.486406314081 0.0815788499817557 0.00130552341408087 no_error _Recombination_Map_and_Inferred_Demographies_Scenario_2_ 1500 1501 1 0.05 GF_Model_IV
0.114803290115197 415.646363713606 0.0772133016829118 0.00119526376031487 no_error _Recombination_Map_and_Inferred_Demographies_Scenario_2_ 1500 1501 1 0.05 GF_Model_IV
0.168960004955655 363.402811948406 0.0167571568513374 0.00165986231246949 no_error _Recombination_Map_and_Inferred_Demographies_Scenario_2_ 1500 1501 1 0.05 GF_Model_IV
0.145816684681926 334.839662572425 0.0430157511767515 0.00154672046885302 no_error _Recombination_Map_and_Inferred_Demographies_Scenario_2_ 1500 1501 1 0.05 GF_Model_IV
0.13385279913129 374.334950926431 0.0584113790571648 0.00131798377212866 no_error _Recombination_Map_and_Inferred_Demographies_Scenario_2_ 1500 1501 1 0.05 GF_Model_IV
0.0939504138892816 499.41339623628 0.0809006115653996 0.00165478135891 no_error _Recombination_Map_and_Inferred_Demographies_Scenario_2_ 1500 1501 1 0.05 GF_Model_IV
0.141681790568021 353.370267369153 0.04085113241724 0.0016767662154964 no_error _Recombination_Map_and_Inferred_Demographies_Scenario_2_ 1500 1501 1 0.05 GF_Model_IV
0.1487930009822 351.501364826659 0.04712149921269 0.00128950284398277 no_error _Recombination_Map_and_Inferred_Demographies_Scenario_2_ 1500 1501 1 0.05 GF_Model_IV
0.100715928793366 458.370056607959 0.111301451490101 0.00153444533223299 no_error _Recombination_Map_and_Inferred_Demographies_Scenario_2_ 1500 1501 1 0.05 GF_Model_IV
0.118404478002435 405.607386527096 0.0697811713017464 0.00122417830012878 no_error _Recombination_Map_and_Inferred_Demographies_Scenario_2_ 1500 1501 1 0.05 GF_Model_IV
0.0762966361142674 477.60530543946 0.154242882300617 0.00249868201972272 no_error _Recombination_Map_and_Inferred_Demographies_Scenario_2_ 1500 1501 1 0.05 GF_Model_IV
0.125910999164728 405.372646007433 0.0554601874502319 0.00142660604046334 no_error _Recombination_Map_and_Inferred_Demographies_Scenario_2_ 1500 1501 1 0.05 GF_Model_IV
0.150323263976092 345.65964331604 0.0297077125125565 0.00113840137273115 no_error _Recombination_Map_and_Inferred_Demographies_Scenario_2_ 1500 1501 1 0.05 GF_Model_IV
0.177527473221955 341.0009349043 0.0076487231598932 0.000564027062975777 no_error _Recombination_Map_and_Inferred_Demographies_Scenario_2_ 1500 1501 1 0.05 GF_Model_IV
0.0973106103143842 431.748792014596 0.100833567692402 0.00106388618907565 no_error _Recombination_Map_and_Inferred_Demographies_Scenario_2_ 1500 1501 1 0.05 GF_Model_IV
0.140837166424086 392.015878753738 0.0599328129756831 0.00129349979090068 no_error _Recombination_Map_and_Inferred_Demographies_Scenario_2_ 1500 1501 1 0.05 GF_Model_IV
0.126089078645257 395.673083977723 0.0845994856701486 0.00160504498525795 no_error _Recombination_Map_and_Inferred_Demographies_Scenario_2_ 1500 1501 1 0.05 GF_Model_IV
0.155409655298773 358.156205185678 0.0333704527694462 0.00136418574383368 no_error _Recombination_Map_and_Inferred_Demographies_Scenario_2_ 1500 1501 1 0.05 GF_Model_IV
0.167893753801829 331.410733391025 0.0227412525812179 0.0021563241458736 no_error _Recombination_Map_and_Inferred_Demographies_Scenario_2_ 1500 1501 1 0.05 GF_Model_IV
0.143374548460937 405.87387571065 0.0436593081581677 0.00136188751373213 no_error _Recombination_Map_and_Inferred_Demographies_Scenario_2_ 1500 1501 1 0.05 GF_Model_IV
0.137887553937988 383.278504732415 0.0594723532897204 0.00141208632746432 no_error _Recombination_Map_and_Inferred_Demographies_Scenario_2_ 1500 1501 1 0.05 GF_Model_IV
0.103948302628684 431.898156106316 0.0950465939771167 0.00154778972853885 no_error _Recombination_Map_and_Inferred_Demographies_Scenario_2_ 1500 1501 1 0.05 GF_Model_IV
0.12372273211605 384.500609908486 0.0711062299443372 0.00211132711666173 no_error _Recombination_Map_and_Inferred_Demographies_Scenario_2_ 1500 1501 1 0.05 GF_Model_IV
0.127860532081057 439.47062753268 0.0480606642727757 0.000691155879075283 no_error _Recombination_Map_and_Inferred_Demographies_Scenario_2_ 1500 1501 1 0.05 GF_Model_IV
0.147351750929092 350.51713384491 0.0357462269935217 0.0016486291039804 no_error _Recombination_Map_and_Inferred_Demographies_Scenario_2_ 1500 1501 1 0.05 GF_Model_IV
0.161391021635292 319.535365657252 0.0265660130944241 0.00102850296869579 no_error _Recombination_Map_and_Inferred_Demographies_Scenario_2_ 1500 1501 1 0.05 GF_Model_IV
0.137573063658315 315.551620463938 0.0478221394048765 0.00129767010468984 no_error _Recombination_Map_and_Inferred_Demographies_Scenario_2_ 1500 1501 1 0.05 GF_Model_IV
0.155599861064737 342.950756553539 0.0385937092529686 0.00121583707864174 no_error _Recombination_Map_and_Inferred_Demographies_Scenario_2_ 1500 1501 1 0.05 GF_Model_IV
0.125339683565182 403.831074404988 0.0746605231508174 0.000947370539870484 no_error _Recombination_Map_and_Inferred_Demographies_Scenario_2_ 1500 1501 1 0.05 GF_Model_IV
0.158534818420574 352.449115360567 0.0341493947429878 0.00131806104061731 no_error _Recombination_Map_and_Inferred_Demographies_Scenario_2_ 1500 1501 1 0.05 GF_Model_IV
0.115354245145273 421.959569965443 0.0510482834757068 0.00124415281695113 no_error _Recombination_Map_and_Inferred_Demographies_Scenario_2_ 1500 1501 1 0.05 GF_Model_IV
0.160827229493077 362.252446020085 0.0299388294000805 0.000945828509926134 no_error _Recombination_Map_and_Inferred_Demographies_Scenario_2_ 1500 1501 1 0.05 GF_Model_IV
0.123439941936211 364.295648159528 0.0682325624434197 0.00158633410430205 no_error _Recombination_Map_and_Inferred_Demographies_Scenario_2_ 1500 1501 1 0.05 GF_Model_IV
0.141540009741211 378.462864659235 0.0475227974203282 0.00131144692400162 no_error _Recombination_Map_and_Inferred_Demographies_Scenario_2_ 1500 1501 1 0.05 GF_Model_IV
0.158727601882875 379.519332279078 0.0293203475069697 0.00110615614040804 no_error _Recombination_Map_and_Inferred_Demographies_Scenario_2_ 1500 1501 1 0.05 GF_Model_IV
0.127678127450403 374.533922506741 0.0713307848552287 0.00186665569657361 no_error _Recombination_Map_and_Inferred_Demographies_Scenario_2_ 1500 1501 1 0.05 GF_Model_IV
0.0908086117953258 415.859809930466 0.110681570879992 0.00133421231184948 no_error _Recombination_Map_and_Inferred_Demographies_Scenario_2_ 1500 1501 1 0.05 GF_Model_IV
0.0991826291513833 423.016140915471 0.0907174110733637 0.00105874104109407 no_error _Recombination_Map_and_Inferred_Demographies_Scenario_2_ 1500 1501 1 0.05 GF_Model_IV
0.101578758090982 383.191217608222 0.0771222458147425 0.00123616275708416 no_error _Recombination_Map_and_Inferred_Demographies_Scenario_2_ 1500 1501 1 0.05 GF_Model_IV
0.13542806219416 371.235087552466 0.0595031828330927 0.001786896582856 no_error _Recombination_Map_and_Inferred_Demographies_Scenario_2_ 1500 1501 1 0.05 GF_Model_IV
0.126925427709042 394.181870090979 0.0934214100938038 0.0022858397178725 no_error _Recombination_Map_and_Inferred_Demographies_Scenario_2_ 1500 1501 1 0.05 GF_Model_IV
0.0909535950792975 435.927515552404 0.105251945569459 0.00117156962163847 no_error _Recombination_Map_and_Inferred_Demographies_Scenario_2_ 1500 1501 1 0.05 GF_Model_IV
0.0926796519519043 476.386208149969 0.0985956254194901 0.00108120461814618 no_error _Recombination_Map_and_Inferred_Demographies_Scenario_2_ 1500 1501 1 0.05 GF_Model_IV
0.135917573232072 395.876034412641 0.0503269642948678 0.000846806571438674 no_error _Recombination_Map_and_Inferred_Demographies_Scenario_2_ 1500 1501 1 0.05 GF_Model_IV
0.130450463420106 408.527466290181 0.0547837746277574 0.000873986853564984 no_error _Recombination_Map_and_Inferred_Demographies_Scenario_2_ 1500 1501 1 0.05 GF_Model_IV
0.120411140730715 381.802578153329 0.077783239252307 0.000904189999899434 no_error _Recombination_Map_and_Inferred_Demographies_Scenario_2_ 1500 1501 1 0.05 GF_Model_IV
0.111721717549539 437.868624521173 0.0468137460327059 0.000946260906855101 no_error _Recombination_Map_and_Inferred_Demographies_Scenario_2_ 1500 1501 1 0.05 GF_Model_IV
0.110176556656943 521.504918246777 0.0989762358844799 0.00237076563503576 no_error _Recombination_Map_and_Inferred_Demographies_Scenario_2_ 1500 1501 1 0.05 GF_Model_IV
0.0560154035707783 618.394677767994 0.16887275503008 0.00137908940086009 no_error _Recombination_Map_and_Inferred_Demographies_Scenario_2_ 1500 1501 1 0.05 GF_Model_IV
0.0915341511873371 436.633730334745 0.0767332941999012 0.00064010558587478 no_error _Recombination_Map_and_Inferred_Demographies_Scenario_2_ 1500 1501 1 0.05 GF_Model_IV
0.141014154747541 325.121679626996 0.0195134954682449 0.000810070423296267 no_error _Recombination_Map_and_Inferred_Demographies_Scenario_2_ 1500 1501 1 0.05 GF_Model_IV
0.0817745831619757 469.400596041571 0.105222087473978 0.00106906057785304 no_error _Recombination_Map_and_Inferred_Demographies_Scenario_2_ 1500 1501 1 0.05 GF_Model_IV
0.0980232453858875 483.023884229061 0.0916460619340301 0.000907628657644056 no_error _Recombination_Map_and_Inferred_Demographies_Scenario_2_ 1500 1501 1 0.05 GF_Model_IV
0.124797172016626 398.425521142305 0.0804147407750873 0.00180060495594923 no_error _Recombination_Map_and_Inferred_Demographies_Scenario_2_ 1500 1501 1 0.05 GF_Model_IV
0.116888481463178 423.978457275597 0.0834897751559937 0.00132628169360803 no_error _Recombination_Map_and_Inferred_Demographies_Scenario_2_ 1500 1501 1 0.05 GF_Model_IV
0.101828835143488 397.616184221841 0.104090277782879 0.00155172379367072 no_error _Recombination_Map_and_Inferred_Demographies_Scenario_2_ 1500 1501 1 0.05 GF_Model_IV
0.152678083422044 370.187176391792 0.0266616765954662 0.00130409168036376 no_error _Recombination_Map_and_Inferred_Demographies_Scenario_2_ 1500 1501 1 0.05 GF_Model_IV
0.073559617001166 480.984128075747 0.100145399676402 0.000927486480071751 no_error _Recombination_Map_and_Inferred_Demographies_Scenario_2_ 1500 1501 1 0.05 GF_Model_IV
0.13811391212093 367.773986979632 0.0622122214344328 0.00156166740724416 no_error _Recombination_Map_and_Inferred_Demographies_Scenario_2_ 1500 1501 1 0.05 GF_Model_IV
0.139317605074225 396.093809933112 0.0361246186709057 0.00164609963301741 no_error _Recombination_Map_and_Inferred_Demographies_Scenario_2_ 1500 1501 1 0.05 GF_Model_IV
0.149466947352791 375.895816302083 0.046456977459653 0.00116435225964532 no_error _Recombination_Map_and_Inferred_Demographies_Scenario_2_ 1500 1501 1 0.05 GF_Model_IV
0.117510900265154 398.669098510055 0.0631424499257487 0.000980275429097914 no_error _Recombination_Map_and_Inferred_Demographies_Scenario_2_ 1500 1501 1 0.05 GF_Model_IV
0.15469370007513 359.021220439445 0.0364941550088622 0.00132962056948827 no_error _Recombination_Map_and_Inferred_Demographies_Scenario_2_ 1500 1501 1 0.05 GF_Model_IV
0.150166083898633 352.558755014109 0.0326155940805026 0.00116656880501979 no_error _Recombination_Map_and_Inferred_Demographies_Scenario_2_ 1500 1501 1 0.05 GF_Model_IV
0.114260549723459 430.568219799742 0.0556811995152388 0.000946064026573138 no_error _Recombination_Map_and_Inferred_Demographies_Scenario_2_ 1500 1501 1 0.05 GF_Model_IV
0.120356692340491 419.866351358717 0.0925344791615215 0.00234650129217968 no_error _Recombination_Map_and_Inferred_Demographies_Scenario_2_ 1500 1501 1 0.05 GF_Model_IV
0.0749427359568644 473.707710678221 0.0862668474511142 0.000973277646546879 no_error _Recombination_Map_and_Inferred_Demographies_Scenario_2_ 1500 1501 1 0.05 GF_Model_IV
0.142734309663287 375.515943312004 0.0557083164137571 0.00232783512697006 no_error _Recombination_Map_and_Inferred_Demographies_Scenario_2_ 1500 1501 1 0.05 GF_Model_IV
0.115591898937667 425.309617001847 0.0756298136242867 0.00150927268882998 no_error _Recombination_Map_and_Inferred_Demographies_Scenario_2_ 1500 1501 1 0.05 GF_Model_IV
0.0164446980516421 479.709766234914 0.00217843255391881 2.47975325600171e-05 no_error _Recombination_Map_and_Inferred_Demographies_Scenario_3_ 750 2250 0 0.05 GF_Model_IV
0.0148715814142402 461.673055236722 0.00534430309608534 4.90883146009867e-05 no_error _Recombination_Map_and_Inferred_Demographies_Scenario_3_ 750 2250 0 0.05 GF_Model_IV
0.0147180084637499 414.217287133784 0.014355652522963 9.75769430723405e-05 no_error _Recombination_Map_and_Inferred_Demographies_Scenario_3_ 750 2250 0 0.05 GF_Model_IV
0.0172255332534506 453.952388038357 0.00609439007475278 3.96900193180702e-05 no_error _Recombination_Map_and_Inferred_Demographies_Scenario_3_ 750 2250 0 0.05 GF_Model_IV
0.0158892530440994 455.755546797591 0.00448149502125483 5.06737533782889e-05 no_error _Recombination_Map_and_Inferred_Demographies_Scenario_3_ 750 2250 0 0.05 GF_Model_IV
0.015228134431295 431.214155991508 0.00508337792454387 4.3274826223549e-05 no_error _Recombination_Map_and_Inferred_Demographies_Scenario_3_ 750 2250 0 0.05 GF_Model_IV
0.0175060574881259 494.312924673515 0.0023026523201228 4.06515312868389e-05 no_error _Recombination_Map_and_Inferred_Demographies_Scenario_3_ 750 2250 0 0.05 GF_Model_IV
0.0153267365195076 474.744880179997 0.00201965796913279 3.82465330465813e-05 no_error _Recombination_Map_and_Inferred_Demographies_Scenario_3_ 750 2250 0 0.05 GF_Model_IV
0.0163838146181243 477.495614839999 0.00605608916883492 3.90450296078037e-05 no_error _Recombination_Map_and_Inferred_Demographies_Scenario_3_ 750 2250 0 0.05 GF_Model_IV
0.0144409339443842 455.06302387812 0.0105592425645221 4.92451215606696e-05 no_error _Recombination_Map_and_Inferred_Demographies_Scenario_3_ 750 2250 0 0.05 GF_Model_IV
0.0136510321777115 521.676041557876 0.00558685408058009 4.28946965928212e-05 no_error _Recombination_Map_and_Inferred_Demographies_Scenario_3_ 750 2250 0 0.05 GF_Model_IV
0.0164506573156413 485.777299965678 0.0037921516270337 4.73037355763822e-05 no_error _Recombination_Map_and_Inferred_Demographies_Scenario_3_ 750 2250 0 0.05 GF_Model_IV
0.0154395409236221 511.362980415637 0.00418289568533196 3.79489504119999e-05 no_error _Recombination_Map_and_Inferred_Demographies_Scenario_3_ 750 2250 0 0.05 GF_Model_IV
0.0152726605180643 464.375965501791 0.00770062160099796 4.22045115568413e-05 no_error _Recombination_Map_and_Inferred_Demographies_Scenario_3_ 750 2250 0 0.05 GF_Model_IV
0.015828695558673 466.66914020996 0.00514276758141608 4.48279257544818e-05 no_error _Recombination_Map_and_Inferred_Demographies_Scenario_3_ 750 2250 0 0.05 GF_Model_IV
0.0156054482018268 509.931980277711 0.00149438267995243 3.84680844561862e-05 no_error _Recombination_Map_and_Inferred_Demographies_Scenario_3_ 750 2250 0 0.05 GF_Model_IV
0.0164709641661814 484.43121707346 0.00132381636959241 4.12563504681231e-05 no_error _Recombination_Map_and_Inferred_Demographies_Scenario_3_ 750 2250 0 0.05 GF_Model_IV
0.0179055558412004 475.454720118836 0.00717656948328551 3.46082819764408e-05 no_error _Recombination_Map_and_Inferred_Demographies_Scenario_3_ 750 2250 0 0.05 GF_Model_IV
0.0148910382775381 462.418982346065 0.00178457357622464 3.9882998868181e-05 no_error _Recombination_Map_and_Inferred_Demographies_Scenario_3_ 750 2250 0 0.05 GF_Model_IV
0.0178536256536097 501.836274185195 0.00409137012898321 2.84519353262567e-05 no_error _Recombination_Map_and_Inferred_Demographies_Scenario_3_ 750 2250 0 0.05 GF_Model_IV
0.0147520750394973 486.445114471641 0.00260215877195588 3.05289129931358e-05 no_error _Recombination_Map_and_Inferred_Demographies_Scenario_3_ 750 2250 0 0.05 GF_Model_IV
0.0142322026400468 449.876090835237 0.00801641764682882 4.50246939676173e-05 no_error _Recombination_Map_and_Inferred_Demographies_Scenario_3_ 750 2250 0 0.05 GF_Model_IV
0.014314387760188 455.247634116965 0.0244232446140394 4.63068811079782e-05 no_error _Recombination_Map_and_Inferred_Demographies_Scenario_3_ 750 2250 0 0.05 GF_Model_IV
0.0160096216582294 501.031046179265 0.00472562578282185 3.65185157872139e-05 no_error _Recombination_Map_and_Inferred_Demographies_Scenario_3_ 750 2250 0 0.05 GF_Model_IV
0.0153813236098876 458.309341113256 0.00365498946967034 3.70271279830813e-05 no_error _Recombination_Map_and_Inferred_Demographies_Scenario_3_ 750 2250 0 0.05 GF_Model_IV
0.0148418818407744 452.80559475178 0.00838234827880018 3.52380719305516e-05 no_error _Recombination_Map_and_Inferred_Demographies_Scenario_3_ 750 2250 0 0.05 GF_Model_IV
0.0146411887671948 496.635529088031 0.00319254549961844 3.27053864178286e-05 no_error _Recombination_Map_and_Inferred_Demographies_Scenario_3_ 750 2250 0 0.05 GF_Model_IV
0.0134615459452825 382.821737585869 0.0302483734694265 6.74948056831786e-05 no_error _Recombination_Map_and_Inferred_Demographies_Scenario_3_ 750 2250 0 0.05 GF_Model_IV
0.016429052678566 473.423211321724 0.00710917014605668 4.09941775746537e-05 no_error _Recombination_Map_and_Inferred_Demographies_Scenario_3_ 750 2250 0 0.05 GF_Model_IV
0.0168692145309213 519.939269501229 0.000902947800006028 3.82906421473802e-05 no_error _Recombination_Map_and_Inferred_Demographies_Scenario_3_ 750 2250 0 0.05 GF_Model_IV
0.0144904231335694 483.983665601445 0.00258401586590029 3.59909285349518e-05 no_error _Recombination_Map_and_Inferred_Demographies_Scenario_3_ 750 2250 0 0.05 GF_Model_IV
0.0174156852478578 468.323274786857 0.00539302166613794 3.23258388276085e-05 no_error _Recombination_Map_and_Inferred_Demographies_Scenario_3_ 750 2250 0 0.05 GF_Model_IV
0.0155250274572456 438.870729438919 0.0160808828515454 2.68727089314228e-05 no_error _Recombination_Map_and_Inferred_Demographies_Scenario_3_ 750 2250 0 0.05 GF_Model_IV
0.0133565928187019 466.291321124291 0.00349839918945247 3.03547482292114e-05 no_error _Recombination_Map_and_Inferred_Demographies_Scenario_3_ 750 2250 0 0.05 GF_Model_IV
0.0140230353935593 453.751952857448 0.00665160189633592 3.13020894348538e-05 no_error _Recombination_Map_and_Inferred_Demographies_Scenario_3_ 750 2250 0 0.05 GF_Model_IV
0.0140360323622018 422.242241247007 0.00406495531291057 3.19522150102461e-05 no_error _Recombination_Map_and_Inferred_Demographies_Scenario_3_ 750 2250 0 0.05 GF_Model_IV
0.0162762268459521 488.673297064584 0.003422275248072 3.0546189975304e-05 no_error _Recombination_Map_and_Inferred_Demographies_Scenario_3_ 750 2250 0 0.05 GF_Model_IV
0.0155584855137581 388.096519388439 0.00623638166854204 4.76580228338289e-05 no_error _Recombination_Map_and_Inferred_Demographies_Scenario_3_ 750 2250 0 0.05 GF_Model_IV
0.0163268195260828 505.241610847941 0.00343485209959456 3.65787930873003e-05 no_error _Recombination_Map_and_Inferred_Demographies_Scenario_3_ 750 2250 0 0.05 GF_Model_IV
0.015071119024337 463.570446340531 0.0175190595317467 4.82846396300812e-05 no_error _Recombination_Map_and_Inferred_Demographies_Scenario_3_ 750 2250 0 0.05 GF_Model_IV
0.0157355947855132 407.179949537303 0.00465627421160683 4.13103908315803e-05 no_error _Recombination_Map_and_Inferred_Demographies_Scenario_3_ 750 2250 0 0.05 GF_Model_IV
0.0138647288098461 481.459324011257 0.00442677212197735 2.95998278310157e-05 no_error _Recombination_Map_and_Inferred_Demographies_Scenario_3_ 750 2250 0 0.05 GF_Model_IV
0.0167196826556086 485.490747611055 0.00291188522152802 4.51722268092906e-05 no_error _Recombination_Map_and_Inferred_Demographies_Scenario_3_ 750 2250 0 0.05 GF_Model_IV
0.0151249339949205 504.45240140165 0.00170056169620246 4.299224294487e-05 no_error _Recombination_Map_and_Inferred_Demographies_Scenario_3_ 750 2250 0 0.05 GF_Model_IV
0.01343665824387 505.375653554539 0.00291344473102688 1.67974714831487e-05 no_error _Recombination_Map_and_Inferred_Demographies_Scenario_3_ 750 2250 0 0.05 GF_Model_IV
0.0136065661994261 459.377328330595 0.00949060267257447 4.17551262850031e-05 no_error _Recombination_Map_and_Inferred_Demographies_Scenario_3_ 750 2250 0 0.05 GF_Model_IV
0.015290494666565 439.155268487918 0.00448513454486725 2.91634277455074e-05 no_error _Recombination_Map_and_Inferred_Demographies_Scenario_3_ 750 2250 0 0.05 GF_Model_IV
0.0151196976200657 352.342514801452 0.00862537460173206 6.04650033872887e-05 no_error _Recombination_Map_and_Inferred_Demographies_Scenario_3_ 750 2250 0 0.05 GF_Model_IV
0.0140586322653972 319.184908546224 0.034289830068433 5.70958003190913e-05 no_error _Recombination_Map_and_Inferred_Demographies_Scenario_3_ 750 2250 0 0.05 GF_Model_IV
0.0157582562879597 455.510223782162 0.0061983287688446 2.76373251268136e-05 no_error _Recombination_Map_and_Inferred_Demographies_Scenario_3_ 750 2250 0 0.05 GF_Model_IV
0.0136207908915872 407.387663359846 0.0070514258600959 4.10065571727572e-05 no_error _Recombination_Map_and_Inferred_Demographies_Scenario_3_ 750 2250 0 0.05 GF_Model_IV
0.0136234835889753 421.169968213767 0.0194033434137688 4.74915294633894e-05 no_error _Recombination_Map_and_Inferred_Demographies_Scenario_3_ 750 2250 0 0.05 GF_Model_IV
0.0154579159829149 464.367392973428 0.00394709552516795 3.83574115532715e-05 no_error _Recombination_Map_and_Inferred_Demographies_Scenario_3_ 750 2250 0 0.05 GF_Model_IV
0.0129510994415343 481.560484715175 0.0043050534102429 3.23813739438551e-05 no_error _Recombination_Map_and_Inferred_Demographies_Scenario_3_ 750 2250 0 0.05 GF_Model_IV
0.0145447041271776 511.244626486728 0.00218066847118232 4.18776537151723e-05 no_error _Recombination_Map_and_Inferred_Demographies_Scenario_3_ 750 2250 0 0.05 GF_Model_IV
0.0162575722823765 511.740808025669 0.00197268035690115 3.58416948310944e-05 no_error _Recombination_Map_and_Inferred_Demographies_Scenario_3_ 750 2250 0 0.05 GF_Model_IV
0.0139338155488179 369.459936683742 0.0141013175154241 7.55820481679434e-05 no_error _Recombination_Map_and_Inferred_Demographies_Scenario_3_ 750 2250 0 0.05 GF_Model_IV
0.0154395536277248 512.258464469534 0.00976812193128528 3.46134272138232e-05 no_error _Recombination_Map_and_Inferred_Demographies_Scenario_3_ 750 2250 0 0.05 GF_Model_IV
0.013614174037571 408.299738835465 0.0248648281199638 5.65312502230237e-05 no_error _Recombination_Map_and_Inferred_Demographies_Scenario_3_ 750 2250 0 0.05 GF_Model_IV
0.0146135277131692 521.414267228069 0.00100817737292246 2.30893661017868e-05 no_error _Recombination_Map_and_Inferred_Demographies_Scenario_3_ 750 2250 0 0.05 GF_Model_IV
0.0122943824860174 386.445218859378 0.0205060723435351 6.78031275368611e-05 no_error _Recombination_Map_and_Inferred_Demographies_Scenario_3_ 750 2250 0 0.05 GF_Model_IV
0.0168346077996924 515.189485652042 0.00199228429987887 3.41088253223505e-05 no_error _Recombination_Map_and_Inferred_Demographies_Scenario_3_ 750 2250 0 0.05 GF_Model_IV
0.0136313658749674 473.233195399445 0.00384863514242261 3.29160237612868e-05 no_error _Recombination_Map_and_Inferred_Demographies_Scenario_3_ 750 2250 0 0.05 GF_Model_IV
0.0141804825543202 443.198732019831 0.00773131457722041 4.30214810742318e-05 no_error _Recombination_Map_and_Inferred_Demographies_Scenario_3_ 750 2250 0 0.05 GF_Model_IV
0.0170303676070614 492.692665940461 0.00334989591389554 4.00947716563411e-05 no_error _Recombination_Map_and_Inferred_Demographies_Scenario_3_ 750 2250 0 0.05 GF_Model_IV
0.0138767354609171 431.671064795704 0.0132380007078398 4.30620004130055e-05 no_error _Recombination_Map_and_Inferred_Demographies_Scenario_3_ 750 2250 0 0.05 GF_Model_IV
0.0180274497397561 490.683362264269 0.00252129245402062 4.55692949882663e-05 no_error _Recombination_Map_and_Inferred_Demographies_Scenario_3_ 750 2250 0 0.05 GF_Model_IV
0.0153631767705724 518.921736869166 0.00355322727082407 3.33625956906234e-05 no_error _Recombination_Map_and_Inferred_Demographies_Scenario_3_ 750 2250 0 0.05 GF_Model_IV
0.0158407972101453 535.705314996803 0.00139701244936843 3.06689440691741e-05 no_error _Recombination_Map_and_Inferred_Demographies_Scenario_3_ 750 2250 0 0.05 GF_Model_IV
0.015429157939834 502.978808697602 0.00678497400707278 3.96000731902066e-05 no_error _Recombination_Map_and_Inferred_Demographies_Scenario_3_ 750 2250 0 0.05 GF_Model_IV
0.0165654518966816 521.09696298885 0.0026435499151622 1.99438228090821e-05 no_error _Recombination_Map_and_Inferred_Demographies_Scenario_3_ 750 2250 0 0.05 GF_Model_IV
0.0147762561176905 480.754168964202 0.00268742009221047 1.97494344563623e-05 no_error _Recombination_Map_and_Inferred_Demographies_Scenario_3_ 750 2250 0 0.05 GF_Model_IV
0.0117603538419205 397.677331244302 0.0205101994290154 5.69602578828591e-05 no_error _Recombination_Map_and_Inferred_Demographies_Scenario_3_ 750 2250 0 0.05 GF_Model_IV
0.0147913432856798 413.686441952246 0.00749792911689098 5.3500860085777e-05 no_error _Recombination_Map_and_Inferred_Demographies_Scenario_3_ 750 2250 0 0.05 GF_Model_IV
0.0152512697546397 449.05763135055 0.0054709749090574 4.60768555129329e-05 no_error _Recombination_Map_and_Inferred_Demographies_Scenario_3_ 750 2250 0 0.05 GF_Model_IV
0.0120960486923141 431.957435902981 0.0455913104335317 7.32564390162604e-05 no_error _Recombination_Map_and_Inferred_Demographies_Scenario_3_ 750 2250 0 0.05 GF_Model_IV
0.0166366873407151 486.251011856203 0.00277605392286071 4.13321605019235e-05 no_error _Recombination_Map_and_Inferred_Demographies_Scenario_3_ 750 2250 0 0.05 GF_Model_IV
0.014443152689368 452.340587383743 0.00230736971745515 3.28892534015828e-05 no_error _Recombination_Map_and_Inferred_Demographies_Scenario_3_ 750 2250 0 0.05 GF_Model_IV
0.0155593046857403 507.073831691367 0.0010522968048785 2.78244034616158e-05 no_error _Recombination_Map_and_Inferred_Demographies_Scenario_3_ 750 2250 0 0.05 GF_Model_IV
0.0126151115112227 388.304089303902 0.045105774865164 7.8762030721722e-05 no_error _Recombination_Map_and_Inferred_Demographies_Scenario_3_ 750 2250 0 0.05 GF_Model_IV
0.0143629955660103 468.346838213328 0.00192651078952503 3.09652188776303e-05 no_error _Recombination_Map_and_Inferred_Demographies_Scenario_3_ 750 2250 0 0.05 GF_Model_IV
0.0145786481917782 464.671100229969 0.0111634932722489 5.52288949753351e-05 no_error _Recombination_Map_and_Inferred_Demographies_Scenario_3_ 750 2250 0 0.05 GF_Model_IV
0.0135733957378522 482.087284496211 0.00292255313388377 3.00124480490639e-05 no_error _Recombination_Map_and_Inferred_Demographies_Scenario_3_ 750 2250 0 0.05 GF_Model_IV
0.0162332798291388 505.901604205459 0.004390174766445 3.46847525548429e-05 no_error _Recombination_Map_and_Inferred_Demographies_Scenario_3_ 750 2250 0 0.05 GF_Model_IV
0.016283696034167 479.636603934351 0.00214364044047691 2.37689417321149e-05 no_error _Recombination_Map_and_Inferred_Demographies_Scenario_3_ 750 2250 0 0.05 GF_Model_IV
0.0143111591661732 528.693796624813 0.00198121169404608 1.71826569879825e-05 no_error _Recombination_Map_and_Inferred_Demographies_Scenario_3_ 750 2250 0 0.05 GF_Model_IV
0.0157077549575609 490.689324270584 0.00334971092710544 3.94687059113539e-05 no_error _Recombination_Map_and_Inferred_Demographies_Scenario_3_ 750 2250 0 0.05 GF_Model_IV
0.0142756378139322 479.346705120223 0.00235555818922476 2.72939341078028e-05 no_error _Recombination_Map_and_Inferred_Demographies_Scenario_3_ 750 2250 0 0.05 GF_Model_IV
0.0145556554100098 440.729843285429 0.00341129080356 2.22955948970308e-05 no_error _Recombination_Map_and_Inferred_Demographies_Scenario_3_ 750 2250 0 0.05 GF_Model_IV
0.0140275732261382 460.387225153752 0.0021691837685816 2.83320811966492e-05 no_error _Recombination_Map_and_Inferred_Demographies_Scenario_3_ 750 2250 0 0.05 GF_Model_IV
0.015916960296517 440.377906538358 0.0164265760844026 5.34194918569084e-05 no_error _Recombination_Map_and_Inferred_Demographies_Scenario_3_ 750 2250 0 0.05 GF_Model_IV
0.016589788233729 467.76895395791 0.00334200345267943 3.64040500494726e-05 no_error _Recombination_Map_and_Inferred_Demographies_Scenario_3_ 750 2250 0 0.05 GF_Model_IV
0.0150203529796349 474.791219215476 0.00438359781031863 5.06596755347442e-05 no_error _Recombination_Map_and_Inferred_Demographies_Scenario_3_ 750 2250 0 0.05 GF_Model_IV
0.0165986933472742 544.362775662733 0.00309779437362107 2.85717621935591e-05 no_error _Recombination_Map_and_Inferred_Demographies_Scenario_3_ 750 2250 0 0.05 GF_Model_IV
0.0159650424503653 473.353349990446 0.00651495400625848 2.27097697271383e-05 no_error _Recombination_Map_and_Inferred_Demographies_Scenario_3_ 750 2250 0 0.05 GF_Model_IV
0.0137918681246288 471.75955852298 0.00300419131316207 4.5594819471291e-05 no_error _Recombination_Map_and_Inferred_Demographies_Scenario_3_ 750 2250 0 0.05 GF_Model_IV
0.0138342501336997 492.091131327428 0.0097118233406107 4.49790331662663e-05 no_error _Recombination_Map_and_Inferred_Demographies_Scenario_3_ 750 2250 0 0.05 GF_Model_IV
0.015132998031094 491.365987296101 0.00239600761037442 3.67563795721797e-05 no_error _Recombination_Map_and_Inferred_Demographies_Scenario_3_ 750 2250 0 0.05 GF_Model_IV
0.0161626176589917 488.707730139345 0.00217684736215113 3.73628538970259e-05 no_error _Recombination_Map_and_Inferred_Demographies_Scenario_3_ 750 2250 0 0.05 GF_Model_IV
0.0158450219515603 490.320259315164 0.00322796246579663 3.99035909956571e-05 no_error _Recombination_Map_and_Inferred_Demographies_Scenario_3_ 750 2250 0 0.05 GF_Model_IV
0.0866924188378421 425.55179011481 0.0560703081709058 0.00105784872892158 no_error _Recombination_Map_and_Inferred_Demographies_Scenario_4_ 750 2250 1 0.05 GF_Model_IV
0.127811377050948 324.95849997182 0.0575445274144937 0.00156892376008459 no_error _Recombination_Map_and_Inferred_Demographies_Scenario_4_ 750 2250 1 0.05 GF_Model_IV
0.105456672479082 447.622068766034 0.061637432592968 0.000982132631243653 no_error _Recombination_Map_and_Inferred_Demographies_Scenario_4_ 750 2250 1 0.05 GF_Model_IV
0.162070338445939 336.514536122329 0.00772590423493235 0.000942234030010578 no_error _Recombination_Map_and_Inferred_Demographies_Scenario_4_ 750 2250 1 0.05 GF_Model_IV
0.121091446495269 413.362406566858 0.0496543094488949 0.00123113758736126 no_error _Recombination_Map_and_Inferred_Demographies_Scenario_4_ 750 2250 1 0.05 GF_Model_IV
0.10328933249912 433.842766016209 0.0702429298530326 0.00109765300826267 no_error _Recombination_Map_and_Inferred_Demographies_Scenario_4_ 750 2250 1 0.05 GF_Model_IV
0.113643307927489 396.598124704752 0.0768804087478173 0.00113826514454872 no_error _Recombination_Map_and_Inferred_Demographies_Scenario_4_ 750 2250 1 0.05 GF_Model_IV
0.138388559562405 390.645998813537 0.0542061971539359 0.00174161520532831 no_error _Recombination_Map_and_Inferred_Demographies_Scenario_4_ 750 2250 1 0.05 GF_Model_IV
0.0631156033676785 556.666619070248 0.0926090993186923 0.00036659044999069 no_error _Recombination_Map_and_Inferred_Demographies_Scenario_4_ 750 2250 1 0.05 GF_Model_IV
0.160181283882405 370.322484511338 0.0197747535791239 0.000757461630009144 no_error _Recombination_Map_and_Inferred_Demographies_Scenario_4_ 750 2250 1 0.05 GF_Model_IV
0.122907754161339 364.215754183797 0.0382808191848733 0.0013457222516262 no_error _Recombination_Map_and_Inferred_Demographies_Scenario_4_ 750 2250 1 0.05 GF_Model_IV
0.106475747213362 409.467514458315 0.0655040919219251 0.00122269250939492 no_error _Recombination_Map_and_Inferred_Demographies_Scenario_4_ 750 2250 1 0.05 GF_Model_IV
0.0466469727467396 556.544707277083 0.150721464370284 0.000530039461462261 no_error _Recombination_Map_and_Inferred_Demographies_Scenario_4_ 750 2250 1 0.05 GF_Model_IV
0.138557742506935 380.501156060458 0.0344566707381602 0.00113160682781233 no_error _Recombination_Map_and_Inferred_Demographies_Scenario_4_ 750 2250 1 0.05 GF_Model_IV
0.0971862257295591 453.358083347868 0.0867845681785784 0.00123540996158957 no_error _Recombination_Map_and_Inferred_Demographies_Scenario_4_ 750 2250 1 0.05 GF_Model_IV
0.0493545349178905 540.410311634549 0.153163595289266 0.000914428959749083 no_error _Recombination_Map_and_Inferred_Demographies_Scenario_4_ 750 2250 1 0.05 GF_Model_IV
0.136616739549544 387.221422870435 0.0357091084321046 0.000615364417656269 no_error _Recombination_Map_and_Inferred_Demographies_Scenario_4_ 750 2250 1 0.05 GF_Model_IV
0.0972704993280097 449.064715112233 0.0912184595997881 0.0010076103381827 no_error _Recombination_Map_and_Inferred_Demographies_Scenario_4_ 750 2250 1 0.05 GF_Model_IV
0.140308810299454 356.02115567226 0.0324520240122505 0.000781896170835164 no_error _Recombination_Map_and_Inferred_Demographies_Scenario_4_ 750 2250 1 0.05 GF_Model_IV
0.113004810827261 409.083976951985 0.0662271492889324 0.00134183882882629 no_error _Recombination_Map_and_Inferred_Demographies_Scenario_4_ 750 2250 1 0.05 GF_Model_IV
0.0574031024888387 511.931964028911 0.162387243446681 0.00094995016076007 no_error _Recombination_Map_and_Inferred_Demographies_Scenario_4_ 750 2250 1 0.05 GF_Model_IV
0.120798972500975 455.933998752762 0.071747333881104 0.00157897040040602 no_error _Recombination_Map_and_Inferred_Demographies_Scenario_4_ 750 2250 1 0.05 GF_Model_IV
0.135091437025479 415.545591141054 0.040671883355304 0.000786147291334528 no_error _Recombination_Map_and_Inferred_Demographies_Scenario_4_ 750 2250 1 0.05 GF_Model_IV
0.103822899881177 421.297485391802 0.0949783679557604 0.00152441760413985 no_error _Recombination_Map_and_Inferred_Demographies_Scenario_4_ 750 2250 1 0.05 GF_Model_IV
0.10428617247855 417.181208580079 0.0754755337513158 0.00125632449484172 no_error _Recombination_Map_and_Inferred_Demographies_Scenario_4_ 750 2250 1 0.05 GF_Model_IV
0.131229010520905 390.224289104881 0.0361916689912963 0.000779511206888374 no_error _Recombination_Map_and_Inferred_Demographies_Scenario_4_ 750 2250 1 0.05 GF_Model_IV
0.117179404524881 424.123249758778 0.069725618580586 0.00113152251175456 no_error _Recombination_Map_and_Inferred_Demographies_Scenario_4_ 750 2250 1 0.05 GF_Model_IV
0.113039423842446 409.703329962243 0.0496176828693838 0.000886471461947194 no_error _Recombination_Map_and_Inferred_Demographies_Scenario_4_ 750 2250 1 0.05 GF_Model_IV
0.133144958386218 375.047146090277 0.0513413152653216 0.00148903130292702 no_error _Recombination_Map_and_Inferred_Demographies_Scenario_4_ 750 2250 1 0.05 GF_Model_IV
0.0981891401543082 452.479784679985 0.0789078125624593 0.000881922592488041 no_error _Recombination_Map_and_Inferred_Demographies_Scenario_4_ 750 2250 1 0.05 GF_Model_IV
0.141590453843193 372.368890140625 0.0263687898622265 0.000764118106974602 no_error _Recombination_Map_and_Inferred_Demographies_Scenario_4_ 750 2250 1 0.05 GF_Model_IV
0.12845932998528 351.765067965453 0.0425712456297307 0.00103638216982846 no_error _Recombination_Map_and_Inferred_Demographies_Scenario_4_ 750 2250 1 0.05 GF_Model_IV
0.110995531717791 374.803486705412 0.0566195024288947 0.00128255874750973 no_error _Recombination_Map_and_Inferred_Demographies_Scenario_4_ 750 2250 1 0.05 GF_Model_IV
0.133533269048214 401.891250822083 0.0480941598392212 0.00121645709640697 no_error _Recombination_Map_and_Inferred_Demographies_Scenario_4_ 750 2250 1 0.05 GF_Model_IV
0.115864539935622 426.66943087889 0.0261664323548036 0.000767627273570113 no_error _Recombination_Map_and_Inferred_Demographies_Scenario_4_ 750 2250 1 0.05 GF_Model_IV
0.132672395609453 401.389532398923 0.0406477513241467 0.000995010928212132 no_error _Recombination_Map_and_Inferred_Demographies_Scenario_4_ 750 2250 1 0.05 GF_Model_IV
0.100769494474402 396.893009393828 0.044860041223805 0.00110155581923434 no_error _Recombination_Map_and_Inferred_Demographies_Scenario_4_ 750 2250 1 0.05 GF_Model_IV
0.0858071608123553 409.736516744202 0.0672891734733787 0.00117962500566039 no_error _Recombination_Map_and_Inferred_Demographies_Scenario_4_ 750 2250 1 0.05 GF_Model_IV
0.0979318337452894 480.332338573349 0.0912537194006579 0.00115227809982798 no_error _Recombination_Map_and_Inferred_Demographies_Scenario_4_ 750 2250 1 0.05 GF_Model_IV
0.147950484109829 346.77889667179 0.0261824423422325 0.00141757359372223 no_error _Recombination_Map_and_Inferred_Demographies_Scenario_4_ 750 2250 1 0.05 GF_Model_IV
0.0688876706064127 448.734403895058 0.120409039909754 0.000652790831230867 no_error _Recombination_Map_and_Inferred_Demographies_Scenario_4_ 750 2250 1 0.05 GF_Model_IV
0.0958827806565224 438.477854727987 0.10285523502134 0.00138784262699135 no_error _Recombination_Map_and_Inferred_Demographies_Scenario_4_ 750 2250 1 0.05 GF_Model_IV
0.128484309153342 390.182259824647 0.0476784351120157 0.000970511261440296 no_error _Recombination_Map_and_Inferred_Demographies_Scenario_4_ 750 2250 1 0.05 GF_Model_IV
0.138760452882071 304.757141096193 0.0504717282439374 0.00164403640311298 no_error _Recombination_Map_and_Inferred_Demographies_Scenario_4_ 750 2250 1 0.05 GF_Model_IV
0.115445954640522 376.389816124892 0.0547381094268088 0.00158908069790533 no_error _Recombination_Map_and_Inferred_Demographies_Scenario_4_ 750 2250 1 0.05 GF_Model_IV
0.11526523306844 324.812536450242 0.0446342419183054 0.00111350268870482 no_error _Recombination_Map_and_Inferred_Demographies_Scenario_4_ 750 2250 1 0.05 GF_Model_IV
0.0930389367111421 371.411333791243 0.103287648334069 0.00214923098904199 no_error _Recombination_Map_and_Inferred_Demographies_Scenario_4_ 750 2250 1 0.05 GF_Model_IV
0.0751468662102582 469.350608311286 0.0762321121864277 0.000505023143650311 no_error _Recombination_Map_and_Inferred_Demographies_Scenario_4_ 750 2250 1 0.05 GF_Model_IV
0.0876877237780281 449.670736146019 0.0498562096320065 0.000525088533203195 no_error _Recombination_Map_and_Inferred_Demographies_Scenario_4_ 750 2250 1 0.05 GF_Model_IV
0.111382887253769 423.745353173077 0.081063471983905 0.00167044370956829 no_error _Recombination_Map_and_Inferred_Demographies_Scenario_4_ 750 2250 1 0.05 GF_Model_IV
0.125398531111057 351.575937794605 0.0422942200887386 0.00195348173325141 no_error _Recombination_Map_and_Inferred_Demographies_Scenario_4_ 750 2250 1 0.05 GF_Model_IV
0.111760378996151 407.450225367046 0.0599670592441878 0.00128045878120123 no_error _Recombination_Map_and_Inferred_Demographies_Scenario_4_ 750 2250 1 0.05 GF_Model_IV
0.0908723899298741 464.236009297943 0.0788136983384714 0.000864315625222432 no_error _Recombination_Map_and_Inferred_Demographies_Scenario_4_ 750 2250 1 0.05 GF_Model_IV
0.0489360938358453 694.480312465746 0.190413671174146 0.00217820162893302 no_error _Recombination_Map_and_Inferred_Demographies_Scenario_4_ 750 2250 1 0.05 GF_Model_IV
0.111091168295224 410.560100326623 0.0644728337530351 0.00153357436518876 no_error _Recombination_Map_and_Inferred_Demographies_Scenario_4_ 750 2250 1 0.05 GF_Model_IV
0.116725053309532 400.982957897333 0.0469405832447177 0.00193687145518272 no_error _Recombination_Map_and_Inferred_Demographies_Scenario_4_ 750 2250 1 0.05 GF_Model_IV
0.0643838307275566 494.084956122239 0.0951430298945278 0.000874252566190948 no_error _Recombination_Map_and_Inferred_Demographies_Scenario_4_ 750 2250 1 0.05 GF_Model_IV
0.109516465763359 379.351260939966 0.0399554653097671 0.00075917870591544 no_error _Recombination_Map_and_Inferred_Demographies_Scenario_4_ 750 2250 1 0.05 GF_Model_IV
0.0671702245915294 488.296043696631 0.109642700252191 0.0010574073710895 no_error _Recombination_Map_and_Inferred_Demographies_Scenario_4_ 750 2250 1 0.05 GF_Model_IV
0.119752932439415 348.034458906287 0.0465122533017218 0.00138156801891475 no_error _Recombination_Map_and_Inferred_Demographies_Scenario_4_ 750 2250 1 0.05 GF_Model_IV
0.144894657620459 414.176917035827 0.0388604207530711 0.000867587022837248 no_error _Recombination_Map_and_Inferred_Demographies_Scenario_4_ 750 2250 1 0.05 GF_Model_IV
0.146142120867064 346.903204774752 0.0282032421375209 0.00149711408606572 no_error _Recombination_Map_and_Inferred_Demographies_Scenario_4_ 750 2250 1 0.05 GF_Model_IV
0.0753524474960987 490.616695861683 0.103677148716576 0.00104274502498915 no_error _Recombination_Map_and_Inferred_Demographies_Scenario_4_ 750 2250 1 0.05 GF_Model_IV
0.139558793664945 358.251213110656 0.0195741420516486 0.00105843179760856 no_error _Recombination_Map_and_Inferred_Demographies_Scenario_4_ 750 2250 1 0.05 GF_Model_IV
0.106089964341335 393.38313637309 0.0692695901546181 0.00102157718535522 no_error _Recombination_Map_and_Inferred_Demographies_Scenario_4_ 750 2250 1 0.05 GF_Model_IV
0.132957879556777 403.768535822808 0.0220961107799356 0.000911556370173331 no_error _Recombination_Map_and_Inferred_Demographies_Scenario_4_ 750 2250 1 0.05 GF_Model_IV
0.118358417942885 368.683650253629 0.0578557939609087 0.0014934334842998 no_error _Recombination_Map_and_Inferred_Demographies_Scenario_4_ 750 2250 1 0.05 GF_Model_IV
0.0910683359074464 488.205771531481 0.0462552795528344 0.000915455958772645 no_error _Recombination_Map_and_Inferred_Demographies_Scenario_4_ 750 2250 1 0.05 GF_Model_IV
0.118368647039425 413.613677894359 0.0713826731967423 0.00129453644013689 no_error _Recombination_Map_and_Inferred_Demographies_Scenario_4_ 750 2250 1 0.05 GF_Model_IV
0.131429679277834 366.7148129539 0.0352855730660642 0.00208688391682707 no_error _Recombination_Map_and_Inferred_Demographies_Scenario_4_ 750 2250 1 0.05 GF_Model_IV
0.109660634436447 431.851889462385 0.0872036869452982 0.00113799291503 no_error _Recombination_Map_and_Inferred_Demographies_Scenario_4_ 750 2250 1 0.05 GF_Model_IV
0.0768190901147837 469.152450262972 0.0970185005599853 0.000712147683911708 no_error _Recombination_Map_and_Inferred_Demographies_Scenario_4_ 750 2250 1 0.05 GF_Model_IV
0.10148101074166 494.86520333608 0.120604906858505 0.00298347161394026 no_error _Recombination_Map_and_Inferred_Demographies_Scenario_4_ 750 2250 1 0.05 GF_Model_IV
0.115662119035933 399.773204467367 0.0382895057769427 0.00119128115091054 no_error _Recombination_Map_and_Inferred_Demographies_Scenario_4_ 750 2250 1 0.05 GF_Model_IV
0.128088879725204 410.197806818062 0.0319087988596912 0.000967007833263492 no_error _Recombination_Map_and_Inferred_Demographies_Scenario_4_ 750 2250 1 0.05 GF_Model_IV
0.147391672615614 390.91173699371 0.041818258593317 0.00103400156999016 no_error _Recombination_Map_and_Inferred_Demographies_Scenario_4_ 750 2250 1 0.05 GF_Model_IV
0.0805162322949618 490.654715306803 0.101809832695281 0.000780173285364856 no_error _Recombination_Map_and_Inferred_Demographies_Scenario_4_ 750 2250 1 0.05 GF_Model_IV
0.118543930602509 411.921155643791 0.0435526382723951 0.00186165257349987 no_error _Recombination_Map_and_Inferred_Demographies_Scenario_4_ 750 2250 1 0.05 GF_Model_IV
0.107284605697911 405.845031939124 0.0586352025861617 0.000708036549997155 no_error _Recombination_Map_and_Inferred_Demographies_Scenario_4_ 750 2250 1 0.05 GF_Model_IV
0.118326662472201 438.668014835955 0.0629775027186389 0.00100662203338097 no_error _Recombination_Map_and_Inferred_Demographies_Scenario_4_ 750 2250 1 0.05 GF_Model_IV
0.121613478013071 398.134316501312 0.0604283350337844 0.00168652516954971 no_error _Recombination_Map_and_Inferred_Demographies_Scenario_4_ 750 2250 1 0.05 GF_Model_IV
0.119758633659771 387.782197281473 0.0602166092436237 0.00127266491677366 no_error _Recombination_Map_and_Inferred_Demographies_Scenario_4_ 750 2250 1 0.05 GF_Model_IV
0.123766364187442 379.322818150888 0.0430001089393006 0.000988683823535563 no_error _Recombination_Map_and_Inferred_Demographies_Scenario_4_ 750 2250 1 0.05 GF_Model_IV
0.114063308023968 406.603859511563 0.0645703394964908 0.000748899182969715 no_error _Recombination_Map_and_Inferred_Demographies_Scenario_4_ 750 2250 1 0.05 GF_Model_IV
0.113945810568182 412.224462025101 0.0559679369611787 0.000852553423297276 no_error _Recombination_Map_and_Inferred_Demographies_Scenario_4_ 750 2250 1 0.05 GF_Model_IV
0.132430892185161 377.524630597945 0.071926336664717 0.00159095250530255 no_error _Recombination_Map_and_Inferred_Demographies_Scenario_4_ 750 2250 1 0.05 GF_Model_IV
0.154947902251738 382.188323638997 0.0207642936393424 0.00146562215599361 no_error _Recombination_Map_and_Inferred_Demographies_Scenario_4_ 750 2250 1 0.05 GF_Model_IV
0.0421149601117558 536.90579986796 0.162160879950174 0.000704529818168043 no_error _Recombination_Map_and_Inferred_Demographies_Scenario_4_ 750 2250 1 0.05 GF_Model_IV
0.0763156707925436 519.637337707979 0.100064509495194 0.00116670565349347 no_error _Recombination_Map_and_Inferred_Demographies_Scenario_4_ 750 2250 1 0.05 GF_Model_IV
0.0756562780532413 503.083394497489 0.151714450433789 0.00373885619560633 no_error _Recombination_Map_and_Inferred_Demographies_Scenario_4_ 750 2250 1 0.05 GF_Model_IV
0.101689227228446 472.859162055324 0.0511525733635071 0.000935481320179019 no_error _Recombination_Map_and_Inferred_Demographies_Scenario_4_ 750 2250 1 0.05 GF_Model_IV
0.123059480618057 376.145514291478 0.0351812025981766 0.000697820657406996 no_error _Recombination_Map_and_Inferred_Demographies_Scenario_4_ 750 2250 1 0.05 GF_Model_IV
0.115701226818259 399.673204531854 0.0620626577095713 0.00101900043806592 no_error _Recombination_Map_and_Inferred_Demographies_Scenario_4_ 750 2250 1 0.05 GF_Model_IV
0.0559053881824439 508.043833644962 0.125193303656089 0.000786515104740281 no_error _Recombination_Map_and_Inferred_Demographies_Scenario_4_ 750 2250 1 0.05 GF_Model_IV
0.0996488836103672 389.289485630407 0.105776455124599 0.00191370313649596 no_error _Recombination_Map_and_Inferred_Demographies_Scenario_4_ 750 2250 1 0.05 GF_Model_IV
0.0826078109318613 442.281479570787 0.0819143574709074 0.00106825284922871 no_error _Recombination_Map_and_Inferred_Demographies_Scenario_4_ 750 2250 1 0.05 GF_Model_IV
0.0966397419672593 466.491581185396 0.0802277863913095 0.000680339775366064 no_error _Recombination_Map_and_Inferred_Demographies_Scenario_4_ 750 2250 1 0.05 GF_Model_IV
0.117401839491591 399.039574417683 0.0471393892848474 0.00142607077244072 no_error _Recombination_Map_and_Inferred_Demographies_Scenario_4_ 750 2250 1 0.05 GF_Model_IV
0.121012336503028 400.760950449663 0.0501841660138805 0.0013740626591086 no_error _Recombination_Map_and_Inferred_Demographies_Scenario_4_ 750 2250 1 0.05 GF_Model_IV
0.148340874978538 331.894484348799 0.0251215017626886 0.00141557027575297 no_error _Recombination_Map_and_Inferred_Demographies_Scenario_4_ 750 2250 1 0.05 GF_Model_IV
