0.000952025517342248 828.187161362171 6.13421659223112e-05 3.70209084272805e-07 no_error _Recombination_Map_Scenario_1_ 1500 1501 0 0.02 GF_Model_IV
0.000965659873515513 810.845714204023 0.000145333861366762 4.66205371916061e-07 no_error _Recombination_Map_Scenario_1_ 1500 1501 0 0.02 GF_Model_IV
0.00101512451345044 697.314240494411 0.000178929493570068 8.095302908328e-07 no_error _Recombination_Map_Scenario_1_ 1500 1501 0 0.02 GF_Model_IV
0.00100961517710697 788.025032092653 0.000491868468671967 5.20159423708127e-07 no_error _Recombination_Map_Scenario_1_ 1500 1501 0 0.02 GF_Model_IV
0.00089334661307059 637.574476973131 0.00137397788350352 6.87366049000131e-07 no_error _Recombination_Map_Scenario_1_ 1500 1501 0 0.02 GF_Model_IV
0.000852873555521632 691.308291735408 0.00049845690808713 5.46430612764731e-07 no_error _Recombination_Map_Scenario_1_ 1500 1501 0 0.02 GF_Model_IV
0.000954476838202591 720.077968925098 0.000735983554252886 5.3909706796946e-07 no_error _Recombination_Map_Scenario_1_ 1500 1501 0 0.02 GF_Model_IV
0.000949390320501093 789.535327292076 0.000492202788770336 5.61189873596098e-07 no_error _Recombination_Map_Scenario_1_ 1500 1501 0 0.02 GF_Model_IV
0.00098102576022117 679.836200316471 0.00137042376100552 6.65771202608862e-07 no_error _Recombination_Map_Scenario_1_ 1500 1501 0 0.02 GF_Model_IV
0.00106322214260742 821.18845083108 0.000144240355829679 5.58920513864132e-07 no_error _Recombination_Map_Scenario_1_ 1500 1501 0 0.02 GF_Model_IV
0.000903357265485348 660.382535187269 0.00125857831422137 1.14669841905963e-06 no_error _Recombination_Map_Scenario_1_ 1500 1501 0 0.02 GF_Model_IV
0.000942507882993967 776.228040259102 0.000262877616714135 5.03191958792454e-07 no_error _Recombination_Map_Scenario_1_ 1500 1501 0 0.02 GF_Model_IV
0.00104673127056494 674.385265822902 0.0016210609953085 8.30666970734802e-07 no_error _Recombination_Map_Scenario_1_ 1500 1501 0 0.02 GF_Model_IV
0.00104160171768715 857.183201857371 0.000365882303000961 5.94948767555127e-07 no_error _Recombination_Map_Scenario_1_ 1500 1501 0 0.02 GF_Model_IV
0.000968694213001322 843.127982452643 0.000174887466718384 5.55286261111264e-07 no_error _Recombination_Map_Scenario_1_ 1500 1501 0 0.02 GF_Model_IV
0.000994717834865763 770.004767734632 0.000564023974376749 6.2879191279463e-07 no_error _Recombination_Map_Scenario_1_ 1500 1501 0 0.02 GF_Model_IV
0.000990350325654952 850.456838518347 0.000111937407562009 5.96268514561075e-07 no_error _Recombination_Map_Scenario_1_ 1500 1501 0 0.02 GF_Model_IV
0.00103799242573811 806.634146330119 0.000212638444516714 4.12883961612348e-07 no_error _Recombination_Map_Scenario_1_ 1500 1501 0 0.02 GF_Model_IV
0.000945541410863661 811.749844515763 0.000188808007442242 4.71398685257151e-07 no_error _Recombination_Map_Scenario_1_ 1500 1501 0 0.02 GF_Model_IV
0.00103130356641271 783.478808848241 0.000442455489841077 6.7442642231687e-07 no_error _Recombination_Map_Scenario_1_ 1500 1501 0 0.02 GF_Model_IV
0.000942713945540585 902.375100087266 0.00016107095814523 4.47200226328537e-07 no_error _Recombination_Map_Scenario_1_ 1500 1501 0 0.02 GF_Model_IV
0.00106437317272642 866.001856988708 0.000162558985852712 4.66431296338339e-07 no_error _Recombination_Map_Scenario_1_ 1500 1501 0 0.02 GF_Model_IV
0.00100405861784403 859.667892480593 0.000209950182735088 5.86137089122197e-07 no_error _Recombination_Map_Scenario_1_ 1500 1501 0 0.02 GF_Model_IV
0.000971950742802621 806.639275069058 0.000157740942044764 4.5810633669351e-07 no_error _Recombination_Map_Scenario_1_ 1500 1501 0 0.02 GF_Model_IV
0.00092104318517742 789.878970356599 0.000395483948662327 4.75363726051528e-07 no_error _Recombination_Map_Scenario_1_ 1500 1501 0 0.02 GF_Model_IV
0.00094902895325963 862.054807155534 0.000258992258690691 4.32667835173362e-07 no_error _Recombination_Map_Scenario_1_ 1500 1501 0 0.02 GF_Model_IV
0.00102552713232732 821.822975868679 0.000349495961048021 4.67785462029459e-07 no_error _Recombination_Map_Scenario_1_ 1500 1501 0 0.02 GF_Model_IV
0.000909347495439649 722.400341784793 0.000164391664833572 5.13689945567062e-07 no_error _Recombination_Map_Scenario_1_ 1500 1501 0 0.02 GF_Model_IV
0.00100060782939091 796.008171945366 0.000426968956538871 5.9738277769753e-07 no_error _Recombination_Map_Scenario_1_ 1500 1501 0 0.02 GF_Model_IV
0.000931659938178469 810.874020463772 0.000216274963414854 5.34739034806034e-07 no_error _Recombination_Map_Scenario_1_ 1500 1501 0 0.02 GF_Model_IV
0.00103079426397685 731.089425878169 0.000161366608918563 7.60734196974833e-07 no_error _Recombination_Map_Scenario_1_ 1500 1501 0 0.02 GF_Model_IV
0.000978319265884476 795.654946376041 0.000454118925879999 4.79841021382316e-07 no_error _Recombination_Map_Scenario_1_ 1500 1501 0 0.02 GF_Model_IV
0.00106919230228736 819.736269267002 0.000253882290624143 6.11767794578953e-07 no_error _Recombination_Map_Scenario_1_ 1500 1501 0 0.02 GF_Model_IV
0.000905433186253994 679.775240033108 0.000521054570202095 7.03756370554252e-07 no_error _Recombination_Map_Scenario_1_ 1500 1501 0 0.02 GF_Model_IV
0.000852944663184706 842.976663256573 0.000122175901743055 4.34135207192822e-07 no_error _Recombination_Map_Scenario_1_ 1500 1501 0 0.02 GF_Model_IV
0.000909657513731562 600.009989759656 0.000621978369801643 1.07303829717626e-06 no_error _Recombination_Map_Scenario_1_ 1500 1501 0 0.02 GF_Model_IV
0.000909348935658633 860.886906325146 0.000181667195355577 4.76038637884376e-07 no_error _Recombination_Map_Scenario_1_ 1500 1501 0 0.02 GF_Model_IV
0.000944979054931994 867.028314429056 0.000163944356572431 4.31426603786051e-07 no_error _Recombination_Map_Scenario_1_ 1500 1501 0 0.02 GF_Model_IV
0.000917459664753056 794.133077547636 0.000233181435982671 4.5490929376312e-07 no_error _Recombination_Map_Scenario_1_ 1500 1501 0 0.02 GF_Model_IV
0.000976222343622033 808.58063100266 0.000147719655422621 5.03322202227095e-07 no_error _Recombination_Map_Scenario_1_ 1500 1501 0 0.02 GF_Model_IV
0.000977730883008462 847.961246736557 0.000240795857111092 5.73902719406602e-07 no_error _Recombination_Map_Scenario_1_ 1500 1501 0 0.02 GF_Model_IV
0.00104375387657323 818.156721610137 0.000199003928100307 5.56769995393622e-07 no_error _Recombination_Map_Scenario_1_ 1500 1501 0 0.02 GF_Model_IV
0.000907344760644003 767.412788560308 0.000324861747741761 6.06591922062764e-07 no_error _Recombination_Map_Scenario_1_ 1500 1501 0 0.02 GF_Model_IV
0.00109584674436612 857.332333467703 0.000338752360298422 4.85249326446623e-07 no_error _Recombination_Map_Scenario_1_ 1500 1501 0 0.02 GF_Model_IV
0.000867572468159843 678.759971859333 0.000209986029978954 7.70115698807396e-07 no_error _Recombination_Map_Scenario_1_ 1500 1501 0 0.02 GF_Model_IV
0.000907845868797222 778.68020867062 0.000221926073351629 5.47771419105619e-07 no_error _Recombination_Map_Scenario_1_ 1500 1501 0 0.02 GF_Model_IV
0.0010010349942001 747.488521984648 0.000637550047758063 6.46804150735672e-07 no_error _Recombination_Map_Scenario_1_ 1500 1501 0 0.02 GF_Model_IV
0.001026641073143 767.43262695076 0.000180041997177433 5.3949877775502e-07 no_error _Recombination_Map_Scenario_1_ 1500 1501 0 0.02 GF_Model_IV
0.000923879089268621 732.337983727475 0.000877623948222896 5.51917784102503e-07 no_error _Recombination_Map_Scenario_1_ 1500 1501 0 0.02 GF_Model_IV
0.000929451283651231 718.663143607729 0.00193741819938451 8.45218162341447e-07 no_error _Recombination_Map_Scenario_1_ 1500 1501 0 0.02 GF_Model_IV
0.00100299759850586 745.102352667691 0.000830469934230049 1.05823579278584e-06 no_error _Recombination_Map_Scenario_1_ 1500 1501 0 0.02 GF_Model_IV
0.000982900971823374 810.470425152886 0.000242434912547222 4.44404247068405e-07 no_error _Recombination_Map_Scenario_1_ 1500 1501 0 0.02 GF_Model_IV
0.00102472234056407 855.720492024854 0.0001393675927386 4.01215565927133e-07 no_error _Recombination_Map_Scenario_1_ 1500 1501 0 0.02 GF_Model_IV
0.000952201634705796 807.234514701642 0.000226825797370394 6.49718979010257e-07 no_error _Recombination_Map_Scenario_1_ 1500 1501 0 0.02 GF_Model_IV
0.000946484433025124 829.381627806579 9.99701974211273e-05 4.33195245068665e-07 no_error _Recombination_Map_Scenario_1_ 1500 1501 0 0.02 GF_Model_IV
0.000909185956787556 580.118329884668 0.000608871894024381 1.02934947069053e-06 no_error _Recombination_Map_Scenario_1_ 1500 1501 0 0.02 GF_Model_IV
0.000954078298274446 860.561294722595 0.000258160683448471 5.0872302611368e-07 no_error _Recombination_Map_Scenario_1_ 1500 1501 0 0.02 GF_Model_IV
0.000935151841426852 831.930191153912 0.000358662759310889 3.89621522796256e-07 no_error _Recombination_Map_Scenario_1_ 1500 1501 0 0.02 GF_Model_IV
0.00101700915792768 842.125576450135 0.000122540167405759 5.51281065501855e-07 no_error _Recombination_Map_Scenario_1_ 1500 1501 0 0.02 GF_Model_IV
0.000910624719288916 862.81385498521 0.000319209583153212 4.44093496234053e-07 no_error _Recombination_Map_Scenario_1_ 1500 1501 0 0.02 GF_Model_IV
0.00106741075973913 903.228299058749 0.00037330768097825 4.13031260837237e-07 no_error _Recombination_Map_Scenario_1_ 1500 1501 0 0.02 GF_Model_IV
0.000921441876470363 870.362708834034 0.000232643956075632 4.50979398171646e-07 no_error _Recombination_Map_Scenario_1_ 1500 1501 0 0.02 GF_Model_IV
0.000978773466716326 746.205818263167 0.000500227275305214 6.49246405871733e-07 no_error _Recombination_Map_Scenario_1_ 1500 1501 0 0.02 GF_Model_IV
0.000893534317049476 804.183696412303 0.000127223924346931 5.238585353235e-07 no_error _Recombination_Map_Scenario_1_ 1500 1501 0 0.02 GF_Model_IV
0.000963724361025412 783.330249092524 0.000299592722215097 5.47534395568014e-07 no_error _Recombination_Map_Scenario_1_ 1500 1501 0 0.02 GF_Model_IV
0.000907952009371309 858.105494675622 0.000250918979944214 4.50597698198923e-07 no_error _Recombination_Map_Scenario_1_ 1500 1501 0 0.02 GF_Model_IV
0.000963653408422048 731.283913011732 0.000270944512432133 4.79597204495281e-07 no_error _Recombination_Map_Scenario_1_ 1500 1501 0 0.02 GF_Model_IV
0.000932360898720753 805.021898063719 0.000171248479279776 5.74253302412151e-07 no_error _Recombination_Map_Scenario_1_ 1500 1501 0 0.02 GF_Model_IV
0.00099720800893442 780.98866842858 0.000267355026317481 5.58405551726546e-07 no_error _Recombination_Map_Scenario_1_ 1500 1501 0 0.02 GF_Model_IV
0.000966283526559676 773.889190642557 0.000419194522144416 6.81568924309382e-07 no_error _Recombination_Map_Scenario_1_ 1500 1501 0 0.02 GF_Model_IV
0.00094077643129029 830.038119632709 0.000825921011057312 5.44271310007033e-07 no_error _Recombination_Map_Scenario_1_ 1500 1501 0 0.02 GF_Model_IV
0.000947701451789949 804.673461458589 0.000344397780364139 5.71891114990617e-07 no_error _Recombination_Map_Scenario_1_ 1500 1501 0 0.02 GF_Model_IV
0.000961278032712954 660.068481608224 0.000741998748692114 7.95624098242699e-07 no_error _Recombination_Map_Scenario_1_ 1500 1501 0 0.02 GF_Model_IV
0.00116760719791266 789.489344345561 0.000488640531082431 1.01983513435146e-06 no_error _Recombination_Map_Scenario_1_ 1500 1501 0 0.02 GF_Model_IV
0.00094687338011392 772.68780070916 0.000246023550886439 6.69625793945783e-07 no_error _Recombination_Map_Scenario_1_ 1500 1501 0 0.02 GF_Model_IV
0.000939647455897536 689.864827115561 0.000252280378526786 6.03827958686565e-07 no_error _Recombination_Map_Scenario_1_ 1500 1501 0 0.02 GF_Model_IV
0.000937427301800108 863.125309272807 0.000238409533629401 3.98652557020295e-07 no_error _Recombination_Map_Scenario_1_ 1500 1501 0 0.02 GF_Model_IV
0.000961670753887306 888.237774425511 0.000101197042898152 5.47396629836298e-07 no_error _Recombination_Map_Scenario_1_ 1500 1501 0 0.02 GF_Model_IV
0.000987842086957855 801.552174178808 0.000147717867203502 5.21402723012541e-07 no_error _Recombination_Map_Scenario_1_ 1500 1501 0 0.02 GF_Model_IV
0.000980538174254364 817.28606452487 0.00068040038465529 4.7075802522812e-07 no_error _Recombination_Map_Scenario_1_ 1500 1501 0 0.02 GF_Model_IV
0.000937374198926657 854.517461967525 0.000296315028054517 4.98146230518056e-07 no_error _Recombination_Map_Scenario_1_ 1500 1501 0 0.02 GF_Model_IV
0.00090805852570909 703.385372137454 0.000593787004629337 7.18652120457663e-07 no_error _Recombination_Map_Scenario_1_ 1500 1501 0 0.02 GF_Model_IV
0.0010036934091447 871.095251951829 0.00019270162997179 4.23038709828233e-07 no_error _Recombination_Map_Scenario_1_ 1500 1501 0 0.02 GF_Model_IV
0.000966991126286531 803.654561715583 0.000149274579089922 3.92575145105745e-07 no_error _Recombination_Map_Scenario_1_ 1500 1501 0 0.02 GF_Model_IV
0.000889148858091985 737.28238213498 0.000401982905080921 4.92524049440974e-07 no_error _Recombination_Map_Scenario_1_ 1500 1501 0 0.02 GF_Model_IV
0.000944530817578746 864.813984354445 7.95261280591122e-05 3.56909444647486e-07 no_error _Recombination_Map_Scenario_1_ 1500 1501 0 0.02 GF_Model_IV
0.000971639902231946 604.109888717087 0.00075959918246175 9.90770645955546e-07 no_error _Recombination_Map_Scenario_1_ 1500 1501 0 0.02 GF_Model_IV
0.000869026824144837 705.079458698668 0.00065458977663213 5.98694184296721e-07 no_error _Recombination_Map_Scenario_1_ 1500 1501 0 0.02 GF_Model_IV
0.00098915425089159 664.171398101041 0.000325714610303284 6.91321180200885e-07 no_error _Recombination_Map_Scenario_1_ 1500 1501 0 0.02 GF_Model_IV
0.00103234950776002 692.199591383479 0.000392980936103981 7.62775463582446e-07 no_error _Recombination_Map_Scenario_1_ 1500 1501 0 0.02 GF_Model_IV
0.00103990562408578 732.144586021543 0.000493574642433045 5.15093028379261e-07 no_error _Recombination_Map_Scenario_1_ 1500 1501 0 0.02 GF_Model_IV
0.00101259126383774 861.3436486101 0.000110456791659671 4.21514450301811e-07 no_error _Recombination_Map_Scenario_1_ 1500 1501 0 0.02 GF_Model_IV
0.000968513054082999 765.069683938 0.000868122341227414 7.76907626815619e-07 no_error _Recombination_Map_Scenario_1_ 1500 1501 0 0.02 GF_Model_IV
0.000884037631033236 724.422351466694 0.000471191922513528 5.13306922467911e-07 no_error _Recombination_Map_Scenario_1_ 1500 1501 0 0.02 GF_Model_IV
0.000924101824270342 794.226413214014 0.000263807307540389 5.58196756606373e-07 no_error _Recombination_Map_Scenario_1_ 1500 1501 0 0.02 GF_Model_IV
0.000970646302763361 727.875224415554 0.000755059508956222 7.39229678889728e-07 no_error _Recombination_Map_Scenario_1_ 1500 1501 0 0.02 GF_Model_IV
0.000950517189611438 758.790075576072 0.000545062728873988 7.15213588582393e-07 no_error _Recombination_Map_Scenario_1_ 1500 1501 0 0.02 GF_Model_IV
0.00102387145534062 818.282020780639 0.000234217207050953 4.15636729376488e-07 no_error _Recombination_Map_Scenario_1_ 1500 1501 0 0.02 GF_Model_IV
0.000941881278934515 818.028456555697 0.000137492824305934 4.81618072406938e-07 no_error _Recombination_Map_Scenario_1_ 1500 1501 0 0.02 GF_Model_IV
0.000993788954139242 786.330507268049 0.000163081610368761 5.89272893296171e-07 no_error _Recombination_Map_Scenario_1_ 1500 1501 0 0.02 GF_Model_IV
0.0148478364956529 572.517293398818 0.00540334248066124 9.12695940420382e-05 no_error _Recombination_Map_Scenario_2_ 1500 1501 1 0.02 GF_Model_IV
0.0197416767153921 716.603281207226 0.00352778117606174 6.92309267378339e-05 no_error _Recombination_Map_Scenario_2_ 1500 1501 1 0.02 GF_Model_IV
0.0200172293674106 633.542660150514 0.00282508074749381 0.000118383778294974 no_error _Recombination_Map_Scenario_2_ 1500 1501 1 0.02 GF_Model_IV
0.0168175783833943 615.258766436568 0.00820950155105961 0.000176368990166289 no_error _Recombination_Map_Scenario_2_ 1500 1501 1 0.02 GF_Model_IV
0.0153322691790853 620.682989285433 0.00910228731413127 9.15549843050224e-05 no_error _Recombination_Map_Scenario_2_ 1500 1501 1 0.02 GF_Model_IV
0.0173904747639714 490.674368967319 0.00412483352835637 0.000105168285049441 no_error _Recombination_Map_Scenario_2_ 1500 1501 1 0.02 GF_Model_IV
0.019260663563019 577.139539835529 0.00265594119416134 0.000140398210175061 no_error _Recombination_Map_Scenario_2_ 1500 1501 1 0.02 GF_Model_IV
0.0188391075748162 638.198807208352 0.00262616008866552 9.99747806467406e-05 no_error _Recombination_Map_Scenario_2_ 1500 1501 1 0.02 GF_Model_IV
0.017017895943326 668.892327457902 0.00364001958752406 9.43936110297698e-05 no_error _Recombination_Map_Scenario_2_ 1500 1501 1 0.02 GF_Model_IV
0.0149814133583764 594.672829555519 0.0127978201507234 0.000136404151968733 no_error _Recombination_Map_Scenario_2_ 1500 1501 1 0.02 GF_Model_IV
0.016676617239281 621.814808541974 0.00371766770861005 7.91490357682633e-05 no_error _Recombination_Map_Scenario_2_ 1500 1501 1 0.02 GF_Model_IV
0.00990931430597409 812.788343881815 0.0186231569974452 5.60255627446617e-05 no_error _Recombination_Map_Scenario_2_ 1500 1501 1 0.02 GF_Model_IV
0.00945826035281212 691.890549824058 0.0236528679557626 7.59548675206673e-05 no_error _Recombination_Map_Scenario_2_ 1500 1501 1 0.02 GF_Model_IV
0.0145902432633651 586.11651317261 0.00983474435960337 0.000130112879682574 no_error _Recombination_Map_Scenario_2_ 1500 1501 1 0.02 GF_Model_IV
0.0196120553199607 695.491444638933 0.00505487250942231 0.000113096445492137 no_error _Recombination_Map_Scenario_2_ 1500 1501 1 0.02 GF_Model_IV
0.016947591048812 686.980042288634 0.00662941372869118 0.00015221749936077 no_error _Recombination_Map_Scenario_2_ 1500 1501 1 0.02 GF_Model_IV
0.0157944186946323 622.797241661443 0.00497855171849174 0.000110051660731489 no_error _Recombination_Map_Scenario_2_ 1500 1501 1 0.02 GF_Model_IV
0.0104444710230244 673.138507938023 0.0160012815778121 7.44423382866092e-05 no_error _Recombination_Map_Scenario_2_ 1500 1501 1 0.02 GF_Model_IV
0.0166531199288157 562.067281292704 0.00733025814108551 0.000157365850840877 no_error _Recombination_Map_Scenario_2_ 1500 1501 1 0.02 GF_Model_IV
0.0180357611680633 572.21044434522 0.00725610422287869 0.000172906473148452 no_error _Recombination_Map_Scenario_2_ 1500 1501 1 0.02 GF_Model_IV
0.0128986384243384 636.328593428697 0.0108339575219251 0.000146960470842232 no_error _Recombination_Map_Scenario_2_ 1500 1501 1 0.02 GF_Model_IV
0.016560866383411 488.438641812941 0.00628618089126139 0.000148575170143386 no_error _Recombination_Map_Scenario_2_ 1500 1501 1 0.02 GF_Model_IV
0.0169778653555689 622.883443433563 0.00844596549736189 0.000102320342068835 no_error _Recombination_Map_Scenario_2_ 1500 1501 1 0.02 GF_Model_IV
0.0126723788815582 795.116632211823 0.0173583949572408 5.35670488603815e-05 no_error _Recombination_Map_Scenario_2_ 1500 1501 1 0.02 GF_Model_IV
0.0151812761948139 577.425568000937 0.00392051542573558 0.000167221804095099 no_error _Recombination_Map_Scenario_2_ 1500 1501 1 0.02 GF_Model_IV
0.00846610816276699 781.225601756692 0.0226197283875019 6.10290915372817e-05 no_error _Recombination_Map_Scenario_2_ 1500 1501 1 0.02 GF_Model_IV
0.0178032398813013 625.737792017199 0.00450823692230611 8.52336297077246e-05 no_error _Recombination_Map_Scenario_2_ 1500 1501 1 0.02 GF_Model_IV
0.0120431394351822 683.098195507416 0.0151774321771732 7.21424969688733e-05 no_error _Recombination_Map_Scenario_2_ 1500 1501 1 0.02 GF_Model_IV
0.0184217778867663 605.521047347532 0.00558897748654777 0.000111548975392182 no_error _Recombination_Map_Scenario_2_ 1500 1501 1 0.02 GF_Model_IV
0.015047370304448 592.567693799681 0.00916170966048529 0.000105494745292476 no_error _Recombination_Map_Scenario_2_ 1500 1501 1 0.02 GF_Model_IV
0.0140480457827753 569.69065996568 0.00838871818810247 0.000132499883016157 no_error _Recombination_Map_Scenario_2_ 1500 1501 1 0.02 GF_Model_IV
0.0113797408581912 579.526379088961 0.00877218253394296 7.26216755326577e-05 no_error _Recombination_Map_Scenario_2_ 1500 1501 1 0.02 GF_Model_IV
0.0148619558405368 794.745882984305 0.00547864510981003 0.000104256376090539 no_error _Recombination_Map_Scenario_2_ 1500 1501 1 0.02 GF_Model_IV
0.0156016073734064 760.923079401505 0.00699922745760378 7.49632212056422e-05 no_error _Recombination_Map_Scenario_2_ 1500 1501 1 0.02 GF_Model_IV
0.0161619345807893 536.052577981144 0.00734908027101051 0.000180093400308655 no_error _Recombination_Map_Scenario_2_ 1500 1501 1 0.02 GF_Model_IV
0.0153193527562033 464.040522277004 0.00440210637654245 0.000150933707900662 no_error _Recombination_Map_Scenario_2_ 1500 1501 1 0.02 GF_Model_IV
0.0170001925978989 643.130451879309 0.00834203827038332 9.8903250965048e-05 no_error _Recombination_Map_Scenario_2_ 1500 1501 1 0.02 GF_Model_IV
0.0142726763450006 759.585097832087 0.0169152389169912 9.3243428644909e-05 no_error _Recombination_Map_Scenario_2_ 1500 1501 1 0.02 GF_Model_IV
0.0199037249043639 626.423023839511 0.00221938841350793 0.00014748817553354 no_error _Recombination_Map_Scenario_2_ 1500 1501 1 0.02 GF_Model_IV
0.0145247846643642 575.458597210957 0.0101425551872746 0.00014786113445408 no_error _Recombination_Map_Scenario_2_ 1500 1501 1 0.02 GF_Model_IV
0.0175219722130585 614.082597249523 0.00387801129921827 0.00014849022947269 no_error _Recombination_Map_Scenario_2_ 1500 1501 1 0.02 GF_Model_IV
0.0185752180197173 573.983226773362 0.00633234750550694 6.68402894037923e-05 no_error _Recombination_Map_Scenario_2_ 1500 1501 1 0.02 GF_Model_IV
0.0153991300765342 660.244640473395 0.00793511355558279 9.68066836672167e-05 no_error _Recombination_Map_Scenario_2_ 1500 1501 1 0.02 GF_Model_IV
0.0181401185431339 581.860475536619 0.00391014797116947 0.000137066764899811 no_error _Recombination_Map_Scenario_2_ 1500 1501 1 0.02 GF_Model_IV
0.0115414971387307 728.743131897426 0.0130131050342911 8.23075659800369e-05 no_error _Recombination_Map_Scenario_2_ 1500 1501 1 0.02 GF_Model_IV
0.0204231825366935 606.601358378539 0.00307205442181275 8.38361775907056e-05 no_error _Recombination_Map_Scenario_2_ 1500 1501 1 0.02 GF_Model_IV
0.0174571627548999 159.66823080656 0.0179215020402687 0.000479108797426459 no_error _Recombination_Map_Scenario_2_ 1500 1501 1 0.02 GF_Model_IV
0.0185094045577478 589.170322837864 0.00516053425847334 0.000114991122296996 no_error _Recombination_Map_Scenario_2_ 1500 1501 1 0.02 GF_Model_IV
0.0125740479924199 686.805063369955 0.0133498155276277 4.49062455352107e-05 no_error _Recombination_Map_Scenario_2_ 1500 1501 1 0.02 GF_Model_IV
0.0129938874687643 537.91824560618 0.0132112894317693 0.000133390911251781 no_error _Recombination_Map_Scenario_2_ 1500 1501 1 0.02 GF_Model_IV
0.0154714795344123 706.223605460681 0.00778641251929563 7.68751060718993e-05 no_error _Recombination_Map_Scenario_2_ 1500 1501 1 0.02 GF_Model_IV
0.00643589163678151 348.738250600063 0.0319078920502487 0.000133243931391876 no_error _Recombination_Map_Scenario_2_ 1500 1501 1 0.02 GF_Model_IV
0.0156329601285168 644.157575981232 0.00657241591775823 0.000136362158307353 no_error _Recombination_Map_Scenario_2_ 1500 1501 1 0.02 GF_Model_IV
0.0146179232542292 676.692572209173 0.00936300554916678 5.56089453261364e-05 no_error _Recombination_Map_Scenario_2_ 1500 1501 1 0.02 GF_Model_IV
0.0106636351149182 503.085398910324 0.0166834547099037 0.000145502376221599 no_error _Recombination_Map_Scenario_2_ 1500 1501 1 0.02 GF_Model_IV
0.00867357228284846 659.352359557072 0.0211815436113177 9.18350581352771e-05 no_error _Recombination_Map_Scenario_2_ 1500 1501 1 0.02 GF_Model_IV
0.0135768831290885 559.755024483264 0.0112961184958577 7.70330346380295e-05 no_error _Recombination_Map_Scenario_2_ 1500 1501 1 0.02 GF_Model_IV
0.0175430672562924 638.474134828996 0.00742109892868236 0.000101035974067649 no_error _Recombination_Map_Scenario_2_ 1500 1501 1 0.02 GF_Model_IV
0.0170786098793727 623.963005567731 0.00565878888403362 0.000106328148283487 no_error _Recombination_Map_Scenario_2_ 1500 1501 1 0.02 GF_Model_IV
0.00595498491728055 547.026023708815 0.0283226284108974 7.78614136774143e-05 no_error _Recombination_Map_Scenario_2_ 1500 1501 1 0.02 GF_Model_IV
0.0147434386210357 615.508438287638 0.00849286692987563 0.000101910467187895 no_error _Recombination_Map_Scenario_2_ 1500 1501 1 0.02 GF_Model_IV
0.0186161103015425 600.749027333919 0.00376245727555036 0.000134543160135695 no_error _Recombination_Map_Scenario_2_ 1500 1501 1 0.02 GF_Model_IV
0.0174837693477767 659.388284558158 0.00480043839058306 9.23599246544591e-05 no_error _Recombination_Map_Scenario_2_ 1500 1501 1 0.02 GF_Model_IV
0.0162144784224731 617.552112232922 0.00794077035162565 0.000123773398579923 no_error _Recombination_Map_Scenario_2_ 1500 1501 1 0.02 GF_Model_IV
0.0192450040860968 606.619625950565 0.00492141046440896 0.000152555528703444 no_error _Recombination_Map_Scenario_2_ 1500 1501 1 0.02 GF_Model_IV
0.0105993825577396 753.4094513192 0.0110092474813687 7.72707224635382e-05 no_error _Recombination_Map_Scenario_2_ 1500 1501 1 0.02 GF_Model_IV
0.0126555807682895 605.31747554415 0.00769451498434291 5.84144883263992e-05 no_error _Recombination_Map_Scenario_2_ 1500 1501 1 0.02 GF_Model_IV
0.0132981281799909 564.243299240022 0.0113589405385355 0.00013855326555621 no_error _Recombination_Map_Scenario_2_ 1500 1501 1 0.02 GF_Model_IV
0.0104382691373996 705.740562975628 0.0165846470659267 5.92387011979942e-05 no_error _Recombination_Map_Scenario_2_ 1500 1501 1 0.02 GF_Model_IV
0.01286384287944 702.822959182109 0.0115118958704448 9.77847110755895e-05 no_error _Recombination_Map_Scenario_2_ 1500 1501 1 0.02 GF_Model_IV
0.0151553339468879 644.960316200044 0.0058913404208669 8.19091415936596e-05 no_error _Recombination_Map_Scenario_2_ 1500 1501 1 0.02 GF_Model_IV
0.0150331953263015 601.515679337406 0.00484870212436147 8.0373874117658e-05 no_error _Recombination_Map_Scenario_2_ 1500 1501 1 0.02 GF_Model_IV
0.0130738792096152 796.805636142259 0.0109528064595261 6.48286070422331e-05 no_error _Recombination_Map_Scenario_2_ 1500 1501 1 0.02 GF_Model_IV
0.00815686068988177 335.044121478103 0.0239148303590215 9.4178865749289e-05 no_error _Recombination_Map_Scenario_2_ 1500 1501 1 0.02 GF_Model_IV
0.0138665119653397 650.093947845721 0.0105210484741879 8.09251890031364e-05 no_error _Recombination_Map_Scenario_2_ 1500 1501 1 0.02 GF_Model_IV
0.0152884015831258 610.463917446545 0.00765964677168706 0.000123711832353723 no_error _Recombination_Map_Scenario_2_ 1500 1501 1 0.02 GF_Model_IV
0.0165592011241321 715.01515613326 0.00802823928755697 0.000113693091752707 no_error _Recombination_Map_Scenario_2_ 1500 1501 1 0.02 GF_Model_IV
0.0158307280259013 647.497301154127 0.00524714693721652 8.6279889971816e-05 no_error _Recombination_Map_Scenario_2_ 1500 1501 1 0.02 GF_Model_IV
0.0181098093759378 650.923522619898 0.00475190576123678 8.98956657619136e-05 no_error _Recombination_Map_Scenario_2_ 1500 1501 1 0.02 GF_Model_IV
0.0177184884278621 356.33931050717 0.00622243910958656 0.000395047862830987 no_error _Recombination_Map_Scenario_2_ 1500 1501 1 0.02 GF_Model_IV
0.012748402621497 670.267046307169 0.0116434844672624 8.79808234768801e-05 no_error _Recombination_Map_Scenario_2_ 1500 1501 1 0.02 GF_Model_IV
0.0120502772210698 434.159009576202 0.0160378959833499 0.00017804480719391 no_error _Recombination_Map_Scenario_2_ 1500 1501 1 0.02 GF_Model_IV
0.00712268690622595 771.694041229426 0.0251465011464422 6.07646111008954e-05 no_error _Recombination_Map_Scenario_2_ 1500 1501 1 0.02 GF_Model_IV
0.0200012933135543 593.180817642516 0.00256262725934873 0.00024623710939782 no_error _Recombination_Map_Scenario_2_ 1500 1501 1 0.02 GF_Model_IV
0.0181569678791467 588.954867281025 0.00554710748790049 0.000143592671261252 no_error _Recombination_Map_Scenario_2_ 1500 1501 1 0.02 GF_Model_IV
0.0165476909421916 638.499857535643 0.00558363612707608 0.000129720013126853 no_error _Recombination_Map_Scenario_2_ 1500 1501 1 0.02 GF_Model_IV
0.0167688058599025 627.796635517706 0.00584871078177546 7.96061784384268e-05 no_error _Recombination_Map_Scenario_2_ 1500 1501 1 0.02 GF_Model_IV
0.00835868701890147 787.517633184674 0.0315327992778779 0.000209936388482672 no_error _Recombination_Map_Scenario_2_ 1500 1501 1 0.02 GF_Model_IV
0.0120271367329663 472.066612507863 0.0150010922297145 0.00020748117660415 no_error _Recombination_Map_Scenario_2_ 1500 1501 1 0.02 GF_Model_IV
0.0146553348955398 727.73022232495 0.00811159060960823 8.63122867982472e-05 no_error _Recombination_Map_Scenario_2_ 1500 1501 1 0.02 GF_Model_IV
0.0150205557890243 621.067683217486 0.00787748170443666 6.99761582875721e-05 no_error _Recombination_Map_Scenario_2_ 1500 1501 1 0.02 GF_Model_IV
0.0136832671186372 698.900754998297 0.0109961529991051 6.00574110348524e-05 no_error _Recombination_Map_Scenario_2_ 1500 1501 1 0.02 GF_Model_IV
0.0212662191610178 606.741734909227 0.00315022259898878 0.000139782215420383 no_error _Recombination_Map_Scenario_2_ 1500 1501 1 0.02 GF_Model_IV
0.0138294725782148 702.089831311542 0.00986406478885813 8.67342274106745e-05 no_error _Recombination_Map_Scenario_2_ 1500 1501 1 0.02 GF_Model_IV
0.0185168341032137 584.974024323443 0.00620505155727786 0.000115877461975666 no_error _Recombination_Map_Scenario_2_ 1500 1501 1 0.02 GF_Model_IV
0.012353871701959 722.472607232209 0.0129624377847082 6.2642114745753e-05 no_error _Recombination_Map_Scenario_2_ 1500 1501 1 0.02 GF_Model_IV
0.0148069332269622 498.361132837076 0.0109329119439623 0.000252777283450008 no_error _Recombination_Map_Scenario_2_ 1500 1501 1 0.02 GF_Model_IV
0.00970251109635119 438.68747687073 0.01931839278466 0.000205595015569523 no_error _Recombination_Map_Scenario_2_ 1500 1501 1 0.02 GF_Model_IV
0.0152063730381521 593.745256808018 0.00987334792752982 9.94361302423527e-05 no_error _Recombination_Map_Scenario_2_ 1500 1501 1 0.02 GF_Model_IV
0.0186258695884227 618.746728564199 0.00608495187832825 7.40772423595208e-05 no_error _Recombination_Map_Scenario_2_ 1500 1501 1 0.02 GF_Model_IV
0.00090544437043668 806.133012076173 0.000342147529137943 5.23806619372733e-07 no_error _Recombination_Map_Scenario_3_ 750 2250 0 0.02 GF_Model_IV
0.000973656674069616 879.55642028074 0.000183441945738913 5.28116508476421e-07 no_error _Recombination_Map_Scenario_3_ 750 2250 0 0.02 GF_Model_IV
0.000891228142066241 686.016807492499 0.000668545457109448 5.8889122951824e-07 no_error _Recombination_Map_Scenario_3_ 750 2250 0 0.02 GF_Model_IV
0.00105499044716812 779.045989714269 0.000293384612717607 5.82907515163567e-07 no_error _Recombination_Map_Scenario_3_ 750 2250 0 0.02 GF_Model_IV
0.000975225404511498 808.840353167423 0.000119300463786508 5.78706584417288e-07 no_error _Recombination_Map_Scenario_3_ 750 2250 0 0.02 GF_Model_IV
0.000919808462549836 863.38617105038 0.000451451947234287 3.55521057302712e-07 no_error _Recombination_Map_Scenario_3_ 750 2250 0 0.02 GF_Model_IV
0.00102650765664498 903.05257960431 0.000125556821665135 4.80336384147306e-07 no_error _Recombination_Map_Scenario_3_ 750 2250 0 0.02 GF_Model_IV
0.000948877165530627 724.875472565847 0.000796407948356562 5.61717149796621e-07 no_error _Recombination_Map_Scenario_3_ 750 2250 0 0.02 GF_Model_IV
0.000878823233084232 770.070175688432 0.000156504701791199 4.67281398746869e-07 no_error _Recombination_Map_Scenario_3_ 750 2250 0 0.02 GF_Model_IV
0.000915805033851405 778.162823522351 0.00025138122535343 3.26834085126755e-07 no_error _Recombination_Map_Scenario_3_ 750 2250 0 0.02 GF_Model_IV
0.000947936449618543 772.69305870301 0.000310433257959676 4.85438525605183e-07 no_error _Recombination_Map_Scenario_3_ 750 2250 0 0.02 GF_Model_IV
0.000916761019399195 806.477738128356 0.000174633354689779 5.45065808933064e-07 no_error _Recombination_Map_Scenario_3_ 750 2250 0 0.02 GF_Model_IV
0.000922568497130778 783.073940809999 0.000354811879726338 6.85181761540693e-07 no_error _Recombination_Map_Scenario_3_ 750 2250 0 0.02 GF_Model_IV
0.000907336318051326 820.432718843839 0.000168492643602941 5.88267426181827e-07 no_error _Recombination_Map_Scenario_3_ 750 2250 0 0.02 GF_Model_IV
0.000925863257459796 713.085211057476 0.000612487428847812 6.67915235973652e-07 no_error _Recombination_Map_Scenario_3_ 750 2250 0 0.02 GF_Model_IV
0.000864413032095642 838.804177385385 0.000491506368438562 5.50204769552339e-07 no_error _Recombination_Map_Scenario_3_ 750 2250 0 0.02 GF_Model_IV
0.00101484270667321 897.97221848709 0.000178123186645086 5.41737245305026e-07 no_error _Recombination_Map_Scenario_3_ 750 2250 0 0.02 GF_Model_IV
0.000971014750333852 863.681568829364 0.000107974664658564 5.05446978479859e-07 no_error _Recombination_Map_Scenario_3_ 750 2250 0 0.02 GF_Model_IV
0.000911537878945583 693.353229009178 0.000434946511686661 5.39939748027974e-07 no_error _Recombination_Map_Scenario_3_ 750 2250 0 0.02 GF_Model_IV
0.000829330218934938 644.86903905488 0.000925523335000602 8.94435242197197e-07 no_error _Recombination_Map_Scenario_3_ 750 2250 0 0.02 GF_Model_IV
0.000959286868088552 729.051862900758 0.000146935265729015 4.10475810953137e-07 no_error _Recombination_Map_Scenario_3_ 750 2250 0 0.02 GF_Model_IV
0.00092452745550738 881.592660411802 0.000145632839574345 3.56605602926963e-07 no_error _Recombination_Map_Scenario_3_ 750 2250 0 0.02 GF_Model_IV
0.000885268845277949 782.299308222224 0.000132694477375632 4.87529168625915e-07 no_error _Recombination_Map_Scenario_3_ 750 2250 0 0.02 GF_Model_IV
0.000904417027777101 882.960364879319 0.000162081075450284 5.22961501671678e-07 no_error _Recombination_Map_Scenario_3_ 750 2250 0 0.02 GF_Model_IV
0.000896797841128025 811.132980863955 0.000253762019090899 3.21594526401708e-07 no_error _Recombination_Map_Scenario_3_ 750 2250 0 0.02 GF_Model_IV
0.00091630458341804 758.543094455553 0.000286206482038054 5.66283099454894e-07 no_error _Recombination_Map_Scenario_3_ 750 2250 0 0.02 GF_Model_IV
0.000929051116192295 834.357320517837 9.0088473497703e-05 4.71165805133364e-07 no_error _Recombination_Map_Scenario_3_ 750 2250 0 0.02 GF_Model_IV
0.000955877517320928 767.965071584354 0.00023932256017908 6.17433860212974e-07 no_error _Recombination_Map_Scenario_3_ 750 2250 0 0.02 GF_Model_IV
0.000907438358436716 512.438162012856 0.00115561006403682 1.08715164443167e-06 no_error _Recombination_Map_Scenario_3_ 750 2250 0 0.02 GF_Model_IV
0.00105040907597745 838.967079608366 0.000216142877232201 6.3111883290056e-07 no_error _Recombination_Map_Scenario_3_ 750 2250 0 0.02 GF_Model_IV
0.000975744341603891 683.727501094284 0.000257782266258978 6.51490682007548e-07 no_error _Recombination_Map_Scenario_3_ 750 2250 0 0.02 GF_Model_IV
0.000994608944993296 820.53400195429 0.000257173919406921 5.09508985726908e-07 no_error _Recombination_Map_Scenario_3_ 750 2250 0 0.02 GF_Model_IV
0.000888567804547159 589.596179555811 0.000853812950035962 8.4551300349299e-07 no_error _Recombination_Map_Scenario_3_ 750 2250 0 0.02 GF_Model_IV
0.00103469051439855 875.333522091287 0.000235329471657002 5.39176091758347e-07 no_error _Recombination_Map_Scenario_3_ 750 2250 0 0.02 GF_Model_IV
0.000959001241509859 778.215003877653 0.000323803413395419 6.66576140023913e-07 no_error _Recombination_Map_Scenario_3_ 750 2250 0 0.02 GF_Model_IV
0.000979944853231701 842.972842254771 0.000175351561301644 5.47449411113996e-07 no_error _Recombination_Map_Scenario_3_ 750 2250 0 0.02 GF_Model_IV
0.00102843090560749 776.97545430223 0.000218913794769964 4.38704730335286e-07 no_error _Recombination_Map_Scenario_3_ 750 2250 0 0.02 GF_Model_IV
0.00101506093553834 717.783872587648 0.000691535224094884 8.02422861429466e-07 no_error _Recombination_Map_Scenario_3_ 750 2250 0 0.02 GF_Model_IV
0.000928028074831038 726.516060346211 0.000728825742742531 7.00341761489605e-07 no_error _Recombination_Map_Scenario_3_ 750 2250 0 0.02 GF_Model_IV
0.000859550673521071 654.15976248793 0.000941309970248764 9.45437914348542e-07 no_error _Recombination_Map_Scenario_3_ 750 2250 0 0.02 GF_Model_IV
0.00100262814109194 865.878814558656 7.64956379610311e-05 4.76295390162857e-07 no_error _Recombination_Map_Scenario_3_ 750 2250 0 0.02 GF_Model_IV
0.000887838608380698 714.629055330515 0.000632354581897591 6.76883477748993e-07 no_error _Recombination_Map_Scenario_3_ 750 2250 0 0.02 GF_Model_IV
0.000881929158459022 772.523201586852 0.000392523278007178 5.43999782651615e-07 no_error _Recombination_Map_Scenario_3_ 750 2250 0 0.02 GF_Model_IV
0.000961617344013637 817.163595514594 0.000173547590175154 4.69835847224591e-07 no_error _Recombination_Map_Scenario_3_ 750 2250 0 0.02 GF_Model_IV
0.000953960307142555 902.340800463682 5.48307219179226e-05 4.41464959300826e-07 no_error _Recombination_Map_Scenario_3_ 750 2250 0 0.02 GF_Model_IV
0.000891080317252745 812.83119004564 0.000865585512538566 5.42515619406977e-07 no_error _Recombination_Map_Scenario_3_ 750 2250 0 0.02 GF_Model_IV
0.000983060775969811 875.904306541781 0.000108965451523269 4.40104455977872e-07 no_error _Recombination_Map_Scenario_3_ 750 2250 0 0.02 GF_Model_IV
0.00104876134473493 810.141917574291 0.000172554557396282 5.83435684524893e-07 no_error _Recombination_Map_Scenario_3_ 750 2250 0 0.02 GF_Model_IV
0.00100683215484129 846.728991337465 9.9951654668858e-05 5.40323239821003e-07 no_error _Recombination_Map_Scenario_3_ 750 2250 0 0.02 GF_Model_IV
0.00093387847316854 761.726022711643 0.000256868781938785 5.36537996932395e-07 no_error _Recombination_Map_Scenario_3_ 750 2250 0 0.02 GF_Model_IV
0.000949377447744834 824.208371174071 0.000122232687616747 5.12796988286514e-07 no_error _Recombination_Map_Scenario_3_ 750 2250 0 0.02 GF_Model_IV
0.000909356266556525 887.985290139502 0.000236309719975052 4.78385351025002e-07 no_error _Recombination_Map_Scenario_3_ 750 2250 0 0.02 GF_Model_IV
0.000898103892552001 736.337839448564 0.000359794145095601 4.69762396816969e-07 no_error _Recombination_Map_Scenario_3_ 750 2250 0 0.02 GF_Model_IV
0.000875044881793713 832.352199226213 8.22530893493807e-05 3.64594277503603e-07 no_error _Recombination_Map_Scenario_3_ 750 2250 0 0.02 GF_Model_IV
0.000936976858385658 777.763814969795 0.000486147779699788 5.70568914347755e-07 no_error _Recombination_Map_Scenario_3_ 750 2250 0 0.02 GF_Model_IV
0.000911646349627697 828.230167442709 0.000143899414322244 4.77223563219086e-07 no_error _Recombination_Map_Scenario_3_ 750 2250 0 0.02 GF_Model_IV
0.000965221494006198 786.760845470247 0.000383017225050267 5.77725718638231e-07 no_error _Recombination_Map_Scenario_3_ 750 2250 0 0.02 GF_Model_IV
0.000894279791406563 833.218714312521 0.000238400059229997 3.89535421115004e-07 no_error _Recombination_Map_Scenario_3_ 750 2250 0 0.02 GF_Model_IV
0.000990397951931823 527.75715249527 0.000502303020470989 1.4822458245837e-06 no_error _Recombination_Map_Scenario_3_ 750 2250 0 0.02 GF_Model_IV
0.00092629431751806 764.232814724455 0.000520439211575401 5.56682367382129e-07 no_error _Recombination_Map_Scenario_3_ 750 2250 0 0.02 GF_Model_IV
0.000870020263472969 823.33518324083 0.000310639306118708 6.50008890329873e-07 no_error _Recombination_Map_Scenario_3_ 750 2250 0 0.02 GF_Model_IV
0.00095115537868659 811.980248313068 0.000363857885118978 5.8539465082218e-07 no_error _Recombination_Map_Scenario_3_ 750 2250 0 0.02 GF_Model_IV
0.000984958015439726 570.979935297037 0.000216624671832569 1.31248060682238e-06 no_error _Recombination_Map_Scenario_3_ 750 2250 0 0.02 GF_Model_IV
0.000894352986002208 769.791267436175 0.00013047507367083 4.10171393911638e-07 no_error _Recombination_Map_Scenario_3_ 750 2250 0 0.02 GF_Model_IV
0.000953497293357804 808.843604181636 0.000127935910086233 5.4525920211574e-07 no_error _Recombination_Map_Scenario_3_ 750 2250 0 0.02 GF_Model_IV
0.000910163980038895 712.869267633481 0.000146329462409009 6.38149372546332e-07 no_error _Recombination_Map_Scenario_3_ 750 2250 0 0.02 GF_Model_IV
0.000938716410833885 954.411727080208 0.000748282993984248 4.16197928840159e-07 no_error _Recombination_Map_Scenario_3_ 750 2250 0 0.02 GF_Model_IV
0.00090688808050315 774.186370364861 0.000355859319041355 5.67234198993036e-07 no_error _Recombination_Map_Scenario_3_ 750 2250 0 0.02 GF_Model_IV
0.000868185629015245 683.484217707533 0.000797542083276599 5.9250042545849e-07 no_error _Recombination_Map_Scenario_3_ 750 2250 0 0.02 GF_Model_IV
0.000898011258564956 833.090769407942 0.00031507078160863 3.99650147268509e-07 no_error _Recombination_Map_Scenario_3_ 750 2250 0 0.02 GF_Model_IV
0.000896953215783111 729.52226665199 0.000150612640494721 6.30496669132665e-07 no_error _Recombination_Map_Scenario_3_ 750 2250 0 0.02 GF_Model_IV
0.000924840729991893 753.484605130226 0.000459202958904255 4.24004340970871e-07 no_error _Recombination_Map_Scenario_3_ 750 2250 0 0.02 GF_Model_IV
0.000941609300569386 604.072351485287 0.000526358893686227 1.360816885393e-06 no_error _Recombination_Map_Scenario_3_ 750 2250 0 0.02 GF_Model_IV
0.000923005723436565 684.68911456739 0.000564046824192764 8.9905000512108e-07 no_error _Recombination_Map_Scenario_3_ 750 2250 0 0.02 GF_Model_IV
0.000993951832166486 775.787038166587 0.000429865055994306 6.31454723225747e-07 no_error _Recombination_Map_Scenario_3_ 750 2250 0 0.02 GF_Model_IV
0.000957366416456991 842.479154599677 0.000156057088150828 3.67778867331667e-07 no_error _Recombination_Map_Scenario_3_ 750 2250 0 0.02 GF_Model_IV
0.000920362668583293 846.877166656574 8.06797282384239e-05 3.19456630855488e-07 no_error _Recombination_Map_Scenario_3_ 750 2250 0 0.02 GF_Model_IV
0.0010595717823393 905.076832347733 0.000178682816261558 4.17956887342691e-07 no_error _Recombination_Map_Scenario_3_ 750 2250 0 0.02 GF_Model_IV
0.000974622884310179 870.960153257669 0.000176947045160572 3.91527678171726e-07 no_error _Recombination_Map_Scenario_3_ 750 2250 0 0.02 GF_Model_IV
0.000922949127959887 683.510875256952 0.000527334088686557 6.269452052999e-07 no_error _Recombination_Map_Scenario_3_ 750 2250 0 0.02 GF_Model_IV
0.000910304162598465 798.450447870205 0.000299859117513486 5.9045853616959e-07 no_error _Recombination_Map_Scenario_3_ 750 2250 0 0.02 GF_Model_IV
0.00087112835449432 828.097741142187 0.000203091084296263 4.12881969168265e-07 no_error _Recombination_Map_Scenario_3_ 750 2250 0 0.02 GF_Model_IV
0.000945476364937557 913.550531969561 0.000111055299121443 5.03425668443032e-07 no_error _Recombination_Map_Scenario_3_ 750 2250 0 0.02 GF_Model_IV
0.000842576189955125 746.965811310595 0.000514662643610558 4.55402087088455e-07 no_error _Recombination_Map_Scenario_3_ 750 2250 0 0.02 GF_Model_IV
0.000864796173520516 748.283051825965 0.000539471848291076 6.46754953606249e-07 no_error _Recombination_Map_Scenario_3_ 750 2250 0 0.02 GF_Model_IV
0.000947999986914011 723.551284580111 0.000713197876689547 4.40701560384222e-07 no_error _Recombination_Map_Scenario_3_ 750 2250 0 0.02 GF_Model_IV
0.00105416918744105 767.074636123905 0.000190420161132015 3.67703933587022e-07 no_error _Recombination_Map_Scenario_3_ 750 2250 0 0.02 GF_Model_IV
0.000942390780916598 896.560957415864 0.000118993022765393 3.46552806454665e-07 no_error _Recombination_Map_Scenario_3_ 750 2250 0 0.02 GF_Model_IV
0.00101736804937183 881.959252269545 0.000127289306778056 4.92856899820862e-07 no_error _Recombination_Map_Scenario_3_ 750 2250 0 0.02 GF_Model_IV
0.000897442747460603 746.490710275511 0.000497628330534942 7.09747280400547e-07 no_error _Recombination_Map_Scenario_3_ 750 2250 0 0.02 GF_Model_IV
0.000950955012920282 675.8335207667 0.000504735212697197 6.35514006072563e-07 no_error _Recombination_Map_Scenario_3_ 750 2250 0 0.02 GF_Model_IV
0.000992032317638763 791.877302996942 0.000241565263917425 5.52860604651547e-07 no_error _Recombination_Map_Scenario_3_ 750 2250 0 0.02 GF_Model_IV
0.000982544539561876 832.483978699695 0.000372043851025623 5.41823379169687e-07 no_error _Recombination_Map_Scenario_3_ 750 2250 0 0.02 GF_Model_IV
0.000885200540586296 670.571320509716 0.000452529603388013 7.55110731738379e-07 no_error _Recombination_Map_Scenario_3_ 750 2250 0 0.02 GF_Model_IV
0.000952196765491852 873.468881308156 0.0001766184565887 3.43522424691114e-07 no_error _Recombination_Map_Scenario_3_ 750 2250 0 0.02 GF_Model_IV
0.00101789786345244 875.621658445033 0.000157846311042487 4.52184343214964e-07 no_error _Recombination_Map_Scenario_3_ 750 2250 0 0.02 GF_Model_IV
0.000897534490315405 868.348087160827 0.000181189095202496 3.77148816646492e-07 no_error _Recombination_Map_Scenario_3_ 750 2250 0 0.02 GF_Model_IV
0.000961242360611679 798.311441685121 0.000160389146847979 6.7434794684546e-07 no_error _Recombination_Map_Scenario_3_ 750 2250 0 0.02 GF_Model_IV
0.00086215544648163 887.510548326675 9.17754969562231e-05 4.23737029412644e-07 no_error _Recombination_Map_Scenario_3_ 750 2250 0 0.02 GF_Model_IV
0.00108535032123893 879.063787678963 0.000121864483542718 4.11421345064374e-07 no_error _Recombination_Map_Scenario_3_ 750 2250 0 0.02 GF_Model_IV
0.0151660462541166 628.151064719247 0.00805290351133656 6.89117183800629e-05 no_error _Recombination_Map_Scenario_4_ 750 2250 1 0.02 GF_Model_IV
0.00800022064030943 219.440144167837 0.0192880295053929 0.000148854648595685 no_error _Recombination_Map_Scenario_4_ 750 2250 1 0.02 GF_Model_IV
0.0152214615810969 588.46365239207 0.01082543638195 8.80932102245214e-05 no_error _Recombination_Map_Scenario_4_ 750 2250 1 0.02 GF_Model_IV
0.0191963156585274 513.892019776197 0.00480588616943107 0.000107123277629156 no_error _Recombination_Map_Scenario_4_ 750 2250 1 0.02 GF_Model_IV
0.0191546573883783 626.660711362307 0.00704394753862341 8.30732298413987e-05 no_error _Recombination_Map_Scenario_4_ 750 2250 1 0.02 GF_Model_IV
0.0169755835114626 647.770522676339 0.00287820695314328 5.04486644683298e-05 no_error _Recombination_Map_Scenario_4_ 750 2250 1 0.02 GF_Model_IV
0.0179988039211339 603.943641949597 0.00467320242118508 0.000142439693061694 no_error _Recombination_Map_Scenario_4_ 750 2250 1 0.02 GF_Model_IV
0.0134493504079127 673.495927685135 0.0104560936656686 8.3426906124082e-05 no_error _Recombination_Map_Scenario_4_ 750 2250 1 0.02 GF_Model_IV
0.0174659832017925 676.523888169357 0.00513124949017236 7.79334020205844e-05 no_error _Recombination_Map_Scenario_4_ 750 2250 1 0.02 GF_Model_IV
0.00953020541603634 701.40392100161 0.0252336484345067 8.80805966099589e-05 no_error _Recombination_Map_Scenario_4_ 750 2250 1 0.02 GF_Model_IV
0.0184751678449262 597.285939014032 0.00359348065418021 0.000174433981730585 no_error _Recombination_Map_Scenario_4_ 750 2250 1 0.02 GF_Model_IV
0.011848338307401 669.250111437155 0.0109607184173319 7.09588476741008e-05 no_error _Recombination_Map_Scenario_4_ 750 2250 1 0.02 GF_Model_IV
0.0131482428778367 543.449105287486 0.0148937697105043 0.000172934624695331 no_error _Recombination_Map_Scenario_4_ 750 2250 1 0.02 GF_Model_IV
0.0154977148766971 666.6362573204 0.00767814849119143 8.14957368947175e-05 no_error _Recombination_Map_Scenario_4_ 750 2250 1 0.02 GF_Model_IV
0.0153472346978777 645.529365538746 0.00641162110576922 5.49722354503227e-05 no_error _Recombination_Map_Scenario_4_ 750 2250 1 0.02 GF_Model_IV
0.0153749526474147 703.947234937471 0.00764660557856018 0.000100888809127896 no_error _Recombination_Map_Scenario_4_ 750 2250 1 0.02 GF_Model_IV
0.0170522964560317 676.967570919531 0.00550604449362333 0.000166328187861388 no_error _Recombination_Map_Scenario_4_ 750 2250 1 0.02 GF_Model_IV
0.0179764899052398 669.537369554776 0.00593269311802896 0.000144423691294231 no_error _Recombination_Map_Scenario_4_ 750 2250 1 0.02 GF_Model_IV
0.0165261757972738 531.344664283727 0.00732246866628799 8.61077514504725e-05 no_error _Recombination_Map_Scenario_4_ 750 2250 1 0.02 GF_Model_IV
0.0142910762934877 834.067347100414 0.011645844321207 9.21979760553319e-05 no_error _Recombination_Map_Scenario_4_ 750 2250 1 0.02 GF_Model_IV
0.0163613651970533 574.287132532177 0.0072723068615585 0.000207630574631565 no_error _Recombination_Map_Scenario_4_ 750 2250 1 0.02 GF_Model_IV
0.0113934563281261 560.651054740102 0.0203527486651746 0.000130878503598367 no_error _Recombination_Map_Scenario_4_ 750 2250 1 0.02 GF_Model_IV
0.0192691573598739 626.18954179821 0.00301450542287242 0.000105641827281985 no_error _Recombination_Map_Scenario_4_ 750 2250 1 0.02 GF_Model_IV
0.00912172820242234 639.509597730108 0.0233368038383423 0.000105541100458875 no_error _Recombination_Map_Scenario_4_ 750 2250 1 0.02 GF_Model_IV
0.0152970271759728 675.7693586106 0.0065228320874875 9.43262119219261e-05 no_error _Recombination_Map_Scenario_4_ 750 2250 1 0.02 GF_Model_IV
0.00810595051617351 693.848189986006 0.023514595203743 6.80068741766881e-05 no_error _Recombination_Map_Scenario_4_ 750 2250 1 0.02 GF_Model_IV
0.0194683971522401 569.251788016599 0.00307403495032671 0.000192537257719417 no_error _Recombination_Map_Scenario_4_ 750 2250 1 0.02 GF_Model_IV
0.0179446338415336 414.494265534783 0.0046352709546241 0.000410793660795212 no_error _Recombination_Map_Scenario_4_ 750 2250 1 0.02 GF_Model_IV
0.00863887689925491 1237.57080665042 0.023675430604384 4.9507772475442e-05 no_error _Recombination_Map_Scenario_4_ 750 2250 1 0.02 GF_Model_IV
0.0172065730487729 595.425050494683 0.00344106873454224 0.000120234161717109 no_error _Recombination_Map_Scenario_4_ 750 2250 1 0.02 GF_Model_IV
0.0157095113564359 440.068598472839 0.00899141787605896 0.000236493290489827 no_error _Recombination_Map_Scenario_4_ 750 2250 1 0.02 GF_Model_IV
0.0119131051666756 695.328341345237 0.00600715973970104 6.84307836012568e-05 no_error _Recombination_Map_Scenario_4_ 750 2250 1 0.02 GF_Model_IV
0.0200493363965786 660.435684425364 0.00692747587124594 7.20428709360363e-05 no_error _Recombination_Map_Scenario_4_ 750 2250 1 0.02 GF_Model_IV
0.0195171406444424 614.361519684583 0.00755554267622219 5.32194089916138e-05 no_error _Recombination_Map_Scenario_4_ 750 2250 1 0.02 GF_Model_IV
0.0120148165416481 661.423027534073 0.0127163243449768 5.9730168432796e-05 no_error _Recombination_Map_Scenario_4_ 750 2250 1 0.02 GF_Model_IV
0.0177301402701165 640.388953515063 0.00360234033690225 0.000125628071599048 no_error _Recombination_Map_Scenario_4_ 750 2250 1 0.02 GF_Model_IV
0.00784622195994697 594.506977557105 0.0224236060870927 8.59122240726387e-05 no_error _Recombination_Map_Scenario_4_ 750 2250 1 0.02 GF_Model_IV
0.0200273397047537 559.125634788218 0.00483277236590958 7.06674210940881e-05 no_error _Recombination_Map_Scenario_4_ 750 2250 1 0.02 GF_Model_IV
0.0198659431904145 620.240730759883 0.00247333673241601 0.00012743699631044 no_error _Recombination_Map_Scenario_4_ 750 2250 1 0.02 GF_Model_IV
0.0153566285221045 718.427971201455 0.00862214691245676 7.86658115605302e-05 no_error _Recombination_Map_Scenario_4_ 750 2250 1 0.02 GF_Model_IV
0.0175062789027767 562.312611905163 0.00921990419755282 0.000143149265980588 no_error _Recombination_Map_Scenario_4_ 750 2250 1 0.02 GF_Model_IV
0.0151989976827041 712.163289500127 0.00959379906141216 0.000117484114116134 no_error _Recombination_Map_Scenario_4_ 750 2250 1 0.02 GF_Model_IV
0.0188333602541357 531.266921639368 0.00446638867849361 0.000238422275726838 no_error _Recombination_Map_Scenario_4_ 750 2250 1 0.02 GF_Model_IV
0.0082180670292973 885.677115073482 0.0254765959520474 0.000103099913168163 no_error _Recombination_Map_Scenario_4_ 750 2250 1 0.02 GF_Model_IV
0.0132223480451407 607.738998155049 0.0139544343299838 7.52174779062686e-05 no_error _Recombination_Map_Scenario_4_ 750 2250 1 0.02 GF_Model_IV
0.0169814959551992 599.158744212083 0.00617535853142654 0.000118781187879992 no_error _Recombination_Map_Scenario_4_ 750 2250 1 0.02 GF_Model_IV
0.0115115822864401 579.82274275201 0.0162030019888837 0.000155736970921486 no_error _Recombination_Map_Scenario_4_ 750 2250 1 0.02 GF_Model_IV
0.016061773773626 747.544469675806 0.00844046200407795 7.61724023274352e-05 no_error _Recombination_Map_Scenario_4_ 750 2250 1 0.02 GF_Model_IV
0.00977430651063166 785.293846324481 0.0203187584385227 5.56867449549301e-05 no_error _Recombination_Map_Scenario_4_ 750 2250 1 0.02 GF_Model_IV
0.0142686581478861 607.253190930276 0.0095768026925929 0.000137632286160704 no_error _Recombination_Map_Scenario_4_ 750 2250 1 0.02 GF_Model_IV
0.0158945065052642 570.69554524481 0.0070357649173914 0.000174066097522496 no_error _Recombination_Map_Scenario_4_ 750 2250 1 0.02 GF_Model_IV
0.011090366471667 991.632222382588 0.0166849572327711 2.24769265272387e-05 no_error _Recombination_Map_Scenario_4_ 750 2250 1 0.02 GF_Model_IV
0.00372641618229571 42.24963224196 0.0368481309026204 0.000117095989581176 no_error _Recombination_Map_Scenario_4_ 750 2250 1 0.02 GF_Model_IV
0.0161016992422877 626.481878320605 0.00403824100451512 0.000123500852085599 no_error _Recombination_Map_Scenario_4_ 750 2250 1 0.02 GF_Model_IV
0.0148314273248772 641.939630393537 0.0120733707275327 0.0001440223858195 no_error _Recombination_Map_Scenario_4_ 750 2250 1 0.02 GF_Model_IV
0.0139565754976585 600.638670280847 0.00957832181540011 7.6835309372556e-05 no_error _Recombination_Map_Scenario_4_ 750 2250 1 0.02 GF_Model_IV
0.0150556818256369 597.803767693006 0.00621012838815106 0.000153248092089991 no_error _Recombination_Map_Scenario_4_ 750 2250 1 0.02 GF_Model_IV
0.0120868592942415 672.248399244891 0.0137298832866378 5.61221305432764e-05 no_error _Recombination_Map_Scenario_4_ 750 2250 1 0.02 GF_Model_IV
0.019831902754778 611.254642239225 0.00331414667403736 7.64854745909996e-05 no_error _Recombination_Map_Scenario_4_ 750 2250 1 0.02 GF_Model_IV
0.0154991780610331 643.247555937921 0.00478747594810339 9.38024263116854e-05 no_error _Recombination_Map_Scenario_4_ 750 2250 1 0.02 GF_Model_IV
0.0137527009426291 850.89504013045 0.016665542384245 5.56227508624924e-05 no_error _Recombination_Map_Scenario_4_ 750 2250 1 0.02 GF_Model_IV
0.0140878414221797 604.931067853997 0.00906936878528602 0.00012444484136691 no_error _Recombination_Map_Scenario_4_ 750 2250 1 0.02 GF_Model_IV
0.0119377779817904 687.354482785794 0.00850690548439711 6.74141858461519e-05 no_error _Recombination_Map_Scenario_4_ 750 2250 1 0.02 GF_Model_IV
0.0161561150887466 697.292543822079 0.00913241706928866 6.87867719447997e-05 no_error _Recombination_Map_Scenario_4_ 750 2250 1 0.02 GF_Model_IV
0.0160317307869935 671.100518749898 0.004974916112195 0.000103588707346334 no_error _Recombination_Map_Scenario_4_ 750 2250 1 0.02 GF_Model_IV
0.0198535637702623 575.501383488474 0.00459308736950792 0.00019799612878112 no_error _Recombination_Map_Scenario_4_ 750 2250 1 0.02 GF_Model_IV
0.0105983105117732 692.803031056538 0.0159025417081968 6.39694189051828e-05 no_error _Recombination_Map_Scenario_4_ 750 2250 1 0.02 GF_Model_IV
0.0139114306468125 757.621994697808 0.011056518586005 5.61285548436478e-05 no_error _Recombination_Map_Scenario_4_ 750 2250 1 0.02 GF_Model_IV
0.0146203959268525 664.662487354091 0.00910759820602753 7.64417888296099e-05 no_error _Recombination_Map_Scenario_4_ 750 2250 1 0.02 GF_Model_IV
0.0133784204601779 588.183006405749 0.00499144559914604 7.83008606226893e-05 no_error _Recombination_Map_Scenario_4_ 750 2250 1 0.02 GF_Model_IV
0.0144383958731293 667.589256752117 0.00452491935177746 7.59954848566292e-05 no_error _Recombination_Map_Scenario_4_ 750 2250 1 0.02 GF_Model_IV
0.0191145788212397 537.898266213516 0.00517743260944162 0.000131260535676873 no_error _Recombination_Map_Scenario_4_ 750 2250 1 0.02 GF_Model_IV
0.0174488212752491 645.933831616658 0.00339573680794509 6.90290560310653e-05 no_error _Recombination_Map_Scenario_4_ 750 2250 1 0.02 GF_Model_IV
0.0111285991408025 638.303596780614 0.0143216204584481 4.56674361446745e-05 no_error _Recombination_Map_Scenario_4_ 750 2250 1 0.02 GF_Model_IV
0.0102539769123227 420.094492595021 0.0152452268712715 0.000123894012826829 no_error _Recombination_Map_Scenario_4_ 750 2250 1 0.02 GF_Model_IV
0.0161557705687765 572.880863374349 0.00409133341624121 0.000156638117333331 no_error _Recombination_Map_Scenario_4_ 750 2250 1 0.02 GF_Model_IV
0.0160839215256281 516.305044145321 0.007284514382311 0.000280995291557983 no_error _Recombination_Map_Scenario_4_ 750 2250 1 0.02 GF_Model_IV
0.0168749872052937 619.003741046045 0.0080438293182313 0.000182638443178822 no_error _Recombination_Map_Scenario_4_ 750 2250 1 0.02 GF_Model_IV
0.0141555092767321 636.583041138456 0.0136209144523663 5.30132547447023e-05 no_error _Recombination_Map_Scenario_4_ 750 2250 1 0.02 GF_Model_IV
0.00960040001350725 573.006009838039 0.0192545847102293 8.35947851967579e-05 no_error _Recombination_Map_Scenario_4_ 750 2250 1 0.02 GF_Model_IV
0.0122325242915885 714.128886173237 0.0179561188426902 7.80270409524051e-05 no_error _Recombination_Map_Scenario_4_ 750 2250 1 0.02 GF_Model_IV
0.0138160103682487 564.096298352236 0.0118846393652275 0.000160707408869568 no_error _Recombination_Map_Scenario_4_ 750 2250 1 0.02 GF_Model_IV
0.0159751399852492 731.79540878515 0.0115594802321122 0.000165393795050087 no_error _Recombination_Map_Scenario_4_ 750 2250 1 0.02 GF_Model_IV
0.0177323393361361 500.493907159194 0.00706992382118568 0.000146715044078787 no_error _Recombination_Map_Scenario_4_ 750 2250 1 0.02 GF_Model_IV
0.0167906908914608 575.280375209555 0.00511748982319704 0.000121313240337275 no_error _Recombination_Map_Scenario_4_ 750 2250 1 0.02 GF_Model_IV
0.0103414176216721 628.701003964251 0.0107411563573603 5.21330750028781e-05 no_error _Recombination_Map_Scenario_4_ 750 2250 1 0.02 GF_Model_IV
0.0130704078907046 763.142076242286 0.0102539417805532 5.79095116710898e-05 no_error _Recombination_Map_Scenario_4_ 750 2250 1 0.02 GF_Model_IV
0.0127817071581068 541.113200475609 0.0157491334608258 8.50914232725876e-05 no_error _Recombination_Map_Scenario_4_ 750 2250 1 0.02 GF_Model_IV
0.0191601279360206 459.17199059855 0.00640841628416324 9.93525314005572e-05 no_error _Recombination_Map_Scenario_4_ 750 2250 1 0.02 GF_Model_IV
0.0145323783261744 799.002572275845 0.00815450950708552 5.3118524952527e-05 no_error _Recombination_Map_Scenario_4_ 750 2250 1 0.02 GF_Model_IV
0.00516792670996039 1765.87788919259 0.0320482964911684 0.000117012638998584 no_error _Recombination_Map_Scenario_4_ 750 2250 1 0.02 GF_Model_IV
0.0127639716523953 708.854076972427 0.0121927840204017 6.16708750870929e-05 no_error _Recombination_Map_Scenario_4_ 750 2250 1 0.02 GF_Model_IV
0.0153068539410494 619.573037451227 0.00543494297869907 0.000107931995311428 no_error _Recombination_Map_Scenario_4_ 750 2250 1 0.02 GF_Model_IV
0.01743506848302 657.846584862537 0.00458482125952877 9.14166481171875e-05 no_error _Recombination_Map_Scenario_4_ 750 2250 1 0.02 GF_Model_IV
0.0230368429160811 591.317443174358 0.00240988749369214 0.000100893706000494 no_error _Recombination_Map_Scenario_4_ 750 2250 1 0.02 GF_Model_IV
0.0125609650867109 469.514199341191 0.0138012063712422 6.84861111044688e-05 no_error _Recombination_Map_Scenario_4_ 750 2250 1 0.02 GF_Model_IV
0.0150314838211921 705.497058325179 0.00862395551415051 8.73495514866642e-05 no_error _Recombination_Map_Scenario_4_ 750 2250 1 0.02 GF_Model_IV
0.0124127501417022 742.614501152385 0.00817525590549884 6.48901742539242e-05 no_error _Recombination_Map_Scenario_4_ 750 2250 1 0.02 GF_Model_IV
0.0110105901966556 527.088215864188 0.0156311076473369 0.000119401411838053 no_error _Recombination_Map_Scenario_4_ 750 2250 1 0.02 GF_Model_IV
0.0160273533840261 583.206203301885 0.00738420603639253 0.000186487537027044 no_error _Recombination_Map_Scenario_4_ 750 2250 1 0.02 GF_Model_IV
