0.0104819707846348 436.3810201576 0.0143525076333075 2.63839841521861e-05 no_error _Recombination_Map_and_Complex_Demographies_Scenario_1_ 1500 1501 0 0.05 GF_Model_IV
0.0127395070148845 533.473726684332 0.00260860778931442 3.71894734335729e-05 no_error _Recombination_Map_and_Complex_Demographies_Scenario_1_ 1500 1501 0 0.05 GF_Model_IV
0.0118946975334283 503.085539369701 0.000851456144682217 1.72074516761768e-05 no_error _Recombination_Map_and_Complex_Demographies_Scenario_1_ 1500 1501 0 0.05 GF_Model_IV
0.0103795998551538 469.638844984343 0.00500668857877831 2.63350294193259e-05 no_error _Recombination_Map_and_Complex_Demographies_Scenario_1_ 1500 1501 0 0.05 GF_Model_IV
0.0124861563836529 361.80734024128 0.00337892156220829 4.37805853121554e-05 no_error _Recombination_Map_and_Complex_Demographies_Scenario_1_ 1500 1501 0 0.05 GF_Model_IV
0.0106662538856779 393.591897070035 0.00514187531065562 4.41885662131937e-05 no_error _Recombination_Map_and_Complex_Demographies_Scenario_1_ 1500 1501 0 0.05 GF_Model_IV
0.0120680093341751 540.490740853335 0.00485047169564776 3.34863373737111e-05 no_error _Recombination_Map_and_Complex_Demographies_Scenario_1_ 1500 1501 0 0.05 GF_Model_IV
0.00969611583705484 523.306506341834 0.00123086749822308 1.17853259180391e-05 no_error _Recombination_Map_and_Complex_Demographies_Scenario_1_ 1500 1501 0 0.05 GF_Model_IV
0.011971063350245 367.568601899483 0.0111586111368188 2.88147101898674e-05 no_error _Recombination_Map_and_Complex_Demographies_Scenario_1_ 1500 1501 0 0.05 GF_Model_IV
0.0110377432685883 440.728366396178 0.00479867111003878 2.57843459966955e-05 no_error _Recombination_Map_and_Complex_Demographies_Scenario_1_ 1500 1501 0 0.05 GF_Model_IV
0.0118799131495725 571.132699545103 0.00141399757004679 3.68505206515485e-05 no_error _Recombination_Map_and_Complex_Demographies_Scenario_1_ 1500 1501 0 0.05 GF_Model_IV
0.010457507660699 587.682559837629 0.000942811916768114 1.5163112431626e-05 no_error _Recombination_Map_and_Complex_Demographies_Scenario_1_ 1500 1501 0 0.05 GF_Model_IV
0.0121802682401945 542.206519578839 0.00288856978819612 1.77286434294619e-05 no_error _Recombination_Map_and_Complex_Demographies_Scenario_1_ 1500 1501 0 0.05 GF_Model_IV
0.0105871345329958 460.347311397981 0.00958789608017018 2.61182965365472e-05 no_error _Recombination_Map_and_Complex_Demographies_Scenario_1_ 1500 1501 0 0.05 GF_Model_IV
0.0123773960154768 222.981501850983 0.0185569510090473 7.09360185890158e-05 no_error _Recombination_Map_and_Complex_Demographies_Scenario_1_ 1500 1501 0 0.05 GF_Model_IV
0.0114706671972153 404.838506525279 0.0074955467977766 2.53856484500425e-05 no_error _Recombination_Map_and_Complex_Demographies_Scenario_1_ 1500 1501 0 0.05 GF_Model_IV
0.0111925963711938 474.662663682337 0.000774008711345645 2.00007775096013e-05 no_error _Recombination_Map_and_Complex_Demographies_Scenario_1_ 1500 1501 0 0.05 GF_Model_IV
0.0108562592569951 610.796622746406 0.000889885186379238 1.60097090727128e-05 no_error _Recombination_Map_and_Complex_Demographies_Scenario_1_ 1500 1501 0 0.05 GF_Model_IV
0.0106583117598124 379.05488070098 0.00422587267014021 2.55947465270373e-05 no_error _Recombination_Map_and_Complex_Demographies_Scenario_1_ 1500 1501 0 0.05 GF_Model_IV
0.0113574491741042 498.515003220164 0.00562466577655248 8.86294106609894e-06 no_error _Recombination_Map_and_Complex_Demographies_Scenario_1_ 1500 1501 0 0.05 GF_Model_IV
0.0105743015617172 572.205702017194 0.00120827332348907 1.47805625758365e-05 no_error _Recombination_Map_and_Complex_Demographies_Scenario_1_ 1500 1501 0 0.05 GF_Model_IV
0.0123700207458317 488.818567290423 0.0013008635609067 1.22049946339045e-05 no_error _Recombination_Map_and_Complex_Demographies_Scenario_1_ 1500 1501 0 0.05 GF_Model_IV
0.00913906308616056 498.328902878093 0.0065481339147766 2.28717874733894e-05 no_error _Recombination_Map_and_Complex_Demographies_Scenario_1_ 1500 1501 0 0.05 GF_Model_IV
0.0110451745246957 444.007508124981 0.0074065520198303 2.98813792149323e-05 no_error _Recombination_Map_and_Complex_Demographies_Scenario_1_ 1500 1501 0 0.05 GF_Model_IV
0.0108471308469731 463.5239551992 0.00380013771489729 3.56000146340331e-05 no_error _Recombination_Map_and_Complex_Demographies_Scenario_1_ 1500 1501 0 0.05 GF_Model_IV
0.0101965708781469 496.44378290217 0.00409040751762904 2.07523844313735e-05 no_error _Recombination_Map_and_Complex_Demographies_Scenario_1_ 1500 1501 0 0.05 GF_Model_IV
0.0117690662860414 534.568469079464 0.00146768660740612 2.69207798696571e-05 no_error _Recombination_Map_and_Complex_Demographies_Scenario_1_ 1500 1501 0 0.05 GF_Model_IV
0.0118757348972809 525.26888141938 0.00162408512656249 1.78951849826141e-05 no_error _Recombination_Map_and_Complex_Demographies_Scenario_1_ 1500 1501 0 0.05 GF_Model_IV
0.0128911328534401 531.990310683501 0.0024109099807942 1.18278642492204e-05 no_error _Recombination_Map_and_Complex_Demographies_Scenario_1_ 1500 1501 0 0.05 GF_Model_IV
0.0104468800862338 490.187383953774 0.00706838295278791 1.65927842016025e-05 no_error _Recombination_Map_and_Complex_Demographies_Scenario_1_ 1500 1501 0 0.05 GF_Model_IV
0.0125815141550186 532.713569629223 0.00408109175538321 2.0994511459536e-05 no_error _Recombination_Map_and_Complex_Demographies_Scenario_1_ 1500 1501 0 0.05 GF_Model_IV
0.0120159070733297 520.329739436842 0.00715797076760333 1.17847048363647e-05 no_error _Recombination_Map_and_Complex_Demographies_Scenario_1_ 1500 1501 0 0.05 GF_Model_IV
0.0120225349327925 575.041869528096 0.00206035454014183 2.49597382190565e-05 no_error _Recombination_Map_and_Complex_Demographies_Scenario_1_ 1500 1501 0 0.05 GF_Model_IV
0.0101493306498085 510.986909964046 0.00500664637268286 1.58424770317248e-05 no_error _Recombination_Map_and_Complex_Demographies_Scenario_1_ 1500 1501 0 0.05 GF_Model_IV
0.0117325998910298 536.256837077093 0.00439003145482017 1.49468856868973e-05 no_error _Recombination_Map_and_Complex_Demographies_Scenario_1_ 1500 1501 0 0.05 GF_Model_IV
0.0112564367598044 480.084358073744 0.0043276575781014 9.81461880914658e-06 no_error _Recombination_Map_and_Complex_Demographies_Scenario_1_ 1500 1501 0 0.05 GF_Model_IV
0.0111020029364304 459.572015768258 0.00651026393457241 2.14308190949542e-05 no_error _Recombination_Map_and_Complex_Demographies_Scenario_1_ 1500 1501 0 0.05 GF_Model_IV
0.0124524059203925 563.094310206936 0.00434318670182398 3.17449173703376e-05 no_error _Recombination_Map_and_Complex_Demographies_Scenario_1_ 1500 1501 0 0.05 GF_Model_IV
0.0107481759500155 435.48040858266 0.00532858665196302 2.59893972495328e-05 no_error _Recombination_Map_and_Complex_Demographies_Scenario_1_ 1500 1501 0 0.05 GF_Model_IV
0.0111021655632274 530.799560487694 0.00402739042858245 2.27879903724372e-05 no_error _Recombination_Map_and_Complex_Demographies_Scenario_1_ 1500 1501 0 0.05 GF_Model_IV
0.0114364402075975 569.78420004554 0.00095483034691589 1.45798625451423e-05 no_error _Recombination_Map_and_Complex_Demographies_Scenario_1_ 1500 1501 0 0.05 GF_Model_IV
0.00868496067793655 459.730463999892 0.0106446166233992 2.31396551668014e-05 no_error _Recombination_Map_and_Complex_Demographies_Scenario_1_ 1500 1501 0 0.05 GF_Model_IV
0.0116726124207565 467.000760822481 0.00204116464062902 2.12411827832111e-05 no_error _Recombination_Map_and_Complex_Demographies_Scenario_1_ 1500 1501 0 0.05 GF_Model_IV
0.0120386736157372 551.899863814602 0.00283876991686878 3.47383132493124e-05 no_error _Recombination_Map_and_Complex_Demographies_Scenario_1_ 1500 1501 0 0.05 GF_Model_IV
0.0121958559236643 524.69108440967 0.00396929370187414 1.06925101875404e-05 no_error _Recombination_Map_and_Complex_Demographies_Scenario_1_ 1500 1501 0 0.05 GF_Model_IV
0.0117471795361456 547.096726931544 0.00256504739855528 1.91532814285097e-05 no_error _Recombination_Map_and_Complex_Demographies_Scenario_1_ 1500 1501 0 0.05 GF_Model_IV
0.0081144875685168 385.757805127116 0.0159898711783595 2.30663168846162e-05 no_error _Recombination_Map_and_Complex_Demographies_Scenario_1_ 1500 1501 0 0.05 GF_Model_IV
0.0129619619391793 336.873577251766 0.0142166553326622 6.18550453864252e-05 no_error _Recombination_Map_and_Complex_Demographies_Scenario_1_ 1500 1501 0 0.05 GF_Model_IV
0.0108594334777699 605.704795777097 0.00202309394749262 1.80885505352688e-05 no_error _Recombination_Map_and_Complex_Demographies_Scenario_1_ 1500 1501 0 0.05 GF_Model_IV
0.0113542680016443 553.439028508219 0.00104427594006822 2.44575281967041e-05 no_error _Recombination_Map_and_Complex_Demographies_Scenario_1_ 1500 1501 0 0.05 GF_Model_IV
0.0107603329360134 568.022142912284 0.000991036491864378 1.28931488819394e-05 no_error _Recombination_Map_and_Complex_Demographies_Scenario_1_ 1500 1501 0 0.05 GF_Model_IV
0.0109816871877951 467.585269152106 0.00643636485414748 1.09999771555778e-05 no_error _Recombination_Map_and_Complex_Demographies_Scenario_1_ 1500 1501 0 0.05 GF_Model_IV
0.0114433224734483 560.183857282039 0.000958741620684313 1.29249177802002e-05 no_error _Recombination_Map_and_Complex_Demographies_Scenario_1_ 1500 1501 0 0.05 GF_Model_IV
0.0111076954230968 503.35907504119 0.0013058750285421 1.38191836942147e-05 no_error _Recombination_Map_and_Complex_Demographies_Scenario_1_ 1500 1501 0 0.05 GF_Model_IV
0.0103392588665911 491.039042179827 0.00093544707482758 2.04070129803602e-05 no_error _Recombination_Map_and_Complex_Demographies_Scenario_1_ 1500 1501 0 0.05 GF_Model_IV
0.0104070619098624 491.377924734795 0.00274274486772263 1.98445081153379e-05 no_error _Recombination_Map_and_Complex_Demographies_Scenario_1_ 1500 1501 0 0.05 GF_Model_IV
0.00956244020950489 553.482547211062 0.00161329439583975 1.3779528759052e-05 no_error _Recombination_Map_and_Complex_Demographies_Scenario_1_ 1500 1501 0 0.05 GF_Model_IV
0.00955232275101498 523.09541551376 0.00279240855948712 1.51530929778475e-05 no_error _Recombination_Map_and_Complex_Demographies_Scenario_1_ 1500 1501 0 0.05 GF_Model_IV
0.0109819420403443 524.212657416209 0.00265717055342664 1.20171217562874e-05 no_error _Recombination_Map_and_Complex_Demographies_Scenario_1_ 1500 1501 0 0.05 GF_Model_IV
0.00970686751636923 516.355557113163 0.000999996911037911 9.6146678058942e-06 no_error _Recombination_Map_and_Complex_Demographies_Scenario_1_ 1500 1501 0 0.05 GF_Model_IV
0.0111255606692869 341.687663286237 0.0104126452466521 3.3594564756193e-05 no_error _Recombination_Map_and_Complex_Demographies_Scenario_1_ 1500 1501 0 0.05 GF_Model_IV
0.0109315676468537 473.085195685006 0.00436722615141166 2.51564989216319e-05 no_error _Recombination_Map_and_Complex_Demographies_Scenario_1_ 1500 1501 0 0.05 GF_Model_IV
0.0111108368179351 506.269461299206 0.00203381343726852 1.62865823522398e-05 no_error _Recombination_Map_and_Complex_Demographies_Scenario_1_ 1500 1501 0 0.05 GF_Model_IV
0.0124025537835731 537.475242194325 0.00109543070336512 2.95229004899342e-05 no_error _Recombination_Map_and_Complex_Demographies_Scenario_1_ 1500 1501 0 0.05 GF_Model_IV
0.0115388719040225 423.750178613698 0.0018466679171439 3.48036549825689e-05 no_error _Recombination_Map_and_Complex_Demographies_Scenario_1_ 1500 1501 0 0.05 GF_Model_IV
0.0117116984549623 514.562514282696 0.0017433743755147 1.69162270929891e-05 no_error _Recombination_Map_and_Complex_Demographies_Scenario_1_ 1500 1501 0 0.05 GF_Model_IV
0.0104630362003226 517.883220178348 0.000289347368357038 1.55121745310573e-05 no_error _Recombination_Map_and_Complex_Demographies_Scenario_1_ 1500 1501 0 0.05 GF_Model_IV
0.00916899889320471 563.152359851923 0.00160380645059366 1.26686220801428e-05 no_error _Recombination_Map_and_Complex_Demographies_Scenario_1_ 1500 1501 0 0.05 GF_Model_IV
0.00959914384838327 535.46089266106 0.00352490722666491 1.26998622695839e-05 no_error _Recombination_Map_and_Complex_Demographies_Scenario_1_ 1500 1501 0 0.05 GF_Model_IV
0.00879052479802296 529.451212028618 0.00195166679143144 1.68026867991362e-05 no_error _Recombination_Map_and_Complex_Demographies_Scenario_1_ 1500 1501 0 0.05 GF_Model_IV
0.0102606809307397 369.335992986338 0.0160624475710155 4.83371986263247e-05 no_error _Recombination_Map_and_Complex_Demographies_Scenario_1_ 1500 1501 0 0.05 GF_Model_IV
0.00984095416837641 432.066077127509 0.0168541734605121 3.23490806725667e-05 no_error _Recombination_Map_and_Complex_Demographies_Scenario_1_ 1500 1501 0 0.05 GF_Model_IV
0.0116336614161821 477.02890953158 0.00235885588556789 3.43077784714721e-05 no_error _Recombination_Map_and_Complex_Demographies_Scenario_1_ 1500 1501 0 0.05 GF_Model_IV
0.0127356104509762 591.507778351069 0.000871564801315543 1.76234220734143e-05 no_error _Recombination_Map_and_Complex_Demographies_Scenario_1_ 1500 1501 0 0.05 GF_Model_IV
0.00850288485826035 366.491331246795 0.0198545114258871 2.76158409796962e-05 no_error _Recombination_Map_and_Complex_Demographies_Scenario_1_ 1500 1501 0 0.05 GF_Model_IV
0.01202594910607 537.042028376423 0.00289699951830528 1.63975009950827e-05 no_error _Recombination_Map_and_Complex_Demographies_Scenario_1_ 1500 1501 0 0.05 GF_Model_IV
0.00933284378251337 453.984005838195 0.00659008920346065 4.22849214699087e-05 no_error _Recombination_Map_and_Complex_Demographies_Scenario_1_ 1500 1501 0 0.05 GF_Model_IV
0.0132410674992352 507.966472248461 0.00143859793174171 1.62860814600058e-05 no_error _Recombination_Map_and_Complex_Demographies_Scenario_1_ 1500 1501 0 0.05 GF_Model_IV
0.012599837267702 404.020390163996 0.000803087818975439 3.58351377178601e-05 no_error _Recombination_Map_and_Complex_Demographies_Scenario_1_ 1500 1501 0 0.05 GF_Model_IV
0.0114571795877231 541.336816735404 0.00707316292022926 2.77540200191677e-05 no_error _Recombination_Map_and_Complex_Demographies_Scenario_1_ 1500 1501 0 0.05 GF_Model_IV
0.011943520014198 496.173259309407 0.00218252549571977 3.65178210389296e-05 no_error _Recombination_Map_and_Complex_Demographies_Scenario_1_ 1500 1501 0 0.05 GF_Model_IV
0.0101556775226386 525.251565823027 0.00403709104994923 1.84644200253803e-05 no_error _Recombination_Map_and_Complex_Demographies_Scenario_1_ 1500 1501 0 0.05 GF_Model_IV
0.0095189340663069 477.035532924901 0.00502924468141522 1.89606723379197e-05 no_error _Recombination_Map_and_Complex_Demographies_Scenario_1_ 1500 1501 0 0.05 GF_Model_IV
0.0107077628739818 526.739753404412 0.00174302544474455 1.99635733906488e-05 no_error _Recombination_Map_and_Complex_Demographies_Scenario_1_ 1500 1501 0 0.05 GF_Model_IV
0.0109474083728242 565.667137790894 0.00150378702352494 1.09794030507162e-05 no_error _Recombination_Map_and_Complex_Demographies_Scenario_1_ 1500 1501 0 0.05 GF_Model_IV
0.0118084793389849 472.896184784262 0.00290712582438634 2.68873753172356e-05 no_error _Recombination_Map_and_Complex_Demographies_Scenario_1_ 1500 1501 0 0.05 GF_Model_IV
0.0123546331132353 452.44194651277 0.00426523550622439 3.44058474249266e-05 no_error _Recombination_Map_and_Complex_Demographies_Scenario_1_ 1500 1501 0 0.05 GF_Model_IV
0.0102199582467828 539.27189134958 0.000467932540792321 2.50747232817796e-05 no_error _Recombination_Map_and_Complex_Demographies_Scenario_1_ 1500 1501 0 0.05 GF_Model_IV
0.00879982976647109 547.821697098164 0.00297459986204506 1.4222230412874e-05 no_error _Recombination_Map_and_Complex_Demographies_Scenario_1_ 1500 1501 0 0.05 GF_Model_IV
0.0107057272818595 562.052496797656 0.00158265722259203 2.89048652610162e-05 no_error _Recombination_Map_and_Complex_Demographies_Scenario_1_ 1500 1501 0 0.05 GF_Model_IV
0.00988426541879596 564.17226034153 0.00120437323967691 1.46894331599549e-05 no_error _Recombination_Map_and_Complex_Demographies_Scenario_1_ 1500 1501 0 0.05 GF_Model_IV
0.0128220230719911 523.018011101612 0.00487643866537701 1.52096785236297e-05 no_error _Recombination_Map_and_Complex_Demographies_Scenario_1_ 1500 1501 0 0.05 GF_Model_IV
0.00903172989484586 485.800651202678 0.00544211046265637 2.85170439169635e-05 no_error _Recombination_Map_and_Complex_Demographies_Scenario_1_ 1500 1501 0 0.05 GF_Model_IV
0.0114210956070241 485.485205661507 0.000587897577278585 2.00862292682947e-05 no_error _Recombination_Map_and_Complex_Demographies_Scenario_1_ 1500 1501 0 0.05 GF_Model_IV
0.0103756475471178 422.725311298617 0.00241610182216364 3.45016314069846e-05 no_error _Recombination_Map_and_Complex_Demographies_Scenario_1_ 1500 1501 0 0.05 GF_Model_IV
0.0112756564613909 415.876445921848 0.00468749621619357 3.11849843243121e-05 no_error _Recombination_Map_and_Complex_Demographies_Scenario_1_ 1500 1501 0 0.05 GF_Model_IV
0.0123970951226169 529.873152013095 0.00189420590234316 3.85137493322581e-05 no_error _Recombination_Map_and_Complex_Demographies_Scenario_1_ 1500 1501 0 0.05 GF_Model_IV
0.0114611567475687 488.583607912339 0.0094005845735424 2.36640420979229e-05 no_error _Recombination_Map_and_Complex_Demographies_Scenario_1_ 1500 1501 0 0.05 GF_Model_IV
0.0127933209929602 523.36571879513 0.0044637562464108 3.05128163714784e-05 no_error _Recombination_Map_and_Complex_Demographies_Scenario_1_ 1500 1501 0 0.05 GF_Model_IV
0.0110316024097168 570.049287609825 0.00226761465430805 1.76437507122804e-05 no_error _Recombination_Map_and_Complex_Demographies_Scenario_1_ 1500 1501 0 0.05 GF_Model_IV
0.117455276798347 347.789620612257 0.0309965035707889 0.000842640602734663 no_error _Recombination_Map_and_Complex_Demographies_Scenario_2_ 1500 1501 1 0.05 GF_Model_IV
0.0786214544220178 516.241380766954 0.0799407620184504 0.000820875713991557 no_error _Recombination_Map_and_Complex_Demographies_Scenario_2_ 1500 1501 1 0.05 GF_Model_IV
0.0820431696754233 413.803437102361 0.0787775088922788 0.000876782082415614 no_error _Recombination_Map_and_Complex_Demographies_Scenario_2_ 1500 1501 1 0.05 GF_Model_IV
0.0423624119016885 211.954622582415 0.140951920275295 0.00101867145367337 no_error _Recombination_Map_and_Complex_Demographies_Scenario_2_ 1500 1501 1 0.05 GF_Model_IV
0.0625957688275033 487.210088830636 0.110571805206554 0.00149859751283964 no_error _Recombination_Map_and_Complex_Demographies_Scenario_2_ 1500 1501 1 0.05 GF_Model_IV
0.0817870426090389 412.957554485345 0.0728221682211803 0.000754909944408455 no_error _Recombination_Map_and_Complex_Demographies_Scenario_2_ 1500 1501 1 0.05 GF_Model_IV
0.0851719412720419 292.435413283723 0.0575471616587393 0.00266324041112101 no_error _Recombination_Map_and_Complex_Demographies_Scenario_2_ 1500 1501 1 0.05 GF_Model_IV
0.0478564703428322 579.139785813146 0.0676061817198061 0.000172413875504116 no_error _Recombination_Map_and_Complex_Demographies_Scenario_2_ 1500 1501 1 0.05 GF_Model_IV
0.0687751924827616 524.245328158649 0.0874287475526169 0.000691127711082682 no_error _Recombination_Map_and_Complex_Demographies_Scenario_2_ 1500 1501 1 0.05 GF_Model_IV
0.126188845297194 304.158776102179 0.0142134398166497 0.00117446987045434 no_error _Recombination_Map_and_Complex_Demographies_Scenario_2_ 1500 1501 1 0.05 GF_Model_IV
0.0382448973206146 524.447834258422 0.122966159041274 0.000350558774283832 no_error _Recombination_Map_and_Complex_Demographies_Scenario_2_ 1500 1501 1 0.05 GF_Model_IV
0.07259594136716 545.785147770117 0.0823892880297204 0.000647388430798729 no_error _Recombination_Map_and_Complex_Demographies_Scenario_2_ 1500 1501 1 0.05 GF_Model_IV
0.0940990631936755 412.747804402142 0.0559529813612347 0.00100900055199061 no_error _Recombination_Map_and_Complex_Demographies_Scenario_2_ 1500 1501 1 0.05 GF_Model_IV
0.142911982668287 349.804113492263 0.0257505623831145 0.000955706970807388 no_error _Recombination_Map_and_Complex_Demographies_Scenario_2_ 1500 1501 1 0.05 GF_Model_IV
0.0419759134975754 651.30680243569 0.0926542580194739 0.000220227674642929 no_error _Recombination_Map_and_Complex_Demographies_Scenario_2_ 1500 1501 1 0.05 GF_Model_IV
0.114463331107832 356.914490792341 0.0211831211958148 0.00143535548426224 no_error _Recombination_Map_and_Complex_Demographies_Scenario_2_ 1500 1501 1 0.05 GF_Model_IV
0.122998444108345 362.320483499687 0.0151378155730402 0.000662319460853046 no_error _Recombination_Map_and_Complex_Demographies_Scenario_2_ 1500 1501 1 0.05 GF_Model_IV
0.117658565531576 416.562178307981 0.0341545478019229 0.001004667801819 no_error _Recombination_Map_and_Complex_Demographies_Scenario_2_ 1500 1501 1 0.05 GF_Model_IV
0.0959547111180154 449.818895338033 0.0546979985372778 0.000737828386539092 no_error _Recombination_Map_and_Complex_Demographies_Scenario_2_ 1500 1501 1 0.05 GF_Model_IV
0.14001894197881 328.404749594063 0.0137714561151496 0.0011008872970921 no_error _Recombination_Map_and_Complex_Demographies_Scenario_2_ 1500 1501 1 0.05 GF_Model_IV
0.00568758070847365 106.174549799454 0.199788841915862 0.00166949017861273 no_error _Recombination_Map_and_Complex_Demographies_Scenario_2_ 1500 1501 1 0.05 GF_Model_IV
0.072929665057515 293.794955803589 0.101923895894527 0.00288068548904523 no_error _Recombination_Map_and_Complex_Demographies_Scenario_2_ 1500 1501 1 0.05 GF_Model_IV
0.0685711024287637 585.394230494693 0.101236743455211 0.00092096300516095 no_error _Recombination_Map_and_Complex_Demographies_Scenario_2_ 1500 1501 1 0.05 GF_Model_IV
0.0743167610404215 397.18243186712 0.0863758600874297 0.0013759059852016 no_error _Recombination_Map_and_Complex_Demographies_Scenario_2_ 1500 1501 1 0.05 GF_Model_IV
0.104860694151922 384.082528846288 0.0559703645633396 0.00143400398463158 no_error _Recombination_Map_and_Complex_Demographies_Scenario_2_ 1500 1501 1 0.05 GF_Model_IV
0.0774528441160327 419.157974773117 0.0666673275755843 0.000926181844893593 no_error _Recombination_Map_and_Complex_Demographies_Scenario_2_ 1500 1501 1 0.05 GF_Model_IV
0.0381457237474803 1517.24117990924 0.179100407105061 0.004465872627166 no_error _Recombination_Map_and_Complex_Demographies_Scenario_2_ 1500 1501 1 0.05 GF_Model_IV
0.0395777122156807 500.518144387584 0.110458664607133 0.000486923162048773 no_error _Recombination_Map_and_Complex_Demographies_Scenario_2_ 1500 1501 1 0.05 GF_Model_IV
0.150808342762217 285.347994417157 0.00711117749609835 0.00200543452182436 no_error _Recombination_Map_and_Complex_Demographies_Scenario_2_ 1500 1501 1 0.05 GF_Model_IV
0.127857972476428 287.241174430379 0.00992519514687211 0.00180543835493561 no_error _Recombination_Map_and_Complex_Demographies_Scenario_2_ 1500 1501 1 0.05 GF_Model_IV
0.0633051992239785 347.586745391759 0.101153265460182 0.000950353183026928 no_error _Recombination_Map_and_Complex_Demographies_Scenario_2_ 1500 1501 1 0.05 GF_Model_IV
0.0889769951865121 433.606944839782 0.0434076684687942 0.000769866477343489 no_error _Recombination_Map_and_Complex_Demographies_Scenario_2_ 1500 1501 1 0.05 GF_Model_IV
0.0528385436580966 446.189766110949 0.0968877779908713 0.000543118899676227 no_error _Recombination_Map_and_Complex_Demographies_Scenario_2_ 1500 1501 1 0.05 GF_Model_IV
0.0887837402611548 459.694736773463 0.0580134569769641 0.00156492297064501 no_error _Recombination_Map_and_Complex_Demographies_Scenario_2_ 1500 1501 1 0.05 GF_Model_IV
0.0841227891676765 452.02975956688 0.0728769358902345 0.000878186862244037 no_error _Recombination_Map_and_Complex_Demographies_Scenario_2_ 1500 1501 1 0.05 GF_Model_IV
0.133958284226851 166.335010424037 0.0357567590781956 0.00282451029142595 no_error _Recombination_Map_and_Complex_Demographies_Scenario_2_ 1500 1501 1 0.05 GF_Model_IV
0.10067605051619 407.301500508471 0.0518451159803773 0.000939140211629458 no_error _Recombination_Map_and_Complex_Demographies_Scenario_2_ 1500 1501 1 0.05 GF_Model_IV
0.0665192627900103 524.377499802981 0.0849154427653979 0.00100207014964018 no_error _Recombination_Map_and_Complex_Demographies_Scenario_2_ 1500 1501 1 0.05 GF_Model_IV
0.0552291264257554 633.963457075465 0.114368261115297 0.000562889872492956 no_error _Recombination_Map_and_Complex_Demographies_Scenario_2_ 1500 1501 1 0.05 GF_Model_IV
0.0665226393651028 633.11235757232 0.143167542433705 0.00381757764357612 no_error _Recombination_Map_and_Complex_Demographies_Scenario_2_ 1500 1501 1 0.05 GF_Model_IV
0.0425612431870299 588.89937519114 0.131691856412119 0.00108881505418991 no_error _Recombination_Map_and_Complex_Demographies_Scenario_2_ 1500 1501 1 0.05 GF_Model_IV
0.0862147966675953 391.33212976629 0.040938587060577 0.000547561756365003 no_error _Recombination_Map_and_Complex_Demographies_Scenario_2_ 1500 1501 1 0.05 GF_Model_IV
0.0476070730318068 420.44007591832 0.118427462406263 0.00194387979029392 no_error _Recombination_Map_and_Complex_Demographies_Scenario_2_ 1500 1501 1 0.05 GF_Model_IV
0.0938148779252688 374.845827197753 0.0502447213772462 0.000877263656281618 no_error _Recombination_Map_and_Complex_Demographies_Scenario_2_ 1500 1501 1 0.05 GF_Model_IV
0.0604110746817035 417.760117315787 0.0853052722351857 0.000725196826948852 no_error _Recombination_Map_and_Complex_Demographies_Scenario_2_ 1500 1501 1 0.05 GF_Model_IV
0.136556147868793 398.537984432901 0.0282423791739259 0.000907482038488776 no_error _Recombination_Map_and_Complex_Demographies_Scenario_2_ 1500 1501 1 0.05 GF_Model_IV
0.0476434861948703 681.445744189486 0.132076740549966 0.00081780389425958 no_error _Recombination_Map_and_Complex_Demographies_Scenario_2_ 1500 1501 1 0.05 GF_Model_IV
0.0799308009383434 405.996823201519 0.0847676306202506 0.00128324147550213 no_error _Recombination_Map_and_Complex_Demographies_Scenario_2_ 1500 1501 1 0.05 GF_Model_IV
0.0855634514017855 426.174270825246 0.0380457204893012 0.000516158670165241 no_error _Recombination_Map_and_Complex_Demographies_Scenario_2_ 1500 1501 1 0.05 GF_Model_IV
0.131919686599061 339.541871451332 0.014824043464266 0.00123551446107689 no_error _Recombination_Map_and_Complex_Demographies_Scenario_2_ 1500 1501 1 0.05 GF_Model_IV
0.13563661981256 286.728777657425 0.0196551690352321 0.00110373201731455 no_error _Recombination_Map_and_Complex_Demographies_Scenario_2_ 1500 1501 1 0.05 GF_Model_IV
0.117756262476419 309.579926697307 0.0285447424768978 0.00195265057083717 no_error _Recombination_Map_and_Complex_Demographies_Scenario_2_ 1500 1501 1 0.05 GF_Model_IV
0.1027705591878 408.891147349085 0.0482073979855407 0.000720350455030023 no_error _Recombination_Map_and_Complex_Demographies_Scenario_2_ 1500 1501 1 0.05 GF_Model_IV
0.0606194220146476 367.905375462972 0.09562244524846 0.00139118947452751 no_error _Recombination_Map_and_Complex_Demographies_Scenario_2_ 1500 1501 1 0.05 GF_Model_IV
0.0478517083752918 652.760032495307 0.145784216882648 0.00187554824138916 no_error _Recombination_Map_and_Complex_Demographies_Scenario_2_ 1500 1501 1 0.05 GF_Model_IV
0.0754887752680488 389.649623656356 0.0525169810254927 0.000728448930945438 no_error _Recombination_Map_and_Complex_Demographies_Scenario_2_ 1500 1501 1 0.05 GF_Model_IV
0.130311512105335 348.266602497668 0.0272935091905861 0.00099372064920739 no_error _Recombination_Map_and_Complex_Demographies_Scenario_2_ 1500 1501 1 0.05 GF_Model_IV
0.0907058937584205 438.017273096827 0.0549410676904837 0.000820610428449039 no_error _Recombination_Map_and_Complex_Demographies_Scenario_2_ 1500 1501 1 0.05 GF_Model_IV
0.0394430598857924 580.914768756905 0.115161326745572 0.000610904360276922 no_error _Recombination_Map_and_Complex_Demographies_Scenario_2_ 1500 1501 1 0.05 GF_Model_IV
0.037733408912648 901.063240421442 0.139954348509777 0.00179687912812678 no_error _Recombination_Map_and_Complex_Demographies_Scenario_2_ 1500 1501 1 0.05 GF_Model_IV
0.0246816650951884 848.619752436792 0.171129024427016 0.00115565428457189 no_error _Recombination_Map_and_Complex_Demographies_Scenario_2_ 1500 1501 1 0.05 GF_Model_IV
0.0438661790579129 502.259037343105 0.122507300432183 0.000938376950355925 no_error _Recombination_Map_and_Complex_Demographies_Scenario_2_ 1500 1501 1 0.05 GF_Model_IV
0.048408387345538 607.617368246671 0.146763540549872 0.0027607595023429 no_error _Recombination_Map_and_Complex_Demographies_Scenario_2_ 1500 1501 1 0.05 GF_Model_IV
0.0864913607581223 338.1837747598 0.0513695192310787 0.00108236135593499 no_error _Recombination_Map_and_Complex_Demographies_Scenario_2_ 1500 1501 1 0.05 GF_Model_IV
0.121228131001977 368.787046518896 0.0323217191080594 0.000859407578895394 no_error _Recombination_Map_and_Complex_Demographies_Scenario_2_ 1500 1501 1 0.05 GF_Model_IV
0.0620062547999753 655.690832223469 0.115897412983307 0.00144406374850781 no_error _Recombination_Map_and_Complex_Demographies_Scenario_2_ 1500 1501 1 0.05 GF_Model_IV
0.0723141183667183 509.45707014474 0.0826977422111697 0.000452214217501464 no_error _Recombination_Map_and_Complex_Demographies_Scenario_2_ 1500 1501 1 0.05 GF_Model_IV
0.0720338447819619 415.464801690833 0.0916963135675318 0.000953387356271223 no_error _Recombination_Map_and_Complex_Demographies_Scenario_2_ 1500 1501 1 0.05 GF_Model_IV
0.122895968378419 288.50098639844 0.0278266007732694 0.00339075152787062 no_error _Recombination_Map_and_Complex_Demographies_Scenario_2_ 1500 1501 1 0.05 GF_Model_IV
0.0915967959800699 380.293009700935 0.0751082913587597 0.00140414057978948 no_error _Recombination_Map_and_Complex_Demographies_Scenario_2_ 1500 1501 1 0.05 GF_Model_IV
0.116834364818603 381.52523232352 0.0241901108721594 0.00112738440115955 no_error _Recombination_Map_and_Complex_Demographies_Scenario_2_ 1500 1501 1 0.05 GF_Model_IV
0.0449955283771718 510.472753942118 0.124259743039553 0.000582141178603143 no_error _Recombination_Map_and_Complex_Demographies_Scenario_2_ 1500 1501 1 0.05 GF_Model_IV
0.0658936410521606 514.382154136359 0.0963929982910265 0.00138457617292214 no_error _Recombination_Map_and_Complex_Demographies_Scenario_2_ 1500 1501 1 0.05 GF_Model_IV
0.0488992402826737 520.611861749783 0.0611902159896646 0.000256670110073962 no_error _Recombination_Map_and_Complex_Demographies_Scenario_2_ 1500 1501 1 0.05 GF_Model_IV
0.198508465261378 9372.95205420561 0.196327659514688 0.00146235647933535 no_error _Recombination_Map_and_Complex_Demographies_Scenario_2_ 1500 1501 1 0.05 GF_Model_IV
1.00000000016528e-06 4999.99999983146 0.291988254389089 0.079192337161794 nls_error _Recombination_Map_and_Complex_Demographies_Scenario_2_ 1500 1501 1 0.05 GF_Model_IV
0.117472181137686 352.903896594234 0.0264999000642546 0.000831290874810934 no_error _Recombination_Map_and_Complex_Demographies_Scenario_2_ 1500 1501 1 0.05 GF_Model_IV
0.0171034691158444 1144.12663712733 0.176540043379056 0.000837415311906674 no_error _Recombination_Map_and_Complex_Demographies_Scenario_2_ 1500 1501 1 0.05 GF_Model_IV
0.0763343806904505 510.186212844905 0.0650230637413049 0.000555338051241936 no_error _Recombination_Map_and_Complex_Demographies_Scenario_2_ 1500 1501 1 0.05 GF_Model_IV
0.117355958920593 378.048567903966 0.024928705935912 0.000588568501031301 no_error _Recombination_Map_and_Complex_Demographies_Scenario_2_ 1500 1501 1 0.05 GF_Model_IV
0.116409524681494 365.43317610323 0.0316559270361965 0.000652332491499231 no_error _Recombination_Map_and_Complex_Demographies_Scenario_2_ 1500 1501 1 0.05 GF_Model_IV
0.0899705813326223 496.094004589873 0.0704321499060532 0.00153758831373833 no_error _Recombination_Map_and_Complex_Demographies_Scenario_2_ 1500 1501 1 0.05 GF_Model_IV
0.0593398265670343 405.866060236374 0.0731700673640179 0.000662450057440057 no_error _Recombination_Map_and_Complex_Demographies_Scenario_2_ 1500 1501 1 0.05 GF_Model_IV
0.0848227652105327 377.923744299111 0.0823224094037601 0.0018019046205382 no_error _Recombination_Map_and_Complex_Demographies_Scenario_2_ 1500 1501 1 0.05 GF_Model_IV
0.0930370643810219 365.020826856544 0.0376583378687039 0.0012139112752773 no_error _Recombination_Map_and_Complex_Demographies_Scenario_2_ 1500 1501 1 0.05 GF_Model_IV
0.0441341626206065 160.211837801399 0.130782817983652 0.000930877722256802 no_error _Recombination_Map_and_Complex_Demographies_Scenario_2_ 1500 1501 1 0.05 GF_Model_IV
0.159030827793452 325.714517922587 0.00994022250280281 0.000787611885255486 no_error _Recombination_Map_and_Complex_Demographies_Scenario_2_ 1500 1501 1 0.05 GF_Model_IV
0.134607156281051 321.710374585398 0.0090852884144844 0.00070034864752566 no_error _Recombination_Map_and_Complex_Demographies_Scenario_2_ 1500 1501 1 0.05 GF_Model_IV
0.0857302844616276 456.051591869435 0.0489133422637493 0.000361279162618488 no_error _Recombination_Map_and_Complex_Demographies_Scenario_2_ 1500 1501 1 0.05 GF_Model_IV
0.0558951984316082 705.39258123941 0.121904682903352 0.000806227483282938 no_error _Recombination_Map_and_Complex_Demographies_Scenario_2_ 1500 1501 1 0.05 GF_Model_IV
0.0778844372125807 434.479529583743 0.0765288440699974 0.00132012268738508 no_error _Recombination_Map_and_Complex_Demographies_Scenario_2_ 1500 1501 1 0.05 GF_Model_IV
0.054624168261164 500.109163704143 0.0631845514252508 0.000344191070174621 no_error _Recombination_Map_and_Complex_Demographies_Scenario_2_ 1500 1501 1 0.05 GF_Model_IV
0.106890418339592 381.996579307345 0.0449168599631544 0.000774224804612016 no_error _Recombination_Map_and_Complex_Demographies_Scenario_2_ 1500 1501 1 0.05 GF_Model_IV
0.0103104213554838 2503.28235703847 0.203587294646991 0.0102033052546593 no_error _Recombination_Map_and_Complex_Demographies_Scenario_2_ 1500 1501 1 0.05 GF_Model_IV
0.0509994075172674 515.571574917143 0.0963781591011312 0.000285260699185487 no_error _Recombination_Map_and_Complex_Demographies_Scenario_2_ 1500 1501 1 0.05 GF_Model_IV
0.0717511538974314 452.641070631081 0.0849449079310363 0.00153010634062386 no_error _Recombination_Map_and_Complex_Demographies_Scenario_2_ 1500 1501 1 0.05 GF_Model_IV
0.0940317749291352 520.137825489517 0.0729907011535082 0.00177383906439751 no_error _Recombination_Map_and_Complex_Demographies_Scenario_2_ 1500 1501 1 0.05 GF_Model_IV
0.0339134550644963 1401.75714058763 0.161767154945543 0.0029332071068883 no_error _Recombination_Map_and_Complex_Demographies_Scenario_2_ 1500 1501 1 0.05 GF_Model_IV
0.0886491935055867 374.878433060619 0.0600618553910709 0.000951220592240811 no_error _Recombination_Map_and_Complex_Demographies_Scenario_2_ 1500 1501 1 0.05 GF_Model_IV
0.0696456395363147 511.166550499754 0.0950372369224027 0.0009631712590977 no_error _Recombination_Map_and_Complex_Demographies_Scenario_2_ 1500 1501 1 0.05 GF_Model_IV
0.00690989481476403 388.556739950071 0.0165226642788348 2.13611074990209e-05 no_error _Recombination_Map_and_Complex_Demographies_Scenario_3_ 750 2250 0 0.05 GF_Model_IV
0.00941718236991911 556.931701511946 0.00131820651556502 9.20459534189711e-06 no_error _Recombination_Map_and_Complex_Demographies_Scenario_3_ 750 2250 0 0.05 GF_Model_IV
0.00902598713381236 438.075064256424 0.013809884287366 2.34799235778314e-05 no_error _Recombination_Map_and_Complex_Demographies_Scenario_3_ 750 2250 0 0.05 GF_Model_IV
0.0124440379893586 512.912709244923 0.00270911304666033 7.69055457293481e-06 no_error _Recombination_Map_and_Complex_Demographies_Scenario_3_ 750 2250 0 0.05 GF_Model_IV
0.0115651127314818 480.027829647142 0.0163917231341437 1.80778730700365e-05 no_error _Recombination_Map_and_Complex_Demographies_Scenario_3_ 750 2250 0 0.05 GF_Model_IV
0.0108154809042699 551.285195892389 0.00225656523766336 1.38853190774365e-05 no_error _Recombination_Map_and_Complex_Demographies_Scenario_3_ 750 2250 0 0.05 GF_Model_IV
0.0128894211687713 543.758985356322 0.00365584603973754 2.23107258438915e-05 no_error _Recombination_Map_and_Complex_Demographies_Scenario_3_ 750 2250 0 0.05 GF_Model_IV
0.00849719383909262 445.272567687815 0.00791276626652102 1.85074473459593e-05 no_error _Recombination_Map_and_Complex_Demographies_Scenario_3_ 750 2250 0 0.05 GF_Model_IV
0.0118829814846931 502.51162819955 0.0019476467867177 2.11046865084612e-05 no_error _Recombination_Map_and_Complex_Demographies_Scenario_3_ 750 2250 0 0.05 GF_Model_IV
0.010527706553164 521.099112596397 0.00207600877384807 1.27259821246908e-05 no_error _Recombination_Map_and_Complex_Demographies_Scenario_3_ 750 2250 0 0.05 GF_Model_IV
0.00987435700202909 554.696785918088 0.00133681081445903 1.13957178719467e-05 no_error _Recombination_Map_and_Complex_Demographies_Scenario_3_ 750 2250 0 0.05 GF_Model_IV
0.00935898011644484 490.500981186782 0.00424297908427797 2.3165739994031e-05 no_error _Recombination_Map_and_Complex_Demographies_Scenario_3_ 750 2250 0 0.05 GF_Model_IV
0.00870243525560546 521.173535203999 0.00426306336474361 1.37950896698974e-05 no_error _Recombination_Map_and_Complex_Demographies_Scenario_3_ 750 2250 0 0.05 GF_Model_IV
0.00944024572321476 519.71086992114 0.005558248307043 1.99967457019598e-05 no_error _Recombination_Map_and_Complex_Demographies_Scenario_3_ 750 2250 0 0.05 GF_Model_IV
0.0109693652217504 283.543499388605 0.0132383509609704 3.59945272650084e-05 no_error _Recombination_Map_and_Complex_Demographies_Scenario_3_ 750 2250 0 0.05 GF_Model_IV
0.0106568157495336 482.490965022684 0.0143262716617508 2.64720620656061e-05 no_error _Recombination_Map_and_Complex_Demographies_Scenario_3_ 750 2250 0 0.05 GF_Model_IV
0.01294378773176 537.710543650725 0.00221905186913688 1.99898631238475e-05 no_error _Recombination_Map_and_Complex_Demographies_Scenario_3_ 750 2250 0 0.05 GF_Model_IV
0.0106773752659007 490.435117911934 0.00704538162666538 3.72467663670158e-05 no_error _Recombination_Map_and_Complex_Demographies_Scenario_3_ 750 2250 0 0.05 GF_Model_IV
0.0094992616040789 426.419389217773 0.00456404395872012 1.84617545273787e-05 no_error _Recombination_Map_and_Complex_Demographies_Scenario_3_ 750 2250 0 0.05 GF_Model_IV
0.0103764859941313 494.164556561204 0.00257049280352386 2.43072500975528e-05 no_error _Recombination_Map_and_Complex_Demographies_Scenario_3_ 750 2250 0 0.05 GF_Model_IV
0.00978523906178246 563.282282559636 0.00339701051076245 1.84607124805454e-05 no_error _Recombination_Map_and_Complex_Demographies_Scenario_3_ 750 2250 0 0.05 GF_Model_IV
0.00934149235801794 554.143200316918 0.00359174733373685 1.83436373284201e-05 no_error _Recombination_Map_and_Complex_Demographies_Scenario_3_ 750 2250 0 0.05 GF_Model_IV
0.00990501935548721 526.237157040813 0.00398926248312441 1.27362826894713e-05 no_error _Recombination_Map_and_Complex_Demographies_Scenario_3_ 750 2250 0 0.05 GF_Model_IV
0.0112477708173934 527.289913724758 0.00191790637077103 1.80433212549928e-05 no_error _Recombination_Map_and_Complex_Demographies_Scenario_3_ 750 2250 0 0.05 GF_Model_IV
0.0113278807670277 573.474271617714 0.00109086198138314 2.54539273038911e-05 no_error _Recombination_Map_and_Complex_Demographies_Scenario_3_ 750 2250 0 0.05 GF_Model_IV
0.0114639477567552 525.131669135873 0.00207259790589846 1.46190729094499e-05 no_error _Recombination_Map_and_Complex_Demographies_Scenario_3_ 750 2250 0 0.05 GF_Model_IV
0.00801044198241402 314.13133937021 0.0221242652422916 3.74143719760771e-05 no_error _Recombination_Map_and_Complex_Demographies_Scenario_3_ 750 2250 0 0.05 GF_Model_IV
0.010937099790297 541.104439294262 0.00161592940309277 1.80173870323491e-05 no_error _Recombination_Map_and_Complex_Demographies_Scenario_3_ 750 2250 0 0.05 GF_Model_IV
0.0101719329361734 108.258644001457 0.0550979893166832 4.02493488720941e-05 no_error _Recombination_Map_and_Complex_Demographies_Scenario_3_ 750 2250 0 0.05 GF_Model_IV
0.00972146055317007 512.484367240012 0.00299468326845004 1.73479424201162e-05 no_error _Recombination_Map_and_Complex_Demographies_Scenario_3_ 750 2250 0 0.05 GF_Model_IV
0.0104505738587933 465.335119408651 0.00684553659231805 1.34312077182414e-05 no_error _Recombination_Map_and_Complex_Demographies_Scenario_3_ 750 2250 0 0.05 GF_Model_IV
0.011753477417172 599.792479594844 0.00180972541737853 1.64565734964606e-05 no_error _Recombination_Map_and_Complex_Demographies_Scenario_3_ 750 2250 0 0.05 GF_Model_IV
0.00981240774457208 502.170675059392 0.00402960896611021 1.87858869187914e-05 no_error _Recombination_Map_and_Complex_Demographies_Scenario_3_ 750 2250 0 0.05 GF_Model_IV
0.0105305422329122 457.754064378681 0.0057043887641322 3.69093819186941e-05 no_error _Recombination_Map_and_Complex_Demographies_Scenario_3_ 750 2250 0 0.05 GF_Model_IV
0.0109838594218307 426.210317422643 0.00539707387398085 2.84348697926056e-05 no_error _Recombination_Map_and_Complex_Demographies_Scenario_3_ 750 2250 0 0.05 GF_Model_IV
0.0104894463495551 525.514841185087 0.0041230013123613 1.85911817502286e-05 no_error _Recombination_Map_and_Complex_Demographies_Scenario_3_ 750 2250 0 0.05 GF_Model_IV
0.00847506174414322 487.896321387157 0.00783168661466555 2.08970910322771e-05 no_error _Recombination_Map_and_Complex_Demographies_Scenario_3_ 750 2250 0 0.05 GF_Model_IV
0.011001862360862 511.08603138036 0.00144691358218782 2.45045871499414e-05 no_error _Recombination_Map_and_Complex_Demographies_Scenario_3_ 750 2250 0 0.05 GF_Model_IV
0.0114691671230485 480.429170392823 0.00158246920682292 1.95848045722952e-05 no_error _Recombination_Map_and_Complex_Demographies_Scenario_3_ 750 2250 0 0.05 GF_Model_IV
0.0107249114483749 531.082985715638 0.000478276325657549 1.18461982950101e-05 no_error _Recombination_Map_and_Complex_Demographies_Scenario_3_ 750 2250 0 0.05 GF_Model_IV
0.011255450973516 407.844806284748 0.00469887260302856 4.32616048251147e-05 no_error _Recombination_Map_and_Complex_Demographies_Scenario_3_ 750 2250 0 0.05 GF_Model_IV
0.00907272912969142 539.24055613324 0.00142845500033521 1.27088346294701e-05 no_error _Recombination_Map_and_Complex_Demographies_Scenario_3_ 750 2250 0 0.05 GF_Model_IV
0.0111853740231147 530.425098448646 0.00203482482351849 2.15727795926784e-05 no_error _Recombination_Map_and_Complex_Demographies_Scenario_3_ 750 2250 0 0.05 GF_Model_IV
0.013297161121178 576.636992466584 0.00588114628837511 2.7440889742859e-05 no_error _Recombination_Map_and_Complex_Demographies_Scenario_3_ 750 2250 0 0.05 GF_Model_IV
0.0120425869926008 533.956688200777 0.000787175591942985 1.27263014374799e-05 no_error _Recombination_Map_and_Complex_Demographies_Scenario_3_ 750 2250 0 0.05 GF_Model_IV
0.0102893127037476 544.248845613909 0.000967000079094741 2.2048968679803e-05 no_error _Recombination_Map_and_Complex_Demographies_Scenario_3_ 750 2250 0 0.05 GF_Model_IV
0.0122270430726887 435.774441272975 0.00165028869415737 3.10672646391448e-05 no_error _Recombination_Map_and_Complex_Demographies_Scenario_3_ 750 2250 0 0.05 GF_Model_IV
0.0117481337946955 511.309424623724 0.00212986260785815 1.68748709401093e-05 no_error _Recombination_Map_and_Complex_Demographies_Scenario_3_ 750 2250 0 0.05 GF_Model_IV
0.0100304880208399 510.577496225611 0.0011393582212258 1.7135643531769e-05 no_error _Recombination_Map_and_Complex_Demographies_Scenario_3_ 750 2250 0 0.05 GF_Model_IV
0.00960463474408896 295.58544092968 0.017497635644427 2.41995487460413e-05 no_error _Recombination_Map_and_Complex_Demographies_Scenario_3_ 750 2250 0 0.05 GF_Model_IV
0.0121055797048896 534.379845035417 0.00100873583976516 1.53624249072612e-05 no_error _Recombination_Map_and_Complex_Demographies_Scenario_3_ 750 2250 0 0.05 GF_Model_IV
0.0112680734964592 429.410617537715 0.00461058859269731 2.86175105466176e-05 no_error _Recombination_Map_and_Complex_Demographies_Scenario_3_ 750 2250 0 0.05 GF_Model_IV
0.00993461655268885 517.317137207538 0.00144040630021194 3.45667365629944e-05 no_error _Recombination_Map_and_Complex_Demographies_Scenario_3_ 750 2250 0 0.05 GF_Model_IV
0.0114703111988055 459.596080361695 0.00528175815554773 3.53376048474967e-05 no_error _Recombination_Map_and_Complex_Demographies_Scenario_3_ 750 2250 0 0.05 GF_Model_IV
0.00981777103921897 510.586632117129 0.00706689748305849 9.7040657699735e-06 no_error _Recombination_Map_and_Complex_Demographies_Scenario_3_ 750 2250 0 0.05 GF_Model_IV
0.00953752668821393 520.265578266864 0.00723601900867973 1.93250268854261e-05 no_error _Recombination_Map_and_Complex_Demographies_Scenario_3_ 750 2250 0 0.05 GF_Model_IV
0.011550140518508 391.766599755543 0.00388615895385135 3.0865460930189e-05 no_error _Recombination_Map_and_Complex_Demographies_Scenario_3_ 750 2250 0 0.05 GF_Model_IV
0.0121548691876955 532.816646173822 0.000499977707508489 1.08271789213697e-05 no_error _Recombination_Map_and_Complex_Demographies_Scenario_3_ 750 2250 0 0.05 GF_Model_IV
0.00998788476712058 449.908215418266 0.00384742657222059 3.6403303247428e-05 no_error _Recombination_Map_and_Complex_Demographies_Scenario_3_ 750 2250 0 0.05 GF_Model_IV
0.0138139338495859 392.418322147118 0.00105604323663718 2.40960454261923e-05 no_error _Recombination_Map_and_Complex_Demographies_Scenario_3_ 750 2250 0 0.05 GF_Model_IV
0.011739668907332 520.214267049087 0.00671133221405516 1.83854520308837e-05 no_error _Recombination_Map_and_Complex_Demographies_Scenario_3_ 750 2250 0 0.05 GF_Model_IV
0.00996137275026295 415.370384993939 0.00629797769076356 4.06313723817828e-05 no_error _Recombination_Map_and_Complex_Demographies_Scenario_3_ 750 2250 0 0.05 GF_Model_IV
0.012596445155283 499.277286655326 0.002808271274635 1.26387267248239e-05 no_error _Recombination_Map_and_Complex_Demographies_Scenario_3_ 750 2250 0 0.05 GF_Model_IV
0.00960782415058376 451.45170894164 0.00788078461943916 1.86890777376337e-05 no_error _Recombination_Map_and_Complex_Demographies_Scenario_3_ 750 2250 0 0.05 GF_Model_IV
0.0105138040940859 482.845413383792 0.00604369226800283 2.07731393670451e-05 no_error _Recombination_Map_and_Complex_Demographies_Scenario_3_ 750 2250 0 0.05 GF_Model_IV
0.0113832650950253 493.545006126602 0.00453524869729847 1.58489465970024e-05 no_error _Recombination_Map_and_Complex_Demographies_Scenario_3_ 750 2250 0 0.05 GF_Model_IV
0.010591949534257 552.693371607403 0.00161688994093893 2.45522824341906e-05 no_error _Recombination_Map_and_Complex_Demographies_Scenario_3_ 750 2250 0 0.05 GF_Model_IV
0.0117947983934786 573.084003200249 0.000641978428696347 2.56825562494169e-05 no_error _Recombination_Map_and_Complex_Demographies_Scenario_3_ 750 2250 0 0.05 GF_Model_IV
0.00897627600661168 526.819828360044 0.00329345568255936 1.27423855174591e-05 no_error _Recombination_Map_and_Complex_Demographies_Scenario_3_ 750 2250 0 0.05 GF_Model_IV
0.0105413226298077 517.318092587003 0.00630111769867781 2.33489939236996e-05 no_error _Recombination_Map_and_Complex_Demographies_Scenario_3_ 750 2250 0 0.05 GF_Model_IV
0.0106556037448341 435.952656579172 0.00429558943849789 2.35843519625918e-05 no_error _Recombination_Map_and_Complex_Demographies_Scenario_3_ 750 2250 0 0.05 GF_Model_IV
0.0115923992829034 398.626709836666 0.00800118068873105 3.83739915875684e-05 no_error _Recombination_Map_and_Complex_Demographies_Scenario_3_ 750 2250 0 0.05 GF_Model_IV
0.010703779061618 489.951080326852 0.00272751217327055 2.1928267216204e-05 no_error _Recombination_Map_and_Complex_Demographies_Scenario_3_ 750 2250 0 0.05 GF_Model_IV
0.011608104013309 514.427333986584 0.00280798968682883 2.77086627121752e-05 no_error _Recombination_Map_and_Complex_Demographies_Scenario_3_ 750 2250 0 0.05 GF_Model_IV
0.00983865914313501 403.78574723329 0.0051008612479263 2.82181361075922e-05 no_error _Recombination_Map_and_Complex_Demographies_Scenario_3_ 750 2250 0 0.05 GF_Model_IV
0.0111405744244699 481.486251582224 0.00167263784662436 1.58557070863577e-05 no_error _Recombination_Map_and_Complex_Demographies_Scenario_3_ 750 2250 0 0.05 GF_Model_IV
0.00991571092216794 562.956554963482 0.000431527710899264 1.18548587562128e-05 no_error _Recombination_Map_and_Complex_Demographies_Scenario_3_ 750 2250 0 0.05 GF_Model_IV
0.0117892774300895 500.51552671957 0.00284180615352997 1.79301972751438e-05 no_error _Recombination_Map_and_Complex_Demographies_Scenario_3_ 750 2250 0 0.05 GF_Model_IV
0.0110188015849702 532.488754826284 0.00242372407117222 1.45868540221833e-05 no_error _Recombination_Map_and_Complex_Demographies_Scenario_3_ 750 2250 0 0.05 GF_Model_IV
0.0112688211953073 592.105896327926 0.00109101650383422 1.57699903405789e-05 no_error _Recombination_Map_and_Complex_Demographies_Scenario_3_ 750 2250 0 0.05 GF_Model_IV
0.0102561141743475 537.702259388352 0.00203666713196851 2.49066131983485e-05 no_error _Recombination_Map_and_Complex_Demographies_Scenario_3_ 750 2250 0 0.05 GF_Model_IV
0.0103119490405598 525.192738443215 0.00378483958721854 1.83683343292635e-05 no_error _Recombination_Map_and_Complex_Demographies_Scenario_3_ 750 2250 0 0.05 GF_Model_IV
0.0126495755722357 518.939309926043 0.0031705777326695 4.14951474206832e-05 no_error _Recombination_Map_and_Complex_Demographies_Scenario_3_ 750 2250 0 0.05 GF_Model_IV
0.009628990925528 515.533658393051 0.00275368714764071 1.90589567218565e-05 no_error _Recombination_Map_and_Complex_Demographies_Scenario_3_ 750 2250 0 0.05 GF_Model_IV
0.0117642720919068 578.837263394086 0.00117981382281842 3.55688944857896e-05 no_error _Recombination_Map_and_Complex_Demographies_Scenario_3_ 750 2250 0 0.05 GF_Model_IV
0.0108249615057065 461.566469708961 0.00818839368255183 2.28038148735645e-05 no_error _Recombination_Map_and_Complex_Demographies_Scenario_3_ 750 2250 0 0.05 GF_Model_IV
0.0100753351058033 488.871058738942 0.000437538464974248 7.05750908341713e-06 no_error _Recombination_Map_and_Complex_Demographies_Scenario_3_ 750 2250 0 0.05 GF_Model_IV
0.0103020714491829 532.913272973648 0.00137333991291245 1.42558022073812e-05 no_error _Recombination_Map_and_Complex_Demographies_Scenario_3_ 750 2250 0 0.05 GF_Model_IV
0.0107332201318023 547.109234684518 0.00289714482300016 2.5072741447903e-05 no_error _Recombination_Map_and_Complex_Demographies_Scenario_3_ 750 2250 0 0.05 GF_Model_IV
0.0102495262178413 519.465572613145 0.00127515701108319 1.63545794369887e-05 no_error _Recombination_Map_and_Complex_Demographies_Scenario_3_ 750 2250 0 0.05 GF_Model_IV
0.0103573464392975 496.548010731766 0.00271520404915257 1.31029981575504e-05 no_error _Recombination_Map_and_Complex_Demographies_Scenario_3_ 750 2250 0 0.05 GF_Model_IV
0.00971389461233736 463.143810632691 0.00615624265446365 1.90041401370284e-05 no_error _Recombination_Map_and_Complex_Demographies_Scenario_3_ 750 2250 0 0.05 GF_Model_IV
0.0100996494868645 409.135340105649 0.00760185739510047 3.3894131336973e-05 no_error _Recombination_Map_and_Complex_Demographies_Scenario_3_ 750 2250 0 0.05 GF_Model_IV
0.0121164971230815 530.705023974883 0.00149554595742478 1.66805083772773e-05 no_error _Recombination_Map_and_Complex_Demographies_Scenario_3_ 750 2250 0 0.05 GF_Model_IV
0.0111218860252556 540.020946480379 0.000464531962591003 1.68630858838319e-05 no_error _Recombination_Map_and_Complex_Demographies_Scenario_3_ 750 2250 0 0.05 GF_Model_IV
0.0107087069845092 438.815402084615 0.00145857797970777 1.28739944735033e-05 no_error _Recombination_Map_and_Complex_Demographies_Scenario_3_ 750 2250 0 0.05 GF_Model_IV
0.00944491778108337 286.877798458438 0.0253478480693524 2.52649083758372e-05 no_error _Recombination_Map_and_Complex_Demographies_Scenario_3_ 750 2250 0 0.05 GF_Model_IV
0.00997986783930687 468.23508067912 0.00688492032335933 3.25310862086252e-05 no_error _Recombination_Map_and_Complex_Demographies_Scenario_3_ 750 2250 0 0.05 GF_Model_IV
0.0108298324563632 579.589605047001 0.000475220785131198 1.03104759379048e-05 no_error _Recombination_Map_and_Complex_Demographies_Scenario_3_ 750 2250 0 0.05 GF_Model_IV
0.010117743420724 554.369696784465 0.00180645545207388 2.31417669993109e-05 no_error _Recombination_Map_and_Complex_Demographies_Scenario_3_ 750 2250 0 0.05 GF_Model_IV
0.0498436327227114 533.703033514375 0.0377232480759865 0.00045959244880305 no_error _Recombination_Map_and_Complex_Demographies_Scenario_4_ 750 2250 1 0.05 GF_Model_IV
0.0784965337788581 496.142851925847 0.0795266618282121 0.00118867441380823 no_error _Recombination_Map_and_Complex_Demographies_Scenario_4_ 750 2250 1 0.05 GF_Model_IV
0.127658013379256 359.840094892437 0.0112487362321255 0.00110989104555035 no_error _Recombination_Map_and_Complex_Demographies_Scenario_4_ 750 2250 1 0.05 GF_Model_IV
0.108439334701888 365.830135032468 0.0358606517815795 0.000518774333111301 no_error _Recombination_Map_and_Complex_Demographies_Scenario_4_ 750 2250 1 0.05 GF_Model_IV
0.0391075988940134 564.926663106989 0.0764351004679656 0.000114534267297252 no_error _Recombination_Map_and_Complex_Demographies_Scenario_4_ 750 2250 1 0.05 GF_Model_IV
0.118898457603217 355.010417871382 0.0112208841561279 0.000712058406684537 no_error _Recombination_Map_and_Complex_Demographies_Scenario_4_ 750 2250 1 0.05 GF_Model_IV
0.0752443814408528 466.070007427461 0.0770568044140638 0.00158820615872318 no_error _Recombination_Map_and_Complex_Demographies_Scenario_4_ 750 2250 1 0.05 GF_Model_IV
0.0549446900581176 479.354755881791 0.0930970362531125 0.000881912229882044 no_error _Recombination_Map_and_Complex_Demographies_Scenario_4_ 750 2250 1 0.05 GF_Model_IV
0.0356137847697658 400.622070432831 0.145336970419543 0.00124756307417987 no_error _Recombination_Map_and_Complex_Demographies_Scenario_4_ 750 2250 1 0.05 GF_Model_IV
0.10606438755119 338.649266872698 0.0227001343561396 0.00128531258207531 no_error _Recombination_Map_and_Complex_Demographies_Scenario_4_ 750 2250 1 0.05 GF_Model_IV
0.046678793143103 492.925870442909 0.110494578607879 0.000593987314810225 no_error _Recombination_Map_and_Complex_Demographies_Scenario_4_ 750 2250 1 0.05 GF_Model_IV
0.0116077158576258 695.187956797553 0.177541806678923 0.000930320707845545 no_error _Recombination_Map_and_Complex_Demographies_Scenario_4_ 750 2250 1 0.05 GF_Model_IV
0.0449953325697825 399.88878137814 0.0798384998925156 0.000335755998418978 no_error _Recombination_Map_and_Complex_Demographies_Scenario_4_ 750 2250 1 0.05 GF_Model_IV
0.110377746521437 406.292701902826 0.0239120772598335 0.00107034704785271 no_error _Recombination_Map_and_Complex_Demographies_Scenario_4_ 750 2250 1 0.05 GF_Model_IV
0.0780705573898431 381.574821086085 0.0538316532399728 0.000709747735991108 no_error _Recombination_Map_and_Complex_Demographies_Scenario_4_ 750 2250 1 0.05 GF_Model_IV
0.0792017471732093 397.039443463716 0.0537914772121117 0.00076711040873055 no_error _Recombination_Map_and_Complex_Demographies_Scenario_4_ 750 2250 1 0.05 GF_Model_IV
0.0788780102331416 387.224796940883 0.0649176910572149 0.000930688809224822 no_error _Recombination_Map_and_Complex_Demographies_Scenario_4_ 750 2250 1 0.05 GF_Model_IV
0.0931569674941432 443.059830586097 0.0287502430869768 0.00055250889563095 no_error _Recombination_Map_and_Complex_Demographies_Scenario_4_ 750 2250 1 0.05 GF_Model_IV
0.0504209037941504 462.193677899034 0.0356508430023067 0.000496201666160856 no_error _Recombination_Map_and_Complex_Demographies_Scenario_4_ 750 2250 1 0.05 GF_Model_IV
0.111327056702834 400.272244487874 0.0243572950290015 0.000967606138373935 no_error _Recombination_Map_and_Complex_Demographies_Scenario_4_ 750 2250 1 0.05 GF_Model_IV
0.114110480294167 302.459586472746 0.0290228615564589 0.000770022525092508 no_error _Recombination_Map_and_Complex_Demographies_Scenario_4_ 750 2250 1 0.05 GF_Model_IV
0.100173302224187 300.483481245793 0.0522918734134237 0.00123318697105886 no_error _Recombination_Map_and_Complex_Demographies_Scenario_4_ 750 2250 1 0.05 GF_Model_IV
0.0913199591278202 275.528422431944 0.0265244710058291 0.00116030757799242 no_error _Recombination_Map_and_Complex_Demographies_Scenario_4_ 750 2250 1 0.05 GF_Model_IV
0.100115809055806 396.823016116822 0.0378539794611573 0.000978495643960904 no_error _Recombination_Map_and_Complex_Demographies_Scenario_4_ 750 2250 1 0.05 GF_Model_IV
0.155076747342441 183.736904768623 -0.00672194202692996 0.000952741618195966 no_error _Recombination_Map_and_Complex_Demographies_Scenario_4_ 750 2250 1 0.05 GF_Model_IV
0.0160215372426636 1371.59477247583 0.170881311448156 0.00492200337275516 no_error _Recombination_Map_and_Complex_Demographies_Scenario_4_ 750 2250 1 0.05 GF_Model_IV
0.044714335000875 555.935194454398 0.115395319021704 0.000806821430716681 no_error _Recombination_Map_and_Complex_Demographies_Scenario_4_ 750 2250 1 0.05 GF_Model_IV
0.0688048605259622 399.027096260701 0.088716425660047 0.00104933967912601 no_error _Recombination_Map_and_Complex_Demographies_Scenario_4_ 750 2250 1 0.05 GF_Model_IV
0.0548169362415693 461.568860459229 0.088708585321229 0.000998145059013461 no_error _Recombination_Map_and_Complex_Demographies_Scenario_4_ 750 2250 1 0.05 GF_Model_IV
0.105344994810383 392.952778937913 0.0383479670637579 0.00130585578985729 no_error _Recombination_Map_and_Complex_Demographies_Scenario_4_ 750 2250 1 0.05 GF_Model_IV
0.0396654370884349 3753.81646250753 0.171282477646806 0.00178669283646586 no_error _Recombination_Map_and_Complex_Demographies_Scenario_4_ 750 2250 1 0.05 GF_Model_IV
0.104159520443358 370.405775139882 0.0238384371147914 0.000995445971958451 no_error _Recombination_Map_and_Complex_Demographies_Scenario_4_ 750 2250 1 0.05 GF_Model_IV
0.0645792005474051 397.198006542041 0.0480804997588959 0.000473987068429903 no_error _Recombination_Map_and_Complex_Demographies_Scenario_4_ 750 2250 1 0.05 GF_Model_IV
0.0885979786292903 385.769948476967 0.0604030066784756 0.000927120165552421 no_error _Recombination_Map_and_Complex_Demographies_Scenario_4_ 750 2250 1 0.05 GF_Model_IV
0.063947450056354 497.137676105945 0.0486288126798536 0.000555139148249687 no_error _Recombination_Map_and_Complex_Demographies_Scenario_4_ 750 2250 1 0.05 GF_Model_IV
0.075333890830656 374.963008112048 0.0623274677540384 0.000701734784666901 no_error _Recombination_Map_and_Complex_Demographies_Scenario_4_ 750 2250 1 0.05 GF_Model_IV
0.113682349572972 350.741288710965 0.0148264787732033 0.000638998622848466 no_error _Recombination_Map_and_Complex_Demographies_Scenario_4_ 750 2250 1 0.05 GF_Model_IV
0.130696003319813 396.67662048121 0.0150121127213757 0.00132995042371364 no_error _Recombination_Map_and_Complex_Demographies_Scenario_4_ 750 2250 1 0.05 GF_Model_IV
0.0922990918624899 356.750686839777 0.0437039124048479 0.00090087543687095 no_error _Recombination_Map_and_Complex_Demographies_Scenario_4_ 750 2250 1 0.05 GF_Model_IV
0.0597445505862293 284.979172009274 0.0828488736005721 0.0027138892086595 no_error _Recombination_Map_and_Complex_Demographies_Scenario_4_ 750 2250 1 0.05 GF_Model_IV
0.0694089084475063 405.33477853828 0.046083941488897 0.000420427026824498 no_error _Recombination_Map_and_Complex_Demographies_Scenario_4_ 750 2250 1 0.05 GF_Model_IV
0.0158795081162063 496.415934202244 0.190560270352216 0.00166016280687227 no_error _Recombination_Map_and_Complex_Demographies_Scenario_4_ 750 2250 1 0.05 GF_Model_IV
0.0688549901445599 400.851196774471 0.0728817231521226 0.000362654956851775 no_error _Recombination_Map_and_Complex_Demographies_Scenario_4_ 750 2250 1 0.05 GF_Model_IV
0.0635515978338425 436.628623530731 0.0556918387092837 0.000508108365729597 no_error _Recombination_Map_and_Complex_Demographies_Scenario_4_ 750 2250 1 0.05 GF_Model_IV
0.137650086849532 298.129923214198 0.00689029152395903 0.0013862373443779 no_error _Recombination_Map_and_Complex_Demographies_Scenario_4_ 750 2250 1 0.05 GF_Model_IV
0.0849539353019911 413.723676739872 0.0466589510179518 0.00127901708196559 no_error _Recombination_Map_and_Complex_Demographies_Scenario_4_ 750 2250 1 0.05 GF_Model_IV
0.0472522312696778 486.515391885936 0.0883472231209214 0.000568394277244098 no_error _Recombination_Map_and_Complex_Demographies_Scenario_4_ 750 2250 1 0.05 GF_Model_IV
0.0225777526305919 709.259070219967 0.166193126633902 0.0100340861486111 no_error _Recombination_Map_and_Complex_Demographies_Scenario_4_ 750 2250 1 0.05 GF_Model_IV
0.104213437059065 364.735222911223 0.0286601961317766 0.00128737814724158 no_error _Recombination_Map_and_Complex_Demographies_Scenario_4_ 750 2250 1 0.05 GF_Model_IV
0.0832748516465061 441.164508047243 0.0503458009601816 0.00144157211363646 no_error _Recombination_Map_and_Complex_Demographies_Scenario_4_ 750 2250 1 0.05 GF_Model_IV
0.0434637112451128 503.471779236187 0.0882665009721877 0.000450075857852273 no_error _Recombination_Map_and_Complex_Demographies_Scenario_4_ 750 2250 1 0.05 GF_Model_IV
0.102419695232779 392.972068105352 0.0204053420480991 0.000731053253142173 no_error _Recombination_Map_and_Complex_Demographies_Scenario_4_ 750 2250 1 0.05 GF_Model_IV
0.0261365323612908 395.77714180423 0.108797216519388 0.000334833378106268 no_error _Recombination_Map_and_Complex_Demographies_Scenario_4_ 750 2250 1 0.05 GF_Model_IV
0.0514156910715459 383.467062169762 0.0679209749686485 0.00052460578140021 no_error _Recombination_Map_and_Complex_Demographies_Scenario_4_ 750 2250 1 0.05 GF_Model_IV
0.074756477688813 319.816509915131 0.0600966483895563 0.001066309165956 no_error _Recombination_Map_and_Complex_Demographies_Scenario_4_ 750 2250 1 0.05 GF_Model_IV
0.0499017065200789 469.48697147945 0.0739436712359634 0.00042022116116565 no_error _Recombination_Map_and_Complex_Demographies_Scenario_4_ 750 2250 1 0.05 GF_Model_IV
0.079725430897588 430.183846934769 0.017995211264276 0.000715768954089513 no_error _Recombination_Map_and_Complex_Demographies_Scenario_4_ 750 2250 1 0.05 GF_Model_IV
0.126618761476383 350.851283597687 0.0165600034515082 0.000961163367125863 no_error _Recombination_Map_and_Complex_Demographies_Scenario_4_ 750 2250 1 0.05 GF_Model_IV
0.0324430044810781 811.685888202692 0.123846682245457 0.000885365178246828 no_error _Recombination_Map_and_Complex_Demographies_Scenario_4_ 750 2250 1 0.05 GF_Model_IV
0.111526964232388 340.495633748923 0.0355309271778067 0.00113643826697659 no_error _Recombination_Map_and_Complex_Demographies_Scenario_4_ 750 2250 1 0.05 GF_Model_IV
0.087491366269901 454.533256100416 0.0514932027587972 0.000902954470743372 no_error _Recombination_Map_and_Complex_Demographies_Scenario_4_ 750 2250 1 0.05 GF_Model_IV
0.0731398368945829 378.082595140595 0.0770017482163583 0.00293113605367957 no_error _Recombination_Map_and_Complex_Demographies_Scenario_4_ 750 2250 1 0.05 GF_Model_IV
0.0934256306424528 423.237118671431 0.0285947086153516 0.000320150442767444 no_error _Recombination_Map_and_Complex_Demographies_Scenario_4_ 750 2250 1 0.05 GF_Model_IV
0.018251911881813 805.493536076794 0.174829130549391 0.00246002683450563 no_error _Recombination_Map_and_Complex_Demographies_Scenario_4_ 750 2250 1 0.05 GF_Model_IV
1.00000000003542e-06 4999.99999996492 0.279236345216176 0.00694085031243895 nls_error _Recombination_Map_and_Complex_Demographies_Scenario_4_ 750 2250 1 0.05 GF_Model_IV
0.0866585971891246 440.25669584699 0.0191386648836883 0.000197926344256257 no_error _Recombination_Map_and_Complex_Demographies_Scenario_4_ 750 2250 1 0.05 GF_Model_IV
0.0533453131000135 368.610253660631 0.0863079939146455 0.000672931389843296 no_error _Recombination_Map_and_Complex_Demographies_Scenario_4_ 750 2250 1 0.05 GF_Model_IV
0.0176424673517581 1626.67486013128 0.149567141044856 0.000735667453808344 no_error _Recombination_Map_and_Complex_Demographies_Scenario_4_ 750 2250 1 0.05 GF_Model_IV
0.0753485438703701 409.077739759781 0.066929400693939 0.00062601391363286 no_error _Recombination_Map_and_Complex_Demographies_Scenario_4_ 750 2250 1 0.05 GF_Model_IV
0.0540962302230945 499.787806734793 0.104376890348747 0.000982718631550402 no_error _Recombination_Map_and_Complex_Demographies_Scenario_4_ 750 2250 1 0.05 GF_Model_IV
0.0936101106420438 344.960481497583 0.0280746002603335 0.000444874107446494 no_error _Recombination_Map_and_Complex_Demographies_Scenario_4_ 750 2250 1 0.05 GF_Model_IV
0.0812205965915067 372.902340785818 0.0360803176669406 0.00049612502443598 no_error _Recombination_Map_and_Complex_Demographies_Scenario_4_ 750 2250 1 0.05 GF_Model_IV
1.00000000027696e-06 4999.99999998417 0.20700336130222 0.0158488750564226 nls_error _Recombination_Map_and_Complex_Demographies_Scenario_4_ 750 2250 1 0.05 GF_Model_IV
0.118272157777418 342.224869218883 0.0313707134070479 0.00110063004707069 no_error _Recombination_Map_and_Complex_Demographies_Scenario_4_ 750 2250 1 0.05 GF_Model_IV
0.100657161869116 342.278473853904 0.0304437854918053 0.000850834218766378 no_error _Recombination_Map_and_Complex_Demographies_Scenario_4_ 750 2250 1 0.05 GF_Model_IV
0.0860870571509176 310.185550159035 0.0530045304119004 0.000802024499784185 no_error _Recombination_Map_and_Complex_Demographies_Scenario_4_ 750 2250 1 0.05 GF_Model_IV
0.1062350714994 426.041183087176 0.0339488183388783 0.00107210646078458 no_error _Recombination_Map_and_Complex_Demographies_Scenario_4_ 750 2250 1 0.05 GF_Model_IV
0.0684879736048697 486.643684272324 0.0898483245111531 0.00090443704543328 no_error _Recombination_Map_and_Complex_Demographies_Scenario_4_ 750 2250 1 0.05 GF_Model_IV
0.0438229145599188 518.34749807504 0.103914754495327 0.000471323146056102 no_error _Recombination_Map_and_Complex_Demographies_Scenario_4_ 750 2250 1 0.05 GF_Model_IV
0.0366305132930951 531.890252191249 0.110318582229852 0.000191673620373201 no_error _Recombination_Map_and_Complex_Demographies_Scenario_4_ 750 2250 1 0.05 GF_Model_IV
0.0951307054396803 407.701901187632 0.0448144094336514 0.000717245254875098 no_error _Recombination_Map_and_Complex_Demographies_Scenario_4_ 750 2250 1 0.05 GF_Model_IV
0.113901669328841 392.974321878791 0.0330090760255616 0.0015886342850514 no_error _Recombination_Map_and_Complex_Demographies_Scenario_4_ 750 2250 1 0.05 GF_Model_IV
0.0958985565716679 436.741894637693 0.0416214199117236 0.000952752929833609 no_error _Recombination_Map_and_Complex_Demographies_Scenario_4_ 750 2250 1 0.05 GF_Model_IV
0.0927245406677033 365.491478788927 0.042498770986191 0.000746179501597074 no_error _Recombination_Map_and_Complex_Demographies_Scenario_4_ 750 2250 1 0.05 GF_Model_IV
0.0296683050484 304.415907873875 0.144274682280625 0.00113492588400616 no_error _Recombination_Map_and_Complex_Demographies_Scenario_4_ 750 2250 1 0.05 GF_Model_IV
0.0846332208530818 325.481310343971 0.0812447800573697 0.00183179006128586 no_error _Recombination_Map_and_Complex_Demographies_Scenario_4_ 750 2250 1 0.05 GF_Model_IV
0.113708821502716 398.220247837224 0.0251340484203751 0.0012418759072998 no_error _Recombination_Map_and_Complex_Demographies_Scenario_4_ 750 2250 1 0.05 GF_Model_IV
0.0714807959068326 366.560716405147 0.0641887842191039 0.000473967130127143 no_error _Recombination_Map_and_Complex_Demographies_Scenario_4_ 750 2250 1 0.05 GF_Model_IV
0.122430980240425 367.951227175627 0.0311214086243146 0.000575155123331843 no_error _Recombination_Map_and_Complex_Demographies_Scenario_4_ 750 2250 1 0.05 GF_Model_IV
0.125637886561339 283.115229142585 0.0376932388151839 0.0010473380291892 no_error _Recombination_Map_and_Complex_Demographies_Scenario_4_ 750 2250 1 0.05 GF_Model_IV
0.114001561559827 389.308610497093 0.0292335056710549 0.000687351667867024 no_error _Recombination_Map_and_Complex_Demographies_Scenario_4_ 750 2250 1 0.05 GF_Model_IV
0.0262550329120609 506.900828314135 0.139312744618031 0.000890627167976457 no_error _Recombination_Map_and_Complex_Demographies_Scenario_4_ 750 2250 1 0.05 GF_Model_IV
0.111989584393422 445.649684700653 0.0347755422735659 0.00193774780353475 no_error _Recombination_Map_and_Complex_Demographies_Scenario_4_ 750 2250 1 0.05 GF_Model_IV
0.0857652546811439 420.188062045515 0.0625303725559267 0.000565728975093819 no_error _Recombination_Map_and_Complex_Demographies_Scenario_4_ 750 2250 1 0.05 GF_Model_IV
0.0854540010658088 382.990848289019 0.0669357821656326 0.0020263620477234 no_error _Recombination_Map_and_Complex_Demographies_Scenario_4_ 750 2250 1 0.05 GF_Model_IV
0.0424703210281784 563.272161489813 0.1228278813789 0.000742510627887307 no_error _Recombination_Map_and_Complex_Demographies_Scenario_4_ 750 2250 1 0.05 GF_Model_IV
0.0668981806937545 505.67067178409 0.0801500501226591 0.000714149736180759 no_error _Recombination_Map_and_Complex_Demographies_Scenario_4_ 750 2250 1 0.05 GF_Model_IV
0.0707489291865869 467.142088052785 0.0745971350565229 0.000874020278911335 no_error _Recombination_Map_and_Complex_Demographies_Scenario_4_ 750 2250 1 0.05 GF_Model_IV
0.123414049475043 357.21806293738 0.0180824178155592 0.00125985887522149 no_error _Recombination_Map_and_Complex_Demographies_Scenario_4_ 750 2250 1 0.05 GF_Model_IV
0.0957422186711438 402.574627494123 0.0603341002048318 0.000991044786142689 no_error _Recombination_Map_and_Complex_Demographies_Scenario_4_ 750 2250 1 0.05 GF_Model_IV
