0.0177068056785186 552.34956970835 0.00462398319550149 0.000132911949997609 no_error _Recombination_Map_and_Inferred_Demographies_Scenario_1_ 1500 1501 0 0.02 GF_Model_IV
0.0160370763416814 497.96482736269 0.0107593286085358 8.54079296222578e-05 no_error _Recombination_Map_and_Inferred_Demographies_Scenario_1_ 1500 1501 0 0.02 GF_Model_IV
0.0182262574121429 527.878278703274 0.001934026282146 9.51340577004877e-05 no_error _Recombination_Map_and_Inferred_Demographies_Scenario_1_ 1500 1501 0 0.02 GF_Model_IV
0.0169511391834329 535.386210149278 0.00803221437606162 8.97317726104678e-05 no_error _Recombination_Map_and_Inferred_Demographies_Scenario_1_ 1500 1501 0 0.02 GF_Model_IV
0.0197884474643233 508.808053853456 0.00529544980784933 0.000107767605343021 no_error _Recombination_Map_and_Inferred_Demographies_Scenario_1_ 1500 1501 0 0.02 GF_Model_IV
0.0177173955162845 543.275201436607 0.00273985625976519 8.58057513990859e-05 no_error _Recombination_Map_and_Inferred_Demographies_Scenario_1_ 1500 1501 0 0.02 GF_Model_IV
0.0177465639137392 491.545522111691 0.0192643561978488 0.000107556397186884 no_error _Recombination_Map_and_Inferred_Demographies_Scenario_1_ 1500 1501 0 0.02 GF_Model_IV
0.0144902415854677 542.522156703406 0.00473553782701152 7.97703846101091e-05 no_error _Recombination_Map_and_Inferred_Demographies_Scenario_1_ 1500 1501 0 0.02 GF_Model_IV
0.0168823122390086 566.741829892338 0.0021131552144521 9.6798738150289e-05 no_error _Recombination_Map_and_Inferred_Demographies_Scenario_1_ 1500 1501 0 0.02 GF_Model_IV
0.0176991592445133 563.31308554384 0.00221820249379546 6.06755894047921e-05 no_error _Recombination_Map_and_Inferred_Demographies_Scenario_1_ 1500 1501 0 0.02 GF_Model_IV
0.0174410130760926 499.526203881154 0.00633125770987664 0.000132692332724666 no_error _Recombination_Map_and_Inferred_Demographies_Scenario_1_ 1500 1501 0 0.02 GF_Model_IV
0.0164167678217661 556.008011810878 0.00365186733128904 8.10688993080466e-05 no_error _Recombination_Map_and_Inferred_Demographies_Scenario_1_ 1500 1501 0 0.02 GF_Model_IV
0.0184035299636185 612.517948455948 0.00115269483882864 6.5481394537014e-05 no_error _Recombination_Map_and_Inferred_Demographies_Scenario_1_ 1500 1501 0 0.02 GF_Model_IV
0.0174289749868831 566.245286505006 0.00906293575836351 8.18048712359621e-05 no_error _Recombination_Map_and_Inferred_Demographies_Scenario_1_ 1500 1501 0 0.02 GF_Model_IV
0.0164886733756123 542.191310145663 0.00466295703410513 8.46324793178043e-05 no_error _Recombination_Map_and_Inferred_Demographies_Scenario_1_ 1500 1501 0 0.02 GF_Model_IV
0.0177411575557114 526.918091614789 0.00750311394109575 0.000100967043314309 no_error _Recombination_Map_and_Inferred_Demographies_Scenario_1_ 1500 1501 0 0.02 GF_Model_IV
0.0167848745784251 529.409021772469 0.00452693500207445 0.000100820578388231 no_error _Recombination_Map_and_Inferred_Demographies_Scenario_1_ 1500 1501 0 0.02 GF_Model_IV
0.0176689264015973 625.046519798669 0.000973172323662888 0.00010406087425459 no_error _Recombination_Map_and_Inferred_Demographies_Scenario_1_ 1500 1501 0 0.02 GF_Model_IV
0.0191488329615368 485.831521482847 0.0158574853933965 0.000207451485916398 no_error _Recombination_Map_and_Inferred_Demographies_Scenario_1_ 1500 1501 0 0.02 GF_Model_IV
0.0203094998707891 593.130357844989 0.00482427901426608 0.000103076988909143 no_error _Recombination_Map_and_Inferred_Demographies_Scenario_1_ 1500 1501 0 0.02 GF_Model_IV
0.0166296827445039 512.098756979588 0.00343850067047395 7.82560497928724e-05 no_error _Recombination_Map_and_Inferred_Demographies_Scenario_1_ 1500 1501 0 0.02 GF_Model_IV
0.0177111714718781 509.169799650298 0.0064438081336513 0.000141352734576445 no_error _Recombination_Map_and_Inferred_Demographies_Scenario_1_ 1500 1501 0 0.02 GF_Model_IV
0.0184824534359318 488.835057784942 0.00375126671432908 0.00016667143597842 no_error _Recombination_Map_and_Inferred_Demographies_Scenario_1_ 1500 1501 0 0.02 GF_Model_IV
0.0169427987759455 571.139531255187 0.00164011792968362 9.06508496112453e-05 no_error _Recombination_Map_and_Inferred_Demographies_Scenario_1_ 1500 1501 0 0.02 GF_Model_IV
0.0178556137147005 541.918829233043 0.00221085170909198 6.44186569237889e-05 no_error _Recombination_Map_and_Inferred_Demographies_Scenario_1_ 1500 1501 0 0.02 GF_Model_IV
0.0197886267725719 531.81878573412 0.00511765705985585 0.000180371208809486 no_error _Recombination_Map_and_Inferred_Demographies_Scenario_1_ 1500 1501 0 0.02 GF_Model_IV
0.0181419928947011 518.772054701027 0.0061894456614034 0.000122949508343746 no_error _Recombination_Map_and_Inferred_Demographies_Scenario_1_ 1500 1501 0 0.02 GF_Model_IV
0.017440827745469 555.954934958183 0.00327350736035773 9.42852343274223e-05 no_error _Recombination_Map_and_Inferred_Demographies_Scenario_1_ 1500 1501 0 0.02 GF_Model_IV
0.0170096016712521 499.497083159693 0.00689314108598794 0.000104376875999814 no_error _Recombination_Map_and_Inferred_Demographies_Scenario_1_ 1500 1501 0 0.02 GF_Model_IV
0.0165541274146694 569.591080959938 0.0034077228403266 7.8359553777298e-05 no_error _Recombination_Map_and_Inferred_Demographies_Scenario_1_ 1500 1501 0 0.02 GF_Model_IV
0.0198610817944406 549.188311385357 0.00209780525314751 0.000115284160365615 no_error _Recombination_Map_and_Inferred_Demographies_Scenario_1_ 1500 1501 0 0.02 GF_Model_IV
0.016756057091494 530.376455854613 0.00292420123955967 8.74597421170845e-05 no_error _Recombination_Map_and_Inferred_Demographies_Scenario_1_ 1500 1501 0 0.02 GF_Model_IV
0.0174662813138761 553.65320249989 0.00120835943401334 7.83934433675423e-05 no_error _Recombination_Map_and_Inferred_Demographies_Scenario_1_ 1500 1501 0 0.02 GF_Model_IV
0.0176432667239079 479.505913135592 0.00545312940591805 0.000116499245309241 no_error _Recombination_Map_and_Inferred_Demographies_Scenario_1_ 1500 1501 0 0.02 GF_Model_IV
0.0171681251647325 473.479643099618 0.00987659212940791 0.000127002749380989 no_error _Recombination_Map_and_Inferred_Demographies_Scenario_1_ 1500 1501 0 0.02 GF_Model_IV
0.0189510230785409 487.497134854982 0.0116746696432407 0.000118342546710503 no_error _Recombination_Map_and_Inferred_Demographies_Scenario_1_ 1500 1501 0 0.02 GF_Model_IV
0.0147148660344892 554.970864072152 0.00340382411297475 7.79580657511839e-05 no_error _Recombination_Map_and_Inferred_Demographies_Scenario_1_ 1500 1501 0 0.02 GF_Model_IV
0.0161374328746311 535.037879714775 0.00465874931514774 6.66048451120305e-05 no_error _Recombination_Map_and_Inferred_Demographies_Scenario_1_ 1500 1501 0 0.02 GF_Model_IV
0.0164982964618343 508.757062834231 0.0107095778260324 9.42817012988693e-05 no_error _Recombination_Map_and_Inferred_Demographies_Scenario_1_ 1500 1501 0 0.02 GF_Model_IV
0.0172812023788589 507.651670985977 0.00556908603794958 9.8774620803077e-05 no_error _Recombination_Map_and_Inferred_Demographies_Scenario_1_ 1500 1501 0 0.02 GF_Model_IV
0.0173164633343044 523.79218952848 0.0059229249368561 0.000123126778700496 no_error _Recombination_Map_and_Inferred_Demographies_Scenario_1_ 1500 1501 0 0.02 GF_Model_IV
0.0150325226664041 510.895457503683 0.00672463756204876 0.000103280571877203 no_error _Recombination_Map_and_Inferred_Demographies_Scenario_1_ 1500 1501 0 0.02 GF_Model_IV
0.0171377542164951 542.13152788738 0.00468516819953068 6.3817025117503e-05 no_error _Recombination_Map_and_Inferred_Demographies_Scenario_1_ 1500 1501 0 0.02 GF_Model_IV
0.0149729188949288 503.066994425543 0.01084509435377 8.83464044647622e-05 no_error _Recombination_Map_and_Inferred_Demographies_Scenario_1_ 1500 1501 0 0.02 GF_Model_IV
0.0179376231983091 571.089617113143 0.00254342101920688 0.000100229278119567 no_error _Recombination_Map_and_Inferred_Demographies_Scenario_1_ 1500 1501 0 0.02 GF_Model_IV
0.016220903037791 576.555636335824 0.00320662325658475 5.90092813838889e-05 no_error _Recombination_Map_and_Inferred_Demographies_Scenario_1_ 1500 1501 0 0.02 GF_Model_IV
0.013562290606016 581.418067809477 0.00264088893203545 8.00796734220954e-05 no_error _Recombination_Map_and_Inferred_Demographies_Scenario_1_ 1500 1501 0 0.02 GF_Model_IV
0.0162408427562255 528.711461776 0.00374317556260376 8.21696491437321e-05 no_error _Recombination_Map_and_Inferred_Demographies_Scenario_1_ 1500 1501 0 0.02 GF_Model_IV
0.0176831742811824 495.631873015027 0.0110345792098759 9.91285231115269e-05 no_error _Recombination_Map_and_Inferred_Demographies_Scenario_1_ 1500 1501 0 0.02 GF_Model_IV
0.0170923675304958 517.738838878436 0.00927230388629055 0.000123547045747514 no_error _Recombination_Map_and_Inferred_Demographies_Scenario_1_ 1500 1501 0 0.02 GF_Model_IV
0.0171800381371546 577.133322522399 0.00525474156948022 0.000111689257777448 no_error _Recombination_Map_and_Inferred_Demographies_Scenario_1_ 1500 1501 0 0.02 GF_Model_IV
0.0156813297275442 441.045731942752 0.0172424705261285 0.000111997351386763 no_error _Recombination_Map_and_Inferred_Demographies_Scenario_1_ 1500 1501 0 0.02 GF_Model_IV
0.0193597862666811 520.396783287971 0.0085140426876676 9.41954026896648e-05 no_error _Recombination_Map_and_Inferred_Demographies_Scenario_1_ 1500 1501 0 0.02 GF_Model_IV
0.0175347008457741 529.046617383777 0.0125103799053663 0.000150498002164482 no_error _Recombination_Map_and_Inferred_Demographies_Scenario_1_ 1500 1501 0 0.02 GF_Model_IV
0.0200307959705353 545.451692940969 0.00262267875719763 9.76491823830264e-05 no_error _Recombination_Map_and_Inferred_Demographies_Scenario_1_ 1500 1501 0 0.02 GF_Model_IV
0.0161880311459079 550.228216993678 0.00486156227763628 0.000105898957572452 no_error _Recombination_Map_and_Inferred_Demographies_Scenario_1_ 1500 1501 0 0.02 GF_Model_IV
0.0179242576587702 561.693620896876 0.00395526268243226 7.97407070270319e-05 no_error _Recombination_Map_and_Inferred_Demographies_Scenario_1_ 1500 1501 0 0.02 GF_Model_IV
0.0165560739248273 560.386788679707 0.00291259229912726 9.09479647948367e-05 no_error _Recombination_Map_and_Inferred_Demographies_Scenario_1_ 1500 1501 0 0.02 GF_Model_IV
0.015470071240552 496.386320297072 0.0186571558553149 0.000115214896332606 no_error _Recombination_Map_and_Inferred_Demographies_Scenario_1_ 1500 1501 0 0.02 GF_Model_IV
0.019241679841203 506.219157087357 0.00887632826017261 0.000154963123402688 no_error _Recombination_Map_and_Inferred_Demographies_Scenario_1_ 1500 1501 0 0.02 GF_Model_IV
0.0195401634252126 503.419036889583 0.00736864349215634 0.000108786374033634 no_error _Recombination_Map_and_Inferred_Demographies_Scenario_1_ 1500 1501 0 0.02 GF_Model_IV
0.0176173764321908 567.344904434235 0.00481817107888009 8.55985000464109e-05 no_error _Recombination_Map_and_Inferred_Demographies_Scenario_1_ 1500 1501 0 0.02 GF_Model_IV
0.0178217106278499 560.396194419137 0.00260224894959387 8.06514127463154e-05 no_error _Recombination_Map_and_Inferred_Demographies_Scenario_1_ 1500 1501 0 0.02 GF_Model_IV
0.0189254240214912 577.422806422251 0.00418472371854415 9.62554279007416e-05 no_error _Recombination_Map_and_Inferred_Demographies_Scenario_1_ 1500 1501 0 0.02 GF_Model_IV
0.0176083168798436 552.247309880521 0.00770220871786621 0.000136200934847514 no_error _Recombination_Map_and_Inferred_Demographies_Scenario_1_ 1500 1501 0 0.02 GF_Model_IV
0.0185215378147064 577.575234158772 0.00300385853298199 7.13785372250457e-05 no_error _Recombination_Map_and_Inferred_Demographies_Scenario_1_ 1500 1501 0 0.02 GF_Model_IV
0.0168832506151026 492.74151197896 0.00503874843339353 0.000103254543065167 no_error _Recombination_Map_and_Inferred_Demographies_Scenario_1_ 1500 1501 0 0.02 GF_Model_IV
0.018008701599964 568.068063589642 0.00330387256360364 0.000119566590307748 no_error _Recombination_Map_and_Inferred_Demographies_Scenario_1_ 1500 1501 0 0.02 GF_Model_IV
0.0169684360224135 539.976489477115 0.00218348553086932 8.84207308367772e-05 no_error _Recombination_Map_and_Inferred_Demographies_Scenario_1_ 1500 1501 0 0.02 GF_Model_IV
0.0179317398121166 449.501144334798 0.0114161185668083 0.000186044913509456 no_error _Recombination_Map_and_Inferred_Demographies_Scenario_1_ 1500 1501 0 0.02 GF_Model_IV
0.0178595013095597 604.792432556434 0.00142276750660659 8.4103205864419e-05 no_error _Recombination_Map_and_Inferred_Demographies_Scenario_1_ 1500 1501 0 0.02 GF_Model_IV
0.016655231557 547.47093911997 0.00442358360772781 9.59013670095541e-05 no_error _Recombination_Map_and_Inferred_Demographies_Scenario_1_ 1500 1501 0 0.02 GF_Model_IV
0.0156994693363587 555.368998784314 0.000950087283891592 6.83188032599457e-05 no_error _Recombination_Map_and_Inferred_Demographies_Scenario_1_ 1500 1501 0 0.02 GF_Model_IV
0.0176518867689508 574.505631145064 0.00189095537599621 6.04638707012743e-05 no_error _Recombination_Map_and_Inferred_Demographies_Scenario_1_ 1500 1501 0 0.02 GF_Model_IV
0.016645188790737 548.968580481924 0.00393407597168472 0.000105987442843082 no_error _Recombination_Map_and_Inferred_Demographies_Scenario_1_ 1500 1501 0 0.02 GF_Model_IV
0.0168243456190502 599.568929011969 0.005635602492989 7.92441881584904e-05 no_error _Recombination_Map_and_Inferred_Demographies_Scenario_1_ 1500 1501 0 0.02 GF_Model_IV
0.0188475625684132 570.332824850026 0.00367582122546776 0.000118928849283144 no_error _Recombination_Map_and_Inferred_Demographies_Scenario_1_ 1500 1501 0 0.02 GF_Model_IV
0.0173482517027822 583.84298942146 0.00142538216347855 8.71450645824208e-05 no_error _Recombination_Map_and_Inferred_Demographies_Scenario_1_ 1500 1501 0 0.02 GF_Model_IV
0.0176162338149647 506.369346331082 0.00279813844856212 0.00012605316618363 no_error _Recombination_Map_and_Inferred_Demographies_Scenario_1_ 1500 1501 0 0.02 GF_Model_IV
0.0177466896000827 526.173194074837 0.0111804354627691 0.000113427966151611 no_error _Recombination_Map_and_Inferred_Demographies_Scenario_1_ 1500 1501 0 0.02 GF_Model_IV
0.0174609611743548 489.792468150137 0.0073929125107002 8.30036036899244e-05 no_error _Recombination_Map_and_Inferred_Demographies_Scenario_1_ 1500 1501 0 0.02 GF_Model_IV
0.0169529880066357 569.443846247264 0.00250190321265809 0.000136735539807188 no_error _Recombination_Map_and_Inferred_Demographies_Scenario_1_ 1500 1501 0 0.02 GF_Model_IV
0.0176174913399336 551.752596501398 0.00465233153438093 8.69623365670128e-05 no_error _Recombination_Map_and_Inferred_Demographies_Scenario_1_ 1500 1501 0 0.02 GF_Model_IV
0.017150250940518 419.567299239955 0.0194306570132592 0.000152866140236806 no_error _Recombination_Map_and_Inferred_Demographies_Scenario_1_ 1500 1501 0 0.02 GF_Model_IV
0.0179750334010469 532.743010112713 0.00565900354761933 0.000122282686902741 no_error _Recombination_Map_and_Inferred_Demographies_Scenario_1_ 1500 1501 0 0.02 GF_Model_IV
0.0189398610928772 529.820839566372 0.00500133176142303 0.000114605238013743 no_error _Recombination_Map_and_Inferred_Demographies_Scenario_1_ 1500 1501 0 0.02 GF_Model_IV
0.01895823835885 583.933975438892 0.00163803352594779 7.79966007466543e-05 no_error _Recombination_Map_and_Inferred_Demographies_Scenario_1_ 1500 1501 0 0.02 GF_Model_IV
0.0184693734772123 547.544198014907 0.00285664601113027 9.73561202053157e-05 no_error _Recombination_Map_and_Inferred_Demographies_Scenario_1_ 1500 1501 0 0.02 GF_Model_IV
0.0149575854061481 466.997615491388 0.0191219642947899 0.000115884275367851 no_error _Recombination_Map_and_Inferred_Demographies_Scenario_1_ 1500 1501 0 0.02 GF_Model_IV
0.0183322219211605 533.769294025551 0.00401443956574694 8.30123251005709e-05 no_error _Recombination_Map_and_Inferred_Demographies_Scenario_1_ 1500 1501 0 0.02 GF_Model_IV
0.0186133900514721 520.2399880516 0.0038071095055106 9.42445168560991e-05 no_error _Recombination_Map_and_Inferred_Demographies_Scenario_1_ 1500 1501 0 0.02 GF_Model_IV
0.0166878301739017 515.503318352369 0.00591192229388129 9.50841073995031e-05 no_error _Recombination_Map_and_Inferred_Demographies_Scenario_1_ 1500 1501 0 0.02 GF_Model_IV
0.016337448383968 545.195397450173 0.00902755316267211 7.58898171965263e-05 no_error _Recombination_Map_and_Inferred_Demographies_Scenario_1_ 1500 1501 0 0.02 GF_Model_IV
0.0175077791061176 567.292942536797 0.0138676603455651 0.000121855387119532 no_error _Recombination_Map_and_Inferred_Demographies_Scenario_1_ 1500 1501 0 0.02 GF_Model_IV
0.0180870389944008 550.064885887051 0.00153013799005962 8.92658288399951e-05 no_error _Recombination_Map_and_Inferred_Demographies_Scenario_1_ 1500 1501 0 0.02 GF_Model_IV
0.0185205820826367 573.678286560396 0.00268097030344046 0.000124287927769387 no_error _Recombination_Map_and_Inferred_Demographies_Scenario_1_ 1500 1501 0 0.02 GF_Model_IV
0.0192604105287324 575.566075459431 0.00188714453158746 0.00010051123043892 no_error _Recombination_Map_and_Inferred_Demographies_Scenario_1_ 1500 1501 0 0.02 GF_Model_IV
0.0182760304152751 548.276573523327 0.00590453173865252 9.78573005597368e-05 no_error _Recombination_Map_and_Inferred_Demographies_Scenario_1_ 1500 1501 0 0.02 GF_Model_IV
0.0155642616677838 583.539062033746 0.00150959978426382 6.750993140382e-05 no_error _Recombination_Map_and_Inferred_Demographies_Scenario_1_ 1500 1501 0 0.02 GF_Model_IV
0.0167412020248689 537.126190860116 0.00378252002155605 8.15389123905256e-05 no_error _Recombination_Map_and_Inferred_Demographies_Scenario_1_ 1500 1501 0 0.02 GF_Model_IV
0.147857406155633 374.699449112659 0.0330265245317395 0.00130196536154767 no_error _Recombination_Map_and_Inferred_Demographies_Scenario_2_ 1500 1501 1 0.02 GF_Model_IV
0.135093575956562 435.430619926586 0.0432276996870565 0.000982001731064901 no_error _Recombination_Map_and_Inferred_Demographies_Scenario_2_ 1500 1501 1 0.02 GF_Model_IV
0.157741769680559 346.530502081654 0.0213767097486249 0.00308399718600477 no_error _Recombination_Map_and_Inferred_Demographies_Scenario_2_ 1500 1501 1 0.02 GF_Model_IV
0.10565685528615 490.537291525509 0.0913040955406246 0.00152878139619041 no_error _Recombination_Map_and_Inferred_Demographies_Scenario_2_ 1500 1501 1 0.02 GF_Model_IV
0.0833476501001957 489.459659289748 0.108606912492042 0.00102400595478309 no_error _Recombination_Map_and_Inferred_Demographies_Scenario_2_ 1500 1501 1 0.02 GF_Model_IV
0.154547741284367 394.937677426001 0.0494475492688746 0.00152686959915459 no_error _Recombination_Map_and_Inferred_Demographies_Scenario_2_ 1500 1501 1 0.02 GF_Model_IV
0.158502730708235 365.300597923556 0.0147646594556286 0.0025651990887309 no_error _Recombination_Map_and_Inferred_Demographies_Scenario_2_ 1500 1501 1 0.02 GF_Model_IV
0.129180818792732 368.886430344794 0.077619325941123 0.00236668677517805 no_error _Recombination_Map_and_Inferred_Demographies_Scenario_2_ 1500 1501 1 0.02 GF_Model_IV
0.0802486199006884 575.302196560085 0.115132676832263 0.00093016306757216 no_error _Recombination_Map_and_Inferred_Demographies_Scenario_2_ 1500 1501 1 0.02 GF_Model_IV
0.115831663856862 466.027600120077 0.0755969008940103 0.00149514403594482 no_error _Recombination_Map_and_Inferred_Demographies_Scenario_2_ 1500 1501 1 0.02 GF_Model_IV
0.0705947492226188 483.394756919542 0.145457025314438 0.00140797351411891 no_error _Recombination_Map_and_Inferred_Demographies_Scenario_2_ 1500 1501 1 0.02 GF_Model_IV
0.0808490434222897 541.121645406834 0.143131521087818 0.0031176620998402 no_error _Recombination_Map_and_Inferred_Demographies_Scenario_2_ 1500 1501 1 0.02 GF_Model_IV
0.106650645302059 419.06594739087 0.0907926253648526 0.00202492588195589 no_error _Recombination_Map_and_Inferred_Demographies_Scenario_2_ 1500 1501 1 0.02 GF_Model_IV
0.0696997838178647 535.81355928558 0.14045972002118 0.00123962567332294 no_error _Recombination_Map_and_Inferred_Demographies_Scenario_2_ 1500 1501 1 0.02 GF_Model_IV
0.128497773754142 437.193275013024 0.0825264443050137 0.00155043175108055 no_error _Recombination_Map_and_Inferred_Demographies_Scenario_2_ 1500 1501 1 0.02 GF_Model_IV
0.0688299555016604 490.244994780397 0.170889092729272 0.00254565788850045 no_error _Recombination_Map_and_Inferred_Demographies_Scenario_2_ 1500 1501 1 0.02 GF_Model_IV
0.0707665138091311 462.303356733585 0.135281938198317 0.0013439550251874 no_error _Recombination_Map_and_Inferred_Demographies_Scenario_2_ 1500 1501 1 0.02 GF_Model_IV
0.0793689628153384 497.495922994475 0.0865715863675011 0.0010040588355119 no_error _Recombination_Map_and_Inferred_Demographies_Scenario_2_ 1500 1501 1 0.02 GF_Model_IV
0.107746184905383 437.028531417372 0.0990493674103523 0.0015995328036501 no_error _Recombination_Map_and_Inferred_Demographies_Scenario_2_ 1500 1501 1 0.02 GF_Model_IV
0.146818892453857 368.752770453507 0.0389362977077788 0.00178677411178676 no_error _Recombination_Map_and_Inferred_Demographies_Scenario_2_ 1500 1501 1 0.02 GF_Model_IV
0.143435327912246 388.153191779744 0.0557883120117255 0.00155405008466403 no_error _Recombination_Map_and_Inferred_Demographies_Scenario_2_ 1500 1501 1 0.02 GF_Model_IV
0.0819690811461584 468.343302248382 0.131127498944803 0.00246597507691661 no_error _Recombination_Map_and_Inferred_Demographies_Scenario_2_ 1500 1501 1 0.02 GF_Model_IV
0.0924642777815347 420.162146199125 0.0691087026382514 0.00324480906556986 no_error _Recombination_Map_and_Inferred_Demographies_Scenario_2_ 1500 1501 1 0.02 GF_Model_IV
0.150230252248706 380.895527532564 0.0379436729510666 0.0016691409186098 no_error _Recombination_Map_and_Inferred_Demographies_Scenario_2_ 1500 1501 1 0.02 GF_Model_IV
0.182697106646282 323.998081423074 0.0083111859407448 0.00305031081402882 no_error _Recombination_Map_and_Inferred_Demographies_Scenario_2_ 1500 1501 1 0.02 GF_Model_IV
0.172088120645095 356.352203894022 0.0366865816283653 0.000941353965865178 no_error _Recombination_Map_and_Inferred_Demographies_Scenario_2_ 1500 1501 1 0.02 GF_Model_IV
0.145536779594825 375.253325913788 0.0373220052836464 0.00136853900006334 no_error _Recombination_Map_and_Inferred_Demographies_Scenario_2_ 1500 1501 1 0.02 GF_Model_IV
0.182243463437396 367.640799096432 0.0205494681423949 0.00173042430295955 no_error _Recombination_Map_and_Inferred_Demographies_Scenario_2_ 1500 1501 1 0.02 GF_Model_IV
0.0998008872360992 449.028212606724 0.107919407979809 0.00246262731108807 no_error _Recombination_Map_and_Inferred_Demographies_Scenario_2_ 1500 1501 1 0.02 GF_Model_IV
0.0855732634486473 530.725043619172 0.104612173321834 0.00164972655269584 no_error _Recombination_Map_and_Inferred_Demographies_Scenario_2_ 1500 1501 1 0.02 GF_Model_IV
0.112530766309315 401.552694807309 0.0973426091115045 0.00175964389794559 no_error _Recombination_Map_and_Inferred_Demographies_Scenario_2_ 1500 1501 1 0.02 GF_Model_IV
0.119309608510622 423.80331797023 0.0818329984673243 0.00144429424557956 no_error _Recombination_Map_and_Inferred_Demographies_Scenario_2_ 1500 1501 1 0.02 GF_Model_IV
0.117449964327708 431.709329254623 0.0777577758057742 0.00164060124213404 no_error _Recombination_Map_and_Inferred_Demographies_Scenario_2_ 1500 1501 1 0.02 GF_Model_IV
0.171842325329944 376.196617973656 0.0176589446616009 0.00246420019996824 no_error _Recombination_Map_and_Inferred_Demographies_Scenario_2_ 1500 1501 1 0.02 GF_Model_IV
0.148136075986868 347.113685731128 0.0439126996147932 0.00217348553370587 no_error _Recombination_Map_and_Inferred_Demographies_Scenario_2_ 1500 1501 1 0.02 GF_Model_IV
0.136420144334409 388.186474001021 0.0591222369431478 0.001871057526918 no_error _Recombination_Map_and_Inferred_Demographies_Scenario_2_ 1500 1501 1 0.02 GF_Model_IV
0.0982317866320044 530.640592476313 0.0814321679058934 0.00226325452135144 no_error _Recombination_Map_and_Inferred_Demographies_Scenario_2_ 1500 1501 1 0.02 GF_Model_IV
0.144286630340977 367.279196563663 0.0417251839047079 0.00236120535007726 no_error _Recombination_Map_and_Inferred_Demographies_Scenario_2_ 1500 1501 1 0.02 GF_Model_IV
0.15015653939294 358.48309829072 0.0475947319823096 0.0015149164650003 no_error _Recombination_Map_and_Inferred_Demographies_Scenario_2_ 1500 1501 1 0.02 GF_Model_IV
0.102380325264319 469.57200012148 0.111560841820025 0.00169114050494641 no_error _Recombination_Map_and_Inferred_Demographies_Scenario_2_ 1500 1501 1 0.02 GF_Model_IV
0.122238535417206 428.022222820228 0.0705994069512027 0.00212191991600871 no_error _Recombination_Map_and_Inferred_Demographies_Scenario_2_ 1500 1501 1 0.02 GF_Model_IV
0.0773014510660387 486.156979468248 0.154374290806925 0.00256468424553797 no_error _Recombination_Map_and_Inferred_Demographies_Scenario_2_ 1500 1501 1 0.02 GF_Model_IV
0.128367003096146 419.011832282567 0.0560011022915059 0.00183754787960931 no_error _Recombination_Map_and_Inferred_Demographies_Scenario_2_ 1500 1501 1 0.02 GF_Model_IV
0.153099937405532 359.871370279886 0.0307064839020582 0.00193031311414622 no_error _Recombination_Map_and_Inferred_Demographies_Scenario_2_ 1500 1501 1 0.02 GF_Model_IV
0.17914787914792 348.119746431299 0.00826777096456058 0.000915705289515046 no_error _Recombination_Map_and_Inferred_Demographies_Scenario_2_ 1500 1501 1 0.02 GF_Model_IV
0.0991595358482042 444.743413874311 0.101171910702446 0.00128361140433542 no_error _Recombination_Map_and_Inferred_Demographies_Scenario_2_ 1500 1501 1 0.02 GF_Model_IV
0.140880541035644 392.26149728461 0.0599454829212708 0.00131280606500311 no_error _Recombination_Map_and_Inferred_Demographies_Scenario_2_ 1500 1501 1 0.02 GF_Model_IV
0.127400219035097 402.973694053718 0.0849098879289565 0.00176452130194784 no_error _Recombination_Map_and_Inferred_Demographies_Scenario_2_ 1500 1501 1 0.02 GF_Model_IV
0.158437462292538 372.664794714413 0.0343352021271981 0.00218240854537696 no_error _Recombination_Map_and_Inferred_Demographies_Scenario_2_ 1500 1501 1 0.02 GF_Model_IV
0.170842645644896 345.488908557722 0.0239656798204101 0.00315551706776199 no_error _Recombination_Map_and_Inferred_Demographies_Scenario_2_ 1500 1501 1 0.02 GF_Model_IV
0.146711616677358 421.951418550173 0.0443754675041776 0.0020787621992069 no_error _Recombination_Map_and_Inferred_Demographies_Scenario_2_ 1500 1501 1 0.02 GF_Model_IV
0.140211989404168 395.428458567482 0.060083441311497 0.00184513272845383 no_error _Recombination_Map_and_Inferred_Demographies_Scenario_2_ 1500 1501 1 0.02 GF_Model_IV
0.106639846182699 449.457093964279 0.0955289700740989 0.00194545854621651 no_error _Recombination_Map_and_Inferred_Demographies_Scenario_2_ 1500 1501 1 0.02 GF_Model_IV
0.1267438100333 402.131053818136 0.0718901751813674 0.00275180567042808 no_error _Recombination_Map_and_Inferred_Demographies_Scenario_2_ 1500 1501 1 0.02 GF_Model_IV
0.130609831832942 454.125227536349 0.0485382458898094 0.00113245080507814 no_error _Recombination_Map_and_Inferred_Demographies_Scenario_2_ 1500 1501 1 0.02 GF_Model_IV
0.150472136544244 366.63676255257 0.0368166255482361 0.00257376397904715 no_error _Recombination_Map_and_Inferred_Demographies_Scenario_2_ 1500 1501 1 0.02 GF_Model_IV
0.16391099932797 332.40164781376 0.0277354610348163 0.00193103730162141 no_error _Recombination_Map_and_Inferred_Demographies_Scenario_2_ 1500 1501 1 0.02 GF_Model_IV
0.139749415438749 328.906483504763 0.0488902944270558 0.00202772772946386 no_error _Recombination_Map_and_Inferred_Demographies_Scenario_2_ 1500 1501 1 0.02 GF_Model_IV
0.157544697316934 352.580703932324 0.0393126188772326 0.00165349138133318 no_error _Recombination_Map_and_Inferred_Demographies_Scenario_2_ 1500 1501 1 0.02 GF_Model_IV
0.12692085150637 412.674655750713 0.0750158132222311 0.00114852271453934 no_error _Recombination_Map_and_Inferred_Demographies_Scenario_2_ 1500 1501 1 0.02 GF_Model_IV
0.160821435397972 363.287443631546 0.0349183932601018 0.00182162212434552 no_error _Recombination_Map_and_Inferred_Demographies_Scenario_2_ 1500 1501 1 0.02 GF_Model_IV
0.120603844285518 453.443106690959 0.0520539887658893 0.00272390913991993 no_error _Recombination_Map_and_Inferred_Demographies_Scenario_2_ 1500 1501 1 0.02 GF_Model_IV
0.162807499911294 371.306674676219 0.0305494530941931 0.00131424054791996 no_error _Recombination_Map_and_Inferred_Demographies_Scenario_2_ 1500 1501 1 0.02 GF_Model_IV
0.126434332841226 382.198247170363 0.0691344680853081 0.00236708168266068 no_error _Recombination_Map_and_Inferred_Demographies_Scenario_2_ 1500 1501 1 0.02 GF_Model_IV
0.144022751518696 391.152241363014 0.0481974823256109 0.00180272502437718 no_error _Recombination_Map_and_Inferred_Demographies_Scenario_2_ 1500 1501 1 0.02 GF_Model_IV
0.161207747964885 390.802019389549 0.0299891765642265 0.00164173956320961 no_error _Recombination_Map_and_Inferred_Demographies_Scenario_2_ 1500 1501 1 0.02 GF_Model_IV
0.130077005520826 388.250597789935 0.0720057148076972 0.00234699840076009 no_error _Recombination_Map_and_Inferred_Demographies_Scenario_2_ 1500 1501 1 0.02 GF_Model_IV
0.092922505852737 431.786066262881 0.111103537546376 0.00162617284711787 no_error _Recombination_Map_and_Inferred_Demographies_Scenario_2_ 1500 1501 1 0.02 GF_Model_IV
0.102321300929689 444.580970842225 0.0913093277075692 0.00163929023339659 no_error _Recombination_Map_and_Inferred_Demographies_Scenario_2_ 1500 1501 1 0.02 GF_Model_IV
0.104335585053414 402.682311192955 0.0778339397561853 0.00182739150368916 no_error _Recombination_Map_and_Inferred_Demographies_Scenario_2_ 1500 1501 1 0.02 GF_Model_IV
0.137464504132314 382.227704017163 0.0600914065516815 0.00215109013126787 no_error _Recombination_Map_and_Inferred_Demographies_Scenario_2_ 1500 1501 1 0.02 GF_Model_IV
0.126916996979847 394.189458855349 0.0934227495088199 0.00231439472392373 no_error _Recombination_Map_and_Inferred_Demographies_Scenario_2_ 1500 1501 1 0.02 GF_Model_IV
0.0930296197842141 451.609922295282 0.105624435618674 0.00142965483902571 no_error _Recombination_Map_and_Inferred_Demographies_Scenario_2_ 1500 1501 1 0.02 GF_Model_IV
0.092594796064789 475.906493289982 0.0985877259325236 0.00110682403170245 no_error _Recombination_Map_and_Inferred_Demographies_Scenario_2_ 1500 1501 1 0.02 GF_Model_IV
0.138307573809491 408.306033131216 0.0508933110868839 0.00127725959824314 no_error _Recombination_Map_and_Inferred_Demographies_Scenario_2_ 1500 1501 1 0.02 GF_Model_IV
0.131617968508516 414.717998796139 0.0550350199483185 0.00098191928574485 no_error _Recombination_Map_and_Inferred_Demographies_Scenario_2_ 1500 1501 1 0.02 GF_Model_IV
0.121963874183413 390.972971728493 0.0781891408594124 0.00110498494284496 no_error _Recombination_Map_and_Inferred_Demographies_Scenario_2_ 1500 1501 1 0.02 GF_Model_IV
0.114722015445118 456.299167779984 0.0473436249622293 0.00141578626304494 no_error _Recombination_Map_and_Inferred_Demographies_Scenario_2_ 1500 1501 1 0.02 GF_Model_IV
0.110604574569023 524.147691239796 0.0990244265306094 0.00240880751597982 no_error _Recombination_Map_and_Inferred_Demographies_Scenario_2_ 1500 1501 1 0.02 GF_Model_IV
0.0552851093376021 610.136167838259 0.16882901511262 0.00140785159889343 no_error _Recombination_Map_and_Inferred_Demographies_Scenario_2_ 1500 1501 1 0.02 GF_Model_IV
0.0940893702382428 455.393532231434 0.0771709157584594 0.00102276368524892 no_error _Recombination_Map_and_Inferred_Demographies_Scenario_2_ 1500 1501 1 0.02 GF_Model_IV
0.14395938540112 341.953511276665 0.0207836085254078 0.00203083191513473 no_error _Recombination_Map_and_Inferred_Demographies_Scenario_2_ 1500 1501 1 0.02 GF_Model_IV
0.0847280272634455 493.59967901123 0.105640088215836 0.00143511278598072 no_error _Recombination_Map_and_Inferred_Demographies_Scenario_2_ 1500 1501 1 0.02 GF_Model_IV
0.100185904192791 497.871151122427 0.0919353555657066 0.00112337114411862 no_error _Recombination_Map_and_Inferred_Demographies_Scenario_2_ 1500 1501 1 0.02 GF_Model_IV
0.125353741912441 401.526018704869 0.0805431887851591 0.00185951674147717 no_error _Recombination_Map_and_Inferred_Demographies_Scenario_2_ 1500 1501 1 0.02 GF_Model_IV
0.117578376415413 428.026445297519 0.0836237561449428 0.00138327305951042 no_error _Recombination_Map_and_Inferred_Demographies_Scenario_2_ 1500 1501 1 0.02 GF_Model_IV
0.102571239937568 402.744686455893 0.104264881138968 0.00163941945223357 no_error _Recombination_Map_and_Inferred_Demographies_Scenario_2_ 1500 1501 1 0.02 GF_Model_IV
0.155955361697371 385.746457473387 0.0275941740877128 0.00217712022161623 no_error _Recombination_Map_and_Inferred_Demographies_Scenario_2_ 1500 1501 1 0.02 GF_Model_IV
0.0763514610556861 506.766074829574 0.100523840823972 0.00126210413353874 no_error _Recombination_Map_and_Inferred_Demographies_Scenario_2_ 1500 1501 1 0.02 GF_Model_IV
0.140109632208313 378.299757888735 0.062797351589811 0.00194068268462422 no_error _Recombination_Map_and_Inferred_Demographies_Scenario_2_ 1500 1501 1 0.02 GF_Model_IV
0.143058875173729 415.051289378129 0.0369996426310501 0.00255315160103247 no_error _Recombination_Map_and_Inferred_Demographies_Scenario_2_ 1500 1501 1 0.02 GF_Model_IV
0.150413578187963 380.536503009387 0.0467263095712336 0.00129764294553093 no_error _Recombination_Map_and_Inferred_Demographies_Scenario_2_ 1500 1501 1 0.02 GF_Model_IV
0.121159762739408 420.565895114752 0.0639763625650331 0.00191184602135344 no_error _Recombination_Map_and_Inferred_Demographies_Scenario_2_ 1500 1501 1 0.02 GF_Model_IV
0.157225535638621 371.2411798529 0.0373028793782652 0.0019333847902815 no_error _Recombination_Map_and_Inferred_Demographies_Scenario_2_ 1500 1501 1 0.02 GF_Model_IV
0.152796171205679 365.78447567068 0.0335010747429541 0.00185616566881173 no_error _Recombination_Map_and_Inferred_Demographies_Scenario_2_ 1500 1501 1 0.02 GF_Model_IV
0.117393692078697 449.200167781935 0.0562473728800543 0.00152256766652252 no_error _Recombination_Map_and_Inferred_Demographies_Scenario_2_ 1500 1501 1 0.02 GF_Model_IV
0.122579206774805 432.611708828531 0.0929774448779097 0.00263605741658638 no_error _Recombination_Map_and_Inferred_Demographies_Scenario_2_ 1500 1501 1 0.02 GF_Model_IV
0.0780739565830006 502.292045085873 0.0867127866988072 0.00135676232877364 no_error _Recombination_Map_and_Inferred_Demographies_Scenario_2_ 1500 1501 1 0.02 GF_Model_IV
0.146252204698505 393.470788284612 0.0566820375885066 0.00327996900187891 no_error _Recombination_Map_and_Inferred_Demographies_Scenario_2_ 1500 1501 1 0.02 GF_Model_IV
0.118176152655865 440.954927660622 0.0761373067155856 0.00189785011537011 no_error _Recombination_Map_and_Inferred_Demographies_Scenario_2_ 1500 1501 1 0.02 GF_Model_IV
0.0176169244048587 528.184089169669 0.00233396996576025 7.56682239187063e-05 no_error _Recombination_Map_and_Inferred_Demographies_Scenario_3_ 750 2250 0 0.02 GF_Model_IV
0.0160844208183991 518.105454132298 0.0055249109509782 0.000103485775033526 no_error _Recombination_Map_and_Inferred_Demographies_Scenario_3_ 750 2250 0 0.02 GF_Model_IV
0.0160780581993106 480.03282669689 0.0146258262279622 0.000181420688917739 no_error _Recombination_Map_and_Inferred_Demographies_Scenario_3_ 750 2250 0 0.02 GF_Model_IV
0.018433639768501 501.939658282976 0.00628048529179582 0.000100482994317163 no_error _Recombination_Map_and_Inferred_Demographies_Scenario_3_ 750 2250 0 0.02 GF_Model_IV
0.0173003706007632 517.121217513088 0.00469627286927538 0.000127270163761159 no_error _Recombination_Map_and_Inferred_Demographies_Scenario_3_ 750 2250 0 0.02 GF_Model_IV
0.0163811476995767 483.755071384527 0.00528763137808918 0.000104581494047549 no_error _Recombination_Map_and_Inferred_Demographies_Scenario_3_ 750 2250 0 0.02 GF_Model_IV
0.0190834867111384 555.869134437665 0.00249486890851709 0.00012040975065284 no_error _Recombination_Map_and_Inferred_Demographies_Scenario_3_ 750 2250 0 0.02 GF_Model_IV
0.0165798619499711 530.939902890141 0.00219178665769002 9.42618048677723e-05 no_error _Recombination_Map_and_Inferred_Demographies_Scenario_3_ 750 2250 0 0.02 GF_Model_IV
0.0177144027566839 532.929491606232 0.00623431480978993 0.000101857245256212 no_error _Recombination_Map_and_Inferred_Demographies_Scenario_3_ 750 2250 0 0.02 GF_Model_IV
0.0157359320642716 516.58305486361 0.0107547540670586 0.000113356531893106 no_error _Recombination_Map_and_Inferred_Demographies_Scenario_3_ 750 2250 0 0.02 GF_Model_IV
0.0150316470872046 591.451528446717 0.00573441258648632 9.15654521824712e-05 no_error _Recombination_Map_and_Inferred_Demographies_Scenario_3_ 750 2250 0 0.02 GF_Model_IV
0.0179615356097322 548.700083990054 0.00398528621994975 0.000122455323268693 no_error _Recombination_Map_and_Inferred_Demographies_Scenario_3_ 750 2250 0 0.02 GF_Model_IV
0.016937232409742 577.943896373662 0.00435044459336646 0.000102918956987728 no_error _Recombination_Map_and_Inferred_Demographies_Scenario_3_ 750 2250 0 0.02 GF_Model_IV
0.0165400105887507 521.275598571696 0.00788361670037089 0.000102817575964748 no_error _Recombination_Map_and_Inferred_Demographies_Scenario_3_ 750 2250 0 0.02 GF_Model_IV
0.0172088910654876 526.467995014828 0.00533891732571578 0.000115363401938918 no_error _Recombination_Map_and_Inferred_Demographies_Scenario_3_ 750 2250 0 0.02 GF_Model_IV
0.0171025254566156 575.595356586608 0.00166257558345323 0.000101624111866827 no_error _Recombination_Map_and_Inferred_Demographies_Scenario_3_ 750 2250 0 0.02 GF_Model_IV
0.0179726464738502 546.536301483449 0.00151556457530569 0.000113817726185102 no_error _Recombination_Map_and_Inferred_Demographies_Scenario_3_ 750 2250 0 0.02 GF_Model_IV
0.0191067826171665 520.885732487429 0.00733920104016976 8.8421707349864e-05 no_error _Recombination_Map_and_Inferred_Demographies_Scenario_3_ 750 2250 0 0.02 GF_Model_IV
0.0162265900864225 524.16638174087 0.00197948969827847 0.000105825768054792 no_error _Recombination_Map_and_Inferred_Demographies_Scenario_3_ 750 2250 0 0.02 GF_Model_IV
0.01905029062826 547.329648598625 0.00423289303091277 7.44278573225179e-05 no_error _Recombination_Map_and_Inferred_Demographies_Scenario_3_ 750 2250 0 0.02 GF_Model_IV
0.0160612981371233 547.007208115145 0.00276826681833909 8.79748939146003e-05 no_error _Recombination_Map_and_Inferred_Demographies_Scenario_3_ 750 2250 0 0.02 GF_Model_IV
0.0154944974012056 510.972357580298 0.00821381742136812 0.000107014717272205 no_error _Recombination_Map_and_Inferred_Demographies_Scenario_3_ 750 2250 0 0.02 GF_Model_IV
0.0150360333794868 489.851490860432 0.0245364840369362 6.85237272914165e-05 no_error _Recombination_Map_and_Inferred_Demographies_Scenario_3_ 750 2250 0 0.02 GF_Model_IV
0.0174240383836069 561.197861556967 0.00489151214442704 9.85299825556026e-05 no_error _Recombination_Map_and_Inferred_Demographies_Scenario_3_ 750 2250 0 0.02 GF_Model_IV
0.0168922079198111 525.36485266933 0.00387564496936715 0.00012124652824107 no_error _Recombination_Map_and_Inferred_Demographies_Scenario_3_ 750 2250 0 0.02 GF_Model_IV
0.0160789487558097 509.653384238251 0.00857062549154883 9.87486024519685e-05 no_error _Recombination_Map_and_Inferred_Demographies_Scenario_3_ 750 2250 0 0.02 GF_Model_IV
0.0158903546279767 554.848117008169 0.00334334897441792 8.14654965724494e-05 no_error _Recombination_Map_and_Inferred_Demographies_Scenario_3_ 750 2250 0 0.02 GF_Model_IV
0.0142058993050561 422.643039417946 0.0304351955518725 0.000104107398669502 no_error _Recombination_Map_and_Inferred_Demographies_Scenario_3_ 750 2250 0 0.02 GF_Model_IV
0.0175442244957192 519.994552204519 0.00726493478254092 8.86374401386675e-05 no_error _Recombination_Map_and_Inferred_Demographies_Scenario_3_ 750 2250 0 0.02 GF_Model_IV
0.0181801810876591 573.427166375781 0.00104625798625018 8.80070138256264e-05 no_error _Recombination_Map_and_Inferred_Demographies_Scenario_3_ 750 2250 0 0.02 GF_Model_IV
0.0160409070819639 557.056315389763 0.00278038128570813 0.000113357140123628 no_error _Recombination_Map_and_Inferred_Demographies_Scenario_3_ 750 2250 0 0.02 GF_Model_IV
0.0185685100968182 513.540552756582 0.00555748510330265 8.57657230215099e-05 no_error _Recombination_Map_and_Inferred_Demographies_Scenario_3_ 750 2250 0 0.02 GF_Model_IV
0.0162510972904955 470.79656888205 0.0162044728780876 5.61449659947204e-05 no_error _Recombination_Map_and_Inferred_Demographies_Scenario_3_ 750 2250 0 0.02 GF_Model_IV
0.014546460926244 527.374499885354 0.00366748109147805 8.29742806823105e-05 no_error _Recombination_Map_and_Inferred_Demographies_Scenario_3_ 750 2250 0 0.02 GF_Model_IV
0.0151044151005876 506.710587291007 0.00681821167234467 7.91432103973787e-05 no_error _Recombination_Map_and_Inferred_Demographies_Scenario_3_ 750 2250 0 0.02 GF_Model_IV
0.0149643545424107 468.312631009787 0.00424040562732448 7.64297778762988e-05 no_error _Recombination_Map_and_Inferred_Demographies_Scenario_3_ 750 2250 0 0.02 GF_Model_IV
0.0174927747663245 539.583720812792 0.00357624256714441 8.12798097796446e-05 no_error _Recombination_Map_and_Inferred_Demographies_Scenario_3_ 750 2250 0 0.02 GF_Model_IV
0.0168278644185607 446.141063679056 0.00653065200663894 0.000142345900668889 no_error _Recombination_Map_and_Inferred_Demographies_Scenario_3_ 750 2250 0 0.02 GF_Model_IV
0.0177451686029788 564.579142952125 0.00359865368339329 9.73878048464598e-05 no_error _Recombination_Map_and_Inferred_Demographies_Scenario_3_ 750 2250 0 0.02 GF_Model_IV
0.0162124783336566 515.058867257115 0.0176834497089474 9.91330503427975e-05 no_error _Recombination_Map_and_Inferred_Demographies_Scenario_3_ 750 2250 0 0.02 GF_Model_IV
0.0167792470250106 453.791789656843 0.0048736107792383 0.000102000677292709 no_error _Recombination_Map_and_Inferred_Demographies_Scenario_3_ 750 2250 0 0.02 GF_Model_IV
0.015171664658793 545.498949803259 0.00459507395587629 8.52430098669893e-05 no_error _Recombination_Map_and_Inferred_Demographies_Scenario_3_ 750 2250 0 0.02 GF_Model_IV
0.0180162878116193 538.787963607965 0.00308088888619718 0.000102019200951499 no_error _Recombination_Map_and_Inferred_Demographies_Scenario_3_ 750 2250 0 0.02 GF_Model_IV
0.0168022483526578 580.401501981378 0.00189204286570289 0.000123464891285028 no_error _Recombination_Map_and_Inferred_Demographies_Scenario_3_ 750 2250 0 0.02 GF_Model_IV
0.0145198754372722 560.052350388681 0.00303749769579426 5.48091804628631e-05 no_error _Recombination_Map_and_Inferred_Demographies_Scenario_3_ 750 2250 0 0.02 GF_Model_IV
0.0151711211805885 537.858882650712 0.00971425189582763 0.000128413586597365 no_error _Recombination_Map_and_Inferred_Demographies_Scenario_3_ 750 2250 0 0.02 GF_Model_IV
0.0165925299792192 497.321257103802 0.00469869855693122 0.000102321751105422 no_error _Recombination_Map_and_Inferred_Demographies_Scenario_3_ 750 2250 0 0.02 GF_Model_IV
0.0161034997297487 401.750700230922 0.0089377218273911 0.000136972633353005 no_error _Recombination_Map_and_Inferred_Demographies_Scenario_3_ 750 2250 0 0.02 GF_Model_IV
0.0145200899995016 346.371965738299 0.0344996840324738 8.4033556679554e-05 no_error _Recombination_Map_and_Inferred_Demographies_Scenario_3_ 750 2250 0 0.02 GF_Model_IV
0.0170062554069912 509.476502690772 0.00638601142653397 9.17224877908024e-05 no_error _Recombination_Map_and_Inferred_Demographies_Scenario_3_ 750 2250 0 0.02 GF_Model_IV
0.0146198962232755 459.072221177359 0.00725842352644283 9.51988561915039e-05 no_error _Recombination_Map_and_Inferred_Demographies_Scenario_3_ 750 2250 0 0.02 GF_Model_IV
0.0146480788419562 473.395443392885 0.019595520170915 9.8150235857651e-05 no_error _Recombination_Map_and_Inferred_Demographies_Scenario_3_ 750 2250 0 0.02 GF_Model_IV
0.0168215915806986 524.700887925203 0.00414222160698111 0.00010824349813922 no_error _Recombination_Map_and_Inferred_Demographies_Scenario_3_ 750 2250 0 0.02 GF_Model_IV
0.0143168728903717 553.643889626367 0.00448073529076358 9.33132968601769e-05 no_error _Recombination_Map_and_Inferred_Demographies_Scenario_3_ 750 2250 0 0.02 GF_Model_IV
0.0161169264424725 585.358493102609 0.00235487397134552 0.00010944775977363 no_error _Recombination_Map_and_Inferred_Demographies_Scenario_3_ 750 2250 0 0.02 GF_Model_IV
0.0174652413278328 562.773901910221 0.00211035306651469 7.94763792595832e-05 no_error _Recombination_Map_and_Inferred_Demographies_Scenario_3_ 750 2250 0 0.02 GF_Model_IV
0.0150108481144467 426.476674296805 0.0143946987220115 0.0001508361974734 no_error _Recombination_Map_and_Inferred_Demographies_Scenario_3_ 750 2250 0 0.02 GF_Model_IV
0.0166471462220183 565.690348446206 0.00990371819242845 7.7131572325666e-05 no_error _Recombination_Map_and_Inferred_Demographies_Scenario_3_ 750 2250 0 0.02 GF_Model_IV
0.0143950611831051 448.97145191811 0.025030316060394 9.09637344255866e-05 no_error _Recombination_Map_and_Inferred_Demographies_Scenario_3_ 750 2250 0 0.02 GF_Model_IV
0.016010244734828 586.816815325106 0.00115594105391209 7.91577574618451e-05 no_error _Recombination_Map_and_Inferred_Demographies_Scenario_3_ 750 2250 0 0.02 GF_Model_IV
0.0133584862277933 448.822025946577 0.0207582897661077 0.000131412801680482 no_error _Recombination_Map_and_Inferred_Demographies_Scenario_3_ 750 2250 0 0.02 GF_Model_IV
0.0181816322895513 569.980758200874 0.002141551978867 8.74250824730408e-05 no_error _Recombination_Map_and_Inferred_Demographies_Scenario_3_ 750 2250 0 0.02 GF_Model_IV
0.0149615929910507 539.986023492703 0.00402880164584671 9.43155536875395e-05 no_error _Recombination_Map_and_Inferred_Demographies_Scenario_3_ 750 2250 0 0.02 GF_Model_IV
0.0153809002144917 501.812108166728 0.00792816708031394 0.000103121874301498 no_error _Recombination_Map_and_Inferred_Demographies_Scenario_3_ 750 2250 0 0.02 GF_Model_IV
0.0182783272308475 542.895939056336 0.00350622001946352 9.32852309962895e-05 no_error _Recombination_Map_and_Inferred_Demographies_Scenario_3_ 750 2250 0 0.02 GF_Model_IV
0.0148138682353482 478.514935565078 0.0134048962492308 8.5623609995523e-05 no_error _Recombination_Map_and_Inferred_Demographies_Scenario_3_ 750 2250 0 0.02 GF_Model_IV
0.019590391257379 549.799540032533 0.00271545929907198 0.000123787211964774 no_error _Recombination_Map_and_Inferred_Demographies_Scenario_3_ 750 2250 0 0.02 GF_Model_IV
0.0169854854562023 591.01217981374 0.00372513077570711 0.000105241768084897 no_error _Recombination_Map_and_Inferred_Demographies_Scenario_3_ 750 2250 0 0.02 GF_Model_IV
0.0172885461832713 598.372238414643 0.00154065922305441 8.49641457721424e-05 no_error _Recombination_Map_and_Inferred_Demographies_Scenario_3_ 750 2250 0 0.02 GF_Model_IV
0.0168563680288787 566.082224092513 0.00695061442780819 0.000100878422927639 no_error _Recombination_Map_and_Inferred_Demographies_Scenario_3_ 750 2250 0 0.02 GF_Model_IV
0.0178832371848144 575.023283142436 0.00278271498047034 7.21055841287769e-05 no_error _Recombination_Map_and_Inferred_Demographies_Scenario_3_ 750 2250 0 0.02 GF_Model_IV
0.0159701670925555 535.436278301012 0.00284236440413569 7.16029621825564e-05 no_error _Recombination_Map_and_Inferred_Demographies_Scenario_3_ 750 2250 0 0.02 GF_Model_IV
0.0126922082338127 453.828700303269 0.0207143844525114 0.00010537069253898 no_error _Recombination_Map_and_Inferred_Demographies_Scenario_3_ 750 2250 0 0.02 GF_Model_IV
0.0160728448324132 474.420320659507 0.00774877042593305 0.000134563201633645 no_error _Recombination_Map_and_Inferred_Demographies_Scenario_3_ 750 2250 0 0.02 GF_Model_IV
0.0166400302587851 511.587010925894 0.00568749955425082 0.000122351437105354 no_error _Recombination_Map_and_Inferred_Demographies_Scenario_3_ 750 2250 0 0.02 GF_Model_IV
0.0126340737782509 462.805312434985 0.0456893597818584 8.95539234527341e-05 no_error _Recombination_Map_and_Inferred_Demographies_Scenario_3_ 750 2250 0 0.02 GF_Model_IV
0.0180411027292471 543.86049212731 0.00295518767709658 0.000106756929617339 no_error _Recombination_Map_and_Inferred_Demographies_Scenario_3_ 750 2250 0 0.02 GF_Model_IV
0.0155412749140913 504.559926633981 0.0024781032833435 8.14290838190135e-05 no_error _Recombination_Map_and_Inferred_Demographies_Scenario_3_ 750 2250 0 0.02 GF_Model_IV
0.0170452309716922 572.094471052823 0.00122007689441928 9.43966539490917e-05 no_error _Recombination_Map_and_Inferred_Demographies_Scenario_3_ 750 2250 0 0.02 GF_Model_IV
0.0133432344392303 430.056709765103 0.045283586099438 0.000112229597023294 no_error _Recombination_Map_and_Inferred_Demographies_Scenario_3_ 750 2250 0 0.02 GF_Model_IV
0.0156796438565114 531.039020533609 0.00211035255148856 9.47969106964302e-05 no_error _Recombination_Map_and_Inferred_Demographies_Scenario_3_ 750 2250 0 0.02 GF_Model_IV
0.0158558778789823 524.717678766618 0.0113468068124077 0.000114605368352475 no_error _Recombination_Map_and_Inferred_Demographies_Scenario_3_ 750 2250 0 0.02 GF_Model_IV
0.0149002014084591 548.527177849352 0.00309245857584438 8.66285859952404e-05 no_error _Recombination_Map_and_Inferred_Demographies_Scenario_3_ 750 2250 0 0.02 GF_Model_IV
0.0175305657894475 560.499839314284 0.00454044535997437 8.55727782667244e-05 no_error _Recombination_Map_and_Inferred_Demographies_Scenario_3_ 750 2250 0 0.02 GF_Model_IV
0.0174162735260104 526.69086951416 0.0022929501971947 7.11756024465514e-05 no_error _Recombination_Map_and_Inferred_Demographies_Scenario_3_ 750 2250 0 0.02 GF_Model_IV
0.0155992529704865 589.842524127438 0.00211154282319918 6.34620057123338e-05 no_error _Recombination_Map_and_Inferred_Demographies_Scenario_3_ 750 2250 0 0.02 GF_Model_IV
0.0172555429599546 558.042204633862 0.00354076872274281 0.000114467283490276 no_error _Recombination_Map_and_Inferred_Demographies_Scenario_3_ 750 2250 0 0.02 GF_Model_IV
0.0155641310670321 540.880135540777 0.00252469648989388 8.54801415916514e-05 no_error _Recombination_Map_and_Inferred_Demographies_Scenario_3_ 750 2250 0 0.02 GF_Model_IV
0.0157031621569482 494.462831852022 0.00359835816796372 8.10252615040591e-05 no_error _Recombination_Map_and_Inferred_Demographies_Scenario_3_ 750 2250 0 0.02 GF_Model_IV
0.0152439554547805 519.538115719537 0.00234655485105226 8.41694769782388e-05 no_error _Recombination_Map_and_Inferred_Demographies_Scenario_3_ 750 2250 0 0.02 GF_Model_IV
0.0169428166453802 485.108425410416 0.0166015470868962 0.000100939722947258 no_error _Recombination_Map_and_Inferred_Demographies_Scenario_3_ 750 2250 0 0.02 GF_Model_IV
0.0178395879349533 519.208786384516 0.00351932427308034 9.52225421211338e-05 no_error _Recombination_Map_and_Inferred_Demographies_Scenario_3_ 750 2250 0 0.02 GF_Model_IV
0.0163625201253988 536.500705706115 0.00456812003277263 0.000112252940558715 no_error _Recombination_Map_and_Inferred_Demographies_Scenario_3_ 750 2250 0 0.02 GF_Model_IV
0.0178472964818196 595.921719680604 0.00321772524691087 7.01323738640356e-05 no_error _Recombination_Map_and_Inferred_Demographies_Scenario_3_ 750 2250 0 0.02 GF_Model_IV
0.0171966938641765 525.2981760117 0.00668024657340554 8.23642381200316e-05 no_error _Recombination_Map_and_Inferred_Demographies_Scenario_3_ 750 2250 0 0.02 GF_Model_IV
0.0150809324162917 536.370597734308 0.00318383328739135 0.000103152540682639 no_error _Recombination_Map_and_Inferred_Demographies_Scenario_3_ 750 2250 0 0.02 GF_Model_IV
0.0151911378555185 559.362219002928 0.0098791485312208 0.000101340897399487 no_error _Recombination_Map_and_Inferred_Demographies_Scenario_3_ 750 2250 0 0.02 GF_Model_IV
0.0166155818350656 558.315591988886 0.00257829816599339 0.000107544969333259 no_error _Recombination_Map_and_Inferred_Demographies_Scenario_3_ 750 2250 0 0.02 GF_Model_IV
0.0177832216946316 557.125644069383 0.00237795784143879 0.00012267906779155 no_error _Recombination_Map_and_Inferred_Demographies_Scenario_3_ 750 2250 0 0.02 GF_Model_IV
0.0171868048115513 548.516201891211 0.00339735133908769 9.93081884127127e-05 no_error _Recombination_Map_and_Inferred_Demographies_Scenario_3_ 750 2250 0 0.02 GF_Model_IV
0.0910906996798495 460.946028356804 0.0569026067145632 0.00204078410132887 no_error _Recombination_Map_and_Inferred_Demographies_Scenario_4_ 750 2250 1 0.02 GF_Model_IV
0.130637225113079 342.788388472472 0.0587647082963716 0.00254157185975707 no_error _Recombination_Map_and_Inferred_Demographies_Scenario_4_ 750 2250 1 0.02 GF_Model_IV
0.10890124761716 469.854845835567 0.0622026377473713 0.00155195103418191 no_error _Recombination_Map_and_Inferred_Demographies_Scenario_4_ 750 2250 1 0.02 GF_Model_IV
0.164703596585338 349.323136282411 0.00876354211457339 0.00178712783218786 no_error _Recombination_Map_and_Inferred_Demographies_Scenario_4_ 750 2250 1 0.02 GF_Model_IV
0.12413987379271 430.99081751378 0.050293199199035 0.00181946870620288 no_error _Recombination_Map_and_Inferred_Demographies_Scenario_4_ 750 2250 1 0.02 GF_Model_IV
0.106715512548456 456.496082725556 0.0708531608604355 0.00169936009137489 no_error _Recombination_Map_and_Inferred_Demographies_Scenario_4_ 750 2250 1 0.02 GF_Model_IV
0.116420084838967 413.718479137126 0.0775220409434032 0.00167101573397096 no_error _Recombination_Map_and_Inferred_Demographies_Scenario_4_ 750 2250 1 0.02 GF_Model_IV
0.140799175186372 403.000345834284 0.0547989285648892 0.00214998636902453 no_error _Recombination_Map_and_Inferred_Demographies_Scenario_4_ 750 2250 1 0.02 GF_Model_IV
0.0665633026282103 593.301429451888 0.092912624689859 0.000692963714785847 no_error _Recombination_Map_and_Inferred_Demographies_Scenario_4_ 750 2250 1 0.02 GF_Model_IV
0.162950019536897 382.964226071716 0.0205761522309157 0.00144606361189923 no_error _Recombination_Map_and_Inferred_Demographies_Scenario_4_ 750 2250 1 0.02 GF_Model_IV
0.126211086572214 384.108220986438 0.0392773025949794 0.00223620270713876 no_error _Recombination_Map_and_Inferred_Demographies_Scenario_4_ 750 2250 1 0.02 GF_Model_IV
0.109891175419441 431.745163121471 0.0662206522735187 0.00195676458693578 no_error _Recombination_Map_and_Inferred_Demographies_Scenario_4_ 750 2250 1 0.02 GF_Model_IV
0.0481586123607819 577.848074640489 0.150851575315163 0.000606670182679613 no_error _Recombination_Map_and_Inferred_Demographies_Scenario_4_ 750 2250 1 0.02 GF_Model_IV
0.141220989135112 394.343213246327 0.0351649399300876 0.00171630788370917 no_error _Recombination_Map_and_Inferred_Demographies_Scenario_4_ 750 2250 1 0.02 GF_Model_IV
0.100161792851538 474.266720928904 0.08726128671492 0.0016499937531546 no_error _Recombination_Map_and_Inferred_Demographies_Scenario_4_ 750 2250 1 0.02 GF_Model_IV
0.0512138013293981 565.870650350289 0.153346912740134 0.00102282324985202 no_error _Recombination_Map_and_Inferred_Demographies_Scenario_4_ 750 2250 1 0.02 GF_Model_IV
0.138638350954769 397.711789269784 0.0362164062514438 0.000970559668817352 no_error _Recombination_Map_and_Inferred_Demographies_Scenario_4_ 750 2250 1 0.02 GF_Model_IV
0.0986277511273777 458.578583089567 0.0914434612248703 0.00114509406149988 no_error _Recombination_Map_and_Inferred_Demographies_Scenario_4_ 750 2250 1 0.02 GF_Model_IV
0.142626239357727 368.272898382701 0.0331978087379211 0.00132592850755861 no_error _Recombination_Map_and_Inferred_Demographies_Scenario_4_ 750 2250 1 0.02 GF_Model_IV
0.11591830003351 426.805979450552 0.0668347124018762 0.0018611745699722 no_error _Recombination_Map_and_Inferred_Demographies_Scenario_4_ 750 2250 1 0.02 GF_Model_IV
0.0579874249262458 518.935178533226 0.162457396304952 0.00098104965897939 no_error _Recombination_Map_and_Inferred_Demographies_Scenario_4_ 750 2250 1 0.02 GF_Model_IV
0.123080255820826 468.733074139697 0.0721064815843273 0.00187353540904532 no_error _Recombination_Map_and_Inferred_Demographies_Scenario_4_ 750 2250 1 0.02 GF_Model_IV
0.137540962024565 428.052801724118 0.0411707439200182 0.00117053186063114 no_error _Recombination_Map_and_Inferred_Demographies_Scenario_4_ 750 2250 1 0.02 GF_Model_IV
0.106779496260234 440.829973148985 0.0955500984567268 0.00202422935955452 no_error _Recombination_Map_and_Inferred_Demographies_Scenario_4_ 750 2250 1 0.02 GF_Model_IV
0.107545428079036 438.900869920718 0.0761316969371971 0.0018716243923983 no_error _Recombination_Map_and_Inferred_Demographies_Scenario_4_ 750 2250 1 0.02 GF_Model_IV
0.133227588909663 401.088468602415 0.0366887779627513 0.00113054518042773 no_error _Recombination_Map_and_Inferred_Demographies_Scenario_4_ 750 2250 1 0.02 GF_Model_IV
0.119569093365929 438.3227285523 0.0701951876758858 0.00147993817737165 no_error _Recombination_Map_and_Inferred_Demographies_Scenario_4_ 750 2250 1 0.02 GF_Model_IV
0.116081575586098 428.524355107046 0.0502657171389753 0.00148375984381076 no_error _Recombination_Map_and_Inferred_Demographies_Scenario_4_ 750 2250 1 0.02 GF_Model_IV
0.135459269958116 387.69914170335 0.0519891580075167 0.00191579178639668 no_error _Recombination_Map_and_Inferred_Demographies_Scenario_4_ 750 2250 1 0.02 GF_Model_IV
0.102059423614696 479.069652957967 0.0795132939117614 0.00155212959562716 no_error _Recombination_Map_and_Inferred_Demographies_Scenario_4_ 750 2250 1 0.02 GF_Model_IV
0.144157517567806 385.500366921677 0.02709163245327 0.00135101899763087 no_error _Recombination_Map_and_Inferred_Demographies_Scenario_4_ 750 2250 1 0.02 GF_Model_IV
0.130981236505101 366.7455974602 0.0434340245248981 0.00170770815934126 no_error _Recombination_Map_and_Inferred_Demographies_Scenario_4_ 750 2250 1 0.02 GF_Model_IV
0.11406558543238 394.628041136897 0.0574480771939453 0.00208410063595245 no_error _Recombination_Map_and_Inferred_Demographies_Scenario_4_ 750 2250 1 0.02 GF_Model_IV
0.136281265198404 416.17877084345 0.0487045866822678 0.00170466052937278 no_error _Recombination_Map_and_Inferred_Demographies_Scenario_4_ 750 2250 1 0.02 GF_Model_IV
0.119480336416174 448.209655390895 0.0268491380908089 0.00148288166199128 no_error _Recombination_Map_and_Inferred_Demographies_Scenario_4_ 750 2250 1 0.02 GF_Model_IV
0.135812647831841 418.002619224102 0.0413556955070198 0.00167696866323857 no_error _Recombination_Map_and_Inferred_Demographies_Scenario_4_ 750 2250 1 0.02 GF_Model_IV
0.104740674142509 424.776780444852 0.0457731896168027 0.00212132672329086 no_error _Recombination_Map_and_Inferred_Demographies_Scenario_4_ 750 2250 1 0.02 GF_Model_IV
0.0894847833100154 439.863390347065 0.0680654734913449 0.0019248200083108 no_error _Recombination_Map_and_Inferred_Demographies_Scenario_4_ 750 2250 1 0.02 GF_Model_IV
0.100410097322989 497.271923508206 0.0915857346231086 0.00145031269301677 no_error _Recombination_Map_and_Inferred_Demographies_Scenario_4_ 750 2250 1 0.02 GF_Model_IV
0.150807602143466 361.632311648542 0.0272021207478879 0.00222719326016084 no_error _Recombination_Map_and_Inferred_Demographies_Scenario_4_ 750 2250 1 0.02 GF_Model_IV
0.0712330785218905 471.885312514481 0.120790304115709 0.000917828098530352 no_error _Recombination_Map_and_Inferred_Demographies_Scenario_4_ 750 2250 1 0.02 GF_Model_IV
0.0983395299683854 455.840373517031 0.103279718858503 0.00169510199359512 no_error _Recombination_Map_and_Inferred_Demographies_Scenario_4_ 750 2250 1 0.02 GF_Model_IV
0.131151768112734 404.784099894204 0.0483237618268945 0.00153651586249877 no_error _Recombination_Map_and_Inferred_Demographies_Scenario_4_ 750 2250 1 0.02 GF_Model_IV
0.140358755527214 315.035962084156 0.0513805210547307 0.00208524027192926 no_error _Recombination_Map_and_Inferred_Demographies_Scenario_4_ 750 2250 1 0.02 GF_Model_IV
0.118173693577283 393.551054374845 0.0554866445815161 0.00218558280066921 no_error _Recombination_Map_and_Inferred_Demographies_Scenario_4_ 750 2250 1 0.02 GF_Model_IV
0.118366149246259 346.486525430983 0.0459611379330522 0.00231212338948483 no_error _Recombination_Map_and_Inferred_Demographies_Scenario_4_ 750 2250 1 0.02 GF_Model_IV
0.0961641255215452 395.692082648997 0.104153392547603 0.00289823796970857 no_error _Recombination_Map_and_Inferred_Demographies_Scenario_4_ 750 2250 1 0.02 GF_Model_IV
0.0780679106967133 495.580187140657 0.0766489792232918 0.000864086802446368 no_error _Recombination_Map_and_Inferred_Demographies_Scenario_4_ 750 2250 1 0.02 GF_Model_IV
0.0909683246148292 475.302677388094 0.0503911905700203 0.0010521438638586 no_error _Recombination_Map_and_Inferred_Demographies_Scenario_4_ 750 2250 1 0.02 GF_Model_IV
0.114286769465987 441.591601859486 0.0816172592919089 0.00212903988097635 no_error _Recombination_Map_and_Inferred_Demographies_Scenario_4_ 750 2250 1 0.02 GF_Model_IV
0.128166193388303 368.612662556538 0.0432551678269847 0.00268149457183126 no_error _Recombination_Map_and_Inferred_Demographies_Scenario_4_ 750 2250 1 0.02 GF_Model_IV
0.115097261811868 428.344635877707 0.0606864275892041 0.00194326095393197 no_error _Recombination_Map_and_Inferred_Demographies_Scenario_4_ 750 2250 1 0.02 GF_Model_IV
0.0931503965509128 481.33288875286 0.0791578435428935 0.00113398229365083 no_error _Recombination_Map_and_Inferred_Demographies_Scenario_4_ 750 2250 1 0.02 GF_Model_IV
0.0479171316891654 680.515654199075 0.190366343814668 0.00221901528156413 no_error _Recombination_Map_and_Inferred_Demographies_Scenario_4_ 750 2250 1 0.02 GF_Model_IV
0.114936488458193 434.706025740172 0.0652776815897887 0.00245590440368809 no_error _Recombination_Map_and_Inferred_Demographies_Scenario_4_ 750 2250 1 0.02 GF_Model_IV
0.121355835219434 428.814954920045 0.0479678520018971 0.00324017924043582 no_error _Recombination_Map_and_Inferred_Demographies_Scenario_4_ 750 2250 1 0.02 GF_Model_IV
0.0686184044323706 538.832888682724 0.0956675287877766 0.00146682935678037 no_error _Recombination_Map_and_Inferred_Demographies_Scenario_4_ 750 2250 1 0.02 GF_Model_IV
0.112823017612069 400.911301837511 0.0408175658698622 0.00159099130149404 no_error _Recombination_Map_and_Inferred_Demographies_Scenario_4_ 750 2250 1 0.02 GF_Model_IV
0.0695924172007673 513.119845466485 0.109966433271017 0.00129657860523393 no_error _Recombination_Map_and_Inferred_Demographies_Scenario_4_ 750 2250 1 0.02 GF_Model_IV
0.122373319697542 364.880059089381 0.0474380144837577 0.0020492551837502 no_error _Recombination_Map_and_Inferred_Demographies_Scenario_4_ 750 2250 1 0.02 GF_Model_IV
0.145345983231017 416.410924910265 0.0389601884101571 0.00092068485743845 no_error _Recombination_Map_and_Inferred_Demographies_Scenario_4_ 750 2250 1 0.02 GF_Model_IV
0.149486640197183 364.549410798195 0.0293926318123484 0.00267397909340557 no_error _Recombination_Map_and_Inferred_Demographies_Scenario_4_ 750 2250 1 0.02 GF_Model_IV
0.0780456887988673 514.456575227529 0.104013863697362 0.00132476909048449 no_error _Recombination_Map_and_Inferred_Demographies_Scenario_4_ 750 2250 1 0.02 GF_Model_IV
0.142491379804104 374.037741345931 0.0205168464757733 0.00187862637074135 no_error _Recombination_Map_and_Inferred_Demographies_Scenario_4_ 750 2250 1 0.02 GF_Model_IV
0.108514408727562 409.362746527971 0.0698390028079412 0.00146682411083666 no_error _Recombination_Map_and_Inferred_Demographies_Scenario_4_ 750 2250 1 0.02 GF_Model_IV
0.136625448381921 423.116702174957 0.0229071948335965 0.0018114757912945 no_error _Recombination_Map_and_Inferred_Demographies_Scenario_4_ 750 2250 1 0.02 GF_Model_IV
0.122553726816718 394.363922644223 0.0590370324898197 0.00287080621228463 no_error _Recombination_Map_and_Inferred_Demographies_Scenario_4_ 750 2250 1 0.02 GF_Model_IV
0.0957070298437784 522.748165169708 0.0468531862420407 0.00163721183933084 no_error _Recombination_Map_and_Inferred_Demographies_Scenario_4_ 750 2250 1 0.02 GF_Model_IV
0.119116119125052 418.119466293932 0.0715467759004503 0.00137616350437055 no_error _Recombination_Map_and_Inferred_Demographies_Scenario_4_ 750 2250 1 0.02 GF_Model_IV
0.135102731181403 387.498696775058 0.0363837108564891 0.00316103274557814 no_error _Recombination_Map_and_Inferred_Demographies_Scenario_4_ 750 2250 1 0.02 GF_Model_IV
0.111363307493928 442.435421688867 0.0875145610476726 0.00132757427422454 no_error _Recombination_Map_and_Inferred_Demographies_Scenario_4_ 750 2250 1 0.02 GF_Model_IV
0.0776581096291664 476.626112219259 0.0971437138410723 0.000782733032652685 no_error _Recombination_Map_and_Inferred_Demographies_Scenario_4_ 750 2250 1 0.02 GF_Model_IV
0.0993021662465799 481.172661652149 0.120346837792041 0.00321280613412348 no_error _Recombination_Map_and_Inferred_Demographies_Scenario_4_ 750 2250 1 0.02 GF_Model_IV
0.118574523748441 417.60076388175 0.0389602424687149 0.0017689259915007 no_error _Recombination_Map_and_Inferred_Demographies_Scenario_4_ 750 2250 1 0.02 GF_Model_IV
0.13202009761888 431.458413205567 0.032728282600942 0.00191604276975846 no_error _Recombination_Map_and_Inferred_Demographies_Scenario_4_ 750 2250 1 0.02 GF_Model_IV
0.148735005231144 397.374776805062 0.0421508327296545 0.00120213334072459 no_error _Recombination_Map_and_Inferred_Demographies_Scenario_4_ 750 2250 1 0.02 GF_Model_IV
0.081217089368183 496.646587468563 0.101903780527299 0.000831059134670701 no_error _Recombination_Map_and_Inferred_Demographies_Scenario_4_ 750 2250 1 0.02 GF_Model_IV
0.123288816585134 439.840187288834 0.0445340979604983 0.0030673221965603 no_error _Recombination_Map_and_Inferred_Demographies_Scenario_4_ 750 2250 1 0.02 GF_Model_IV
0.109786648927917 422.166799786026 0.0591826227931638 0.00114644921572172 no_error _Recombination_Map_and_Inferred_Demographies_Scenario_4_ 750 2250 1 0.02 GF_Model_IV
0.121220805922337 455.476289765196 0.0634882972306108 0.00146341762838278 no_error _Recombination_Map_and_Inferred_Demographies_Scenario_4_ 750 2250 1 0.02 GF_Model_IV
0.12360573573203 409.776975680586 0.0608994409749276 0.00196665200451307 no_error _Recombination_Map_and_Inferred_Demographies_Scenario_4_ 750 2250 1 0.02 GF_Model_IV
0.121944327452434 400.75594298044 0.0607637763893634 0.00164015319782507 no_error _Recombination_Map_and_Inferred_Demographies_Scenario_4_ 750 2250 1 0.02 GF_Model_IV
0.126576559062708 395.757710320011 0.0437551632453665 0.00161666863656916 no_error _Recombination_Map_and_Inferred_Demographies_Scenario_4_ 750 2250 1 0.02 GF_Model_IV
0.115796817493954 417.182278582064 0.0649486857392324 0.000966907885839476 no_error _Recombination_Map_and_Inferred_Demographies_Scenario_4_ 750 2250 1 0.02 GF_Model_IV
0.116743204522283 429.084281112056 0.0565404471931097 0.00135297142114088 no_error _Recombination_Map_and_Inferred_Demographies_Scenario_4_ 750 2250 1 0.02 GF_Model_IV
0.133448172658266 382.98824297203 0.0722005693749097 0.00170320680015524 no_error _Recombination_Map_and_Inferred_Demographies_Scenario_4_ 750 2250 1 0.02 GF_Model_IV
0.158647066068839 399.235316377484 0.0217214321246913 0.00246413343508789 no_error _Recombination_Map_and_Inferred_Demographies_Scenario_4_ 750 2250 1 0.02 GF_Model_IV
0.043697750299459 562.578669127541 0.162321766278546 0.00080935357872742 no_error _Recombination_Map_and_Inferred_Demographies_Scenario_4_ 750 2250 1 0.02 GF_Model_IV
0.0793971308870441 547.378640626357 0.100411778599714 0.00147783908216027 no_error _Recombination_Map_and_Inferred_Demographies_Scenario_4_ 750 2250 1 0.02 GF_Model_IV
0.0764416915677231 510.122979776058 0.151809590216664 0.00382552644112947 no_error _Recombination_Map_and_Inferred_Demographies_Scenario_4_ 750 2250 1 0.02 GF_Model_IV
0.106742478844288 506.18918168371 0.0518457050821952 0.00197348332083434 no_error _Recombination_Map_and_Inferred_Demographies_Scenario_4_ 750 2250 1 0.02 GF_Model_IV
0.126351107288304 395.333904839645 0.036065582718731 0.00153590586300526 no_error _Recombination_Map_and_Inferred_Demographies_Scenario_4_ 750 2250 1 0.02 GF_Model_IV
0.118522910277844 416.621773023022 0.0626943641313471 0.00159479860108618 no_error _Recombination_Map_and_Inferred_Demographies_Scenario_4_ 750 2250 1 0.02 GF_Model_IV
0.0570615687578674 521.85249322738 0.125325741290184 0.00087645701143226 no_error _Recombination_Map_and_Inferred_Demographies_Scenario_4_ 750 2250 1 0.02 GF_Model_IV
0.10129478782825 401.039256371124 0.106184958482171 0.00220870968175011 no_error _Recombination_Map_and_Inferred_Demographies_Scenario_4_ 750 2250 1 0.02 GF_Model_IV
0.0851245524422338 463.326143519838 0.0823505493433362 0.00141705596487651 no_error _Recombination_Map_and_Inferred_Demographies_Scenario_4_ 750 2250 1 0.02 GF_Model_IV
0.0990624969778933 483.366920773746 0.0805813869016537 0.000972295892773512 no_error _Recombination_Map_and_Inferred_Demographies_Scenario_4_ 750 2250 1 0.02 GF_Model_IV
0.121983865101433 426.429595312359 0.048168435996966 0.00272656279166998 no_error _Recombination_Map_and_Inferred_Demographies_Scenario_4_ 750 2250 1 0.02 GF_Model_IV
0.124755005160653 422.232042171195 0.0510101558420121 0.00228760335207066 no_error _Recombination_Map_and_Inferred_Demographies_Scenario_4_ 750 2250 1 0.02 GF_Model_IV
0.151012376625965 346.239930042613 0.0262167831479776 0.00226357147294792 no_error _Recombination_Map_and_Inferred_Demographies_Scenario_4_ 750 2250 1 0.02 GF_Model_IV
