0.015841406510232 1571.27745360439 -1.17084650763263e-06 6.14027454545256e-07 no_error _Inferred_Demographies_Scenario_1_ 1500 1501 0 0.02 GF_Model_IV
0.0175870053139412 1545.41229769078 2.89341114478576e-06 1.57296340398124e-06 no_error _Inferred_Demographies_Scenario_1_ 1500 1501 0 0.02 GF_Model_IV
0.0168399611409716 1548.91022181213 1.34694245224663e-05 7.45985016121355e-07 no_error _Inferred_Demographies_Scenario_1_ 1500 1501 0 0.02 GF_Model_IV
0.0165899569288405 1545.08493478683 5.70780326181547e-06 9.36309548139491e-07 no_error _Inferred_Demographies_Scenario_1_ 1500 1501 0 0.02 GF_Model_IV
0.017148386543718 1541.57985767252 1.23481847086574e-05 1.06883827286261e-06 no_error _Inferred_Demographies_Scenario_1_ 1500 1501 0 0.02 GF_Model_IV
0.0172042875267623 1529.44666890034 9.39755804755441e-06 1.15036645148624e-06 no_error _Inferred_Demographies_Scenario_1_ 1500 1501 0 0.02 GF_Model_IV
0.0171504722661348 1525.76347603729 -9.99914678646572e-06 9.26009260791497e-07 no_error _Inferred_Demographies_Scenario_1_ 1500 1501 0 0.02 GF_Model_IV
0.0183072393882247 1526.18572458032 1.30156907337335e-05 1.25207955588608e-06 no_error _Inferred_Demographies_Scenario_1_ 1500 1501 0 0.02 GF_Model_IV
0.0184119130679541 1521.08570037199 1.54254037002584e-05 1.12725310586567e-06 no_error _Inferred_Demographies_Scenario_1_ 1500 1501 0 0.02 GF_Model_IV
0.0166263564887835 1536.83943246271 4.04564259069532e-06 9.82459934916889e-07 no_error _Inferred_Demographies_Scenario_1_ 1500 1501 0 0.02 GF_Model_IV
0.0188197350450941 1523.99690174288 -1.86998499544441e-05 8.99412129201756e-07 no_error _Inferred_Demographies_Scenario_1_ 1500 1501 0 0.02 GF_Model_IV
0.0167307781854805 1536.92570443174 3.65129321022871e-06 8.18824890152853e-07 no_error _Inferred_Demographies_Scenario_1_ 1500 1501 0 0.02 GF_Model_IV
0.0185279641670458 1555.50006283289 8.70743343982621e-07 1.07644816315632e-06 no_error _Inferred_Demographies_Scenario_1_ 1500 1501 0 0.02 GF_Model_IV
0.0183018477355794 1552.67578570806 -2.00531210244367e-06 8.5538919233133e-07 no_error _Inferred_Demographies_Scenario_1_ 1500 1501 0 0.02 GF_Model_IV
0.0171845432489067 1567.9399102063 5.29737343388629e-06 8.16517668631864e-07 no_error _Inferred_Demographies_Scenario_1_ 1500 1501 0 0.02 GF_Model_IV
0.0166212547975974 1538.51046411936 6.469620582666e-06 7.96113170320042e-07 no_error _Inferred_Demographies_Scenario_1_ 1500 1501 0 0.02 GF_Model_IV
0.0200748169901048 1544.14885110381 1.48741705144663e-05 9.64241160916534e-07 no_error _Inferred_Demographies_Scenario_1_ 1500 1501 0 0.02 GF_Model_IV
0.0151171038498783 1560.27434948324 7.19726025440068e-06 5.91543598604142e-07 no_error _Inferred_Demographies_Scenario_1_ 1500 1501 0 0.02 GF_Model_IV
0.0170715910578833 1557.76126087758 -6.5155547700726e-06 8.56640529739799e-07 no_error _Inferred_Demographies_Scenario_1_ 1500 1501 0 0.02 GF_Model_IV
0.0172135385526531 1520.51948903619 -1.26617841819633e-05 9.99156587089686e-07 no_error _Inferred_Demographies_Scenario_1_ 1500 1501 0 0.02 GF_Model_IV
0.0167846118979037 1564.0193361269 1.24553110390903e-05 1.03167394906079e-06 no_error _Inferred_Demographies_Scenario_1_ 1500 1501 0 0.02 GF_Model_IV
0.018663469127576 1586.7926668202 8.94000229543926e-06 7.71607422074412e-07 no_error _Inferred_Demographies_Scenario_1_ 1500 1501 0 0.02 GF_Model_IV
0.0172439708954189 1573.72760474373 9.58936596244119e-06 1.02917099816026e-06 no_error _Inferred_Demographies_Scenario_1_ 1500 1501 0 0.02 GF_Model_IV
0.0176603776035001 1539.53570096784 1.42804702712819e-05 1.1530141299739e-06 no_error _Inferred_Demographies_Scenario_1_ 1500 1501 0 0.02 GF_Model_IV
0.015974836290338 1534.34013413348 7.60266254583075e-06 9.49613990839864e-07 no_error _Inferred_Demographies_Scenario_1_ 1500 1501 0 0.02 GF_Model_IV
0.0177720344937399 1534.43571365276 7.01986048145008e-06 1.34310893457774e-06 no_error _Inferred_Demographies_Scenario_1_ 1500 1501 0 0.02 GF_Model_IV
0.0180369197246909 1526.83147701916 7.21485775563664e-06 9.81234919371411e-07 no_error _Inferred_Demographies_Scenario_1_ 1500 1501 0 0.02 GF_Model_IV
0.0168353429443983 1524.86718141627 1.03280570928889e-05 1.17003935611367e-06 no_error _Inferred_Demographies_Scenario_1_ 1500 1501 0 0.02 GF_Model_IV
0.018574188814299 1539.71153186644 8.5213069414939e-06 9.11306442010783e-07 no_error _Inferred_Demographies_Scenario_1_ 1500 1501 0 0.02 GF_Model_IV
0.0158970249917151 1624.45353690934 -2.4516592347708e-06 4.61244204137112e-07 no_error _Inferred_Demographies_Scenario_1_ 1500 1501 0 0.02 GF_Model_IV
0.0173500847742287 1527.58337607217 5.9718474194299e-06 7.48114248033609e-07 no_error _Inferred_Demographies_Scenario_1_ 1500 1501 0 0.02 GF_Model_IV
0.0167883333900525 1553.61987433336 -5.61210183074965e-06 5.79484051904063e-07 no_error _Inferred_Demographies_Scenario_1_ 1500 1501 0 0.02 GF_Model_IV
0.018661611512896 1532.24632593098 9.23168651958615e-07 9.8645604217695e-07 no_error _Inferred_Demographies_Scenario_1_ 1500 1501 0 0.02 GF_Model_IV
0.0167878742647087 1526.63623924676 -6.58928955967539e-07 9.81140775129892e-07 no_error _Inferred_Demographies_Scenario_1_ 1500 1501 0 0.02 GF_Model_IV
0.0173763425695389 1549.96463318719 6.3966667986458e-06 8.06349755712467e-07 no_error _Inferred_Demographies_Scenario_1_ 1500 1501 0 0.02 GF_Model_IV
0.0159827662153425 1520.99495056917 -3.30592202695949e-06 1.35874095229361e-06 no_error _Inferred_Demographies_Scenario_1_ 1500 1501 0 0.02 GF_Model_IV
0.0162041001027802 1547.65591073735 6.00929350538326e-06 1.28266763445891e-06 no_error _Inferred_Demographies_Scenario_1_ 1500 1501 0 0.02 GF_Model_IV
0.0166285811173863 1534.70419981227 8.24924382482606e-06 8.53921331121365e-07 no_error _Inferred_Demographies_Scenario_1_ 1500 1501 0 0.02 GF_Model_IV
0.0173701360775514 1532.65986757956 2.49076899327776e-06 8.55259240599406e-07 no_error _Inferred_Demographies_Scenario_1_ 1500 1501 0 0.02 GF_Model_IV
0.0186034319298556 1498.51457333346 -8.7218643854336e-06 9.42298371700717e-07 no_error _Inferred_Demographies_Scenario_1_ 1500 1501 0 0.02 GF_Model_IV
0.0161604369531761 1516.54948161991 2.91652898511381e-06 1.07622110913532e-06 no_error _Inferred_Demographies_Scenario_1_ 1500 1501 0 0.02 GF_Model_IV
0.0166481848750203 1507.78708795536 1.47832460758908e-05 1.22974955501038e-06 no_error _Inferred_Demographies_Scenario_1_ 1500 1501 0 0.02 GF_Model_IV
0.017230163215729 1541.46750478571 -3.41418769465963e-06 8.75434858123266e-07 no_error _Inferred_Demographies_Scenario_1_ 1500 1501 0 0.02 GF_Model_IV
0.0190239586728843 1539.45179400157 2.61875296969374e-06 7.02317397694527e-07 no_error _Inferred_Demographies_Scenario_1_ 1500 1501 0 0.02 GF_Model_IV
0.0180581986948588 1553.6148145952 3.98767483769839e-06 7.92547343503601e-07 no_error _Inferred_Demographies_Scenario_1_ 1500 1501 0 0.02 GF_Model_IV
0.0174916843316859 1543.90125587929 -1.68214350622592e-06 7.1722462000606e-07 no_error _Inferred_Demographies_Scenario_1_ 1500 1501 0 0.02 GF_Model_IV
0.0162709014140526 1550.69412534616 -3.63560629207486e-06 7.05664261695392e-07 no_error _Inferred_Demographies_Scenario_1_ 1500 1501 0 0.02 GF_Model_IV
0.0181045668706372 1530.3222706151 9.3169499986064e-06 9.94212191859781e-07 no_error _Inferred_Demographies_Scenario_1_ 1500 1501 0 0.02 GF_Model_IV
0.0176610989378609 1484.63678256885 -1.98519198823961e-06 8.93677303434261e-07 no_error _Inferred_Demographies_Scenario_1_ 1500 1501 0 0.02 GF_Model_IV
0.018258234703066 1585.56644302139 6.07331183611603e-07 9.39241563098253e-07 no_error _Inferred_Demographies_Scenario_1_ 1500 1501 0 0.02 GF_Model_IV
0.0164461647756034 1566.3938927099 3.2096160022625e-06 5.8300031974674e-07 no_error _Inferred_Demographies_Scenario_1_ 1500 1501 0 0.02 GF_Model_IV
0.017706772895464 1511.46609862577 6.24154235148294e-06 1.60378553997609e-06 no_error _Inferred_Demographies_Scenario_1_ 1500 1501 0 0.02 GF_Model_IV
0.0163927804527825 1575.51143148608 7.88973837619332e-07 9.56325861756763e-07 no_error _Inferred_Demographies_Scenario_1_ 1500 1501 0 0.02 GF_Model_IV
0.0176909130116369 1543.04203831975 1.25457796147492e-05 7.00063605866926e-07 no_error _Inferred_Demographies_Scenario_1_ 1500 1501 0 0.02 GF_Model_IV
0.0169360004712912 1556.14634772289 6.78953123552012e-06 9.23668638147976e-07 no_error _Inferred_Demographies_Scenario_1_ 1500 1501 0 0.02 GF_Model_IV
0.0166515622445436 1537.41180581248 8.8759757788458e-06 1.59518592827756e-06 no_error _Inferred_Demographies_Scenario_1_ 1500 1501 0 0.02 GF_Model_IV
0.0154295254520047 1545.44860629477 3.2714791379295e-06 5.16362428113175e-07 no_error _Inferred_Demographies_Scenario_1_ 1500 1501 0 0.02 GF_Model_IV
0.0166084369270541 1532.30523568629 1.01990524547879e-06 1.12594513666796e-06 no_error _Inferred_Demographies_Scenario_1_ 1500 1501 0 0.02 GF_Model_IV
0.0169840823191315 1516.03468476926 9.32016826795655e-06 9.41909166851702e-07 no_error _Inferred_Demographies_Scenario_1_ 1500 1501 0 0.02 GF_Model_IV
0.0181134188799455 1574.30702653918 1.95268148108748e-05 9.78304765229331e-07 no_error _Inferred_Demographies_Scenario_1_ 1500 1501 0 0.02 GF_Model_IV
0.017627552486364 1541.85758981221 2.32188961634277e-06 1.05569075766942e-06 no_error _Inferred_Demographies_Scenario_1_ 1500 1501 0 0.02 GF_Model_IV
0.0178645656266217 1541.50080703211 -9.66628040399981e-06 7.09126845424021e-07 no_error _Inferred_Demographies_Scenario_1_ 1500 1501 0 0.02 GF_Model_IV
0.0168846452070055 1514.87334610335 1.00763398480143e-06 1.0094181840015e-06 no_error _Inferred_Demographies_Scenario_1_ 1500 1501 0 0.02 GF_Model_IV
0.0177249219721918 1524.33026529472 -1.36802210463895e-05 1.13445207565042e-06 no_error _Inferred_Demographies_Scenario_1_ 1500 1501 0 0.02 GF_Model_IV
0.0171814720673217 1556.58851964699 8.42063879142698e-06 5.63899341615655e-07 no_error _Inferred_Demographies_Scenario_1_ 1500 1501 0 0.02 GF_Model_IV
0.017178530132431 1494.66433610518 1.89166546967829e-07 1.21342679074181e-06 no_error _Inferred_Demographies_Scenario_1_ 1500 1501 0 0.02 GF_Model_IV
0.0177941013065449 1554.72558643325 5.34558780687885e-06 8.06280968364244e-07 no_error _Inferred_Demographies_Scenario_1_ 1500 1501 0 0.02 GF_Model_IV
0.0168734244493329 1561.67795030089 -6.51409582039369e-06 1.0270208462816e-06 no_error _Inferred_Demographies_Scenario_1_ 1500 1501 0 0.02 GF_Model_IV
0.0169866735759824 1512.76548169557 -5.18978136005386e-06 8.43892369835551e-07 no_error _Inferred_Demographies_Scenario_1_ 1500 1501 0 0.02 GF_Model_IV
0.0165958430877903 1531.06769969223 8.43109216115834e-06 1.31757296616247e-06 no_error _Inferred_Demographies_Scenario_1_ 1500 1501 0 0.02 GF_Model_IV
0.0179080981280062 1553.23079661231 2.67839305368653e-05 1.07817242221065e-06 no_error _Inferred_Demographies_Scenario_1_ 1500 1501 0 0.02 GF_Model_IV
0.0162840811780333 1547.07022294172 3.29745517092195e-06 1.58469658874524e-06 no_error _Inferred_Demographies_Scenario_1_ 1500 1501 0 0.02 GF_Model_IV
0.0166632616912376 1539.26466286759 -2.9876303595274e-06 7.77803963697725e-07 no_error _Inferred_Demographies_Scenario_1_ 1500 1501 0 0.02 GF_Model_IV
0.0175003429431301 1535.12284719182 2.35146559024061e-06 1.10792002476545e-06 no_error _Inferred_Demographies_Scenario_1_ 1500 1501 0 0.02 GF_Model_IV
0.016398425968289 1570.79080640396 -8.01090215302171e-07 7.24934699260003e-07 no_error _Inferred_Demographies_Scenario_1_ 1500 1501 0 0.02 GF_Model_IV
0.0170449558683188 1559.81127550289 7.22037798125565e-06 7.65920749655506e-07 no_error _Inferred_Demographies_Scenario_1_ 1500 1501 0 0.02 GF_Model_IV
0.0179500444056021 1526.07089354536 1.80433414611017e-05 1.27156850590725e-06 no_error _Inferred_Demographies_Scenario_1_ 1500 1501 0 0.02 GF_Model_IV
0.0179836816927607 1554.71296390917 9.21629050475329e-06 1.00223590623172e-06 no_error _Inferred_Demographies_Scenario_1_ 1500 1501 0 0.02 GF_Model_IV
0.0169747343685572 1571.95143219812 1.22193938871718e-05 1.19194639491504e-06 no_error _Inferred_Demographies_Scenario_1_ 1500 1501 0 0.02 GF_Model_IV
0.0172056196903524 1579.13755459382 -7.08663052476766e-06 9.92997526782671e-07 no_error _Inferred_Demographies_Scenario_1_ 1500 1501 0 0.02 GF_Model_IV
0.0165254962632042 1551.20720683915 5.08994723369494e-06 6.30899640819103e-07 no_error _Inferred_Demographies_Scenario_1_ 1500 1501 0 0.02 GF_Model_IV
0.0171485035167517 1525.60315915768 9.59238673241017e-06 1.22215729134886e-06 no_error _Inferred_Demographies_Scenario_1_ 1500 1501 0 0.02 GF_Model_IV
0.0178795089072598 1561.42803264812 4.00806178898642e-06 7.05338105842911e-07 no_error _Inferred_Demographies_Scenario_1_ 1500 1501 0 0.02 GF_Model_IV
0.016232204449492 1531.1376208967 -2.09245612632201e-06 1.03623218684358e-06 no_error _Inferred_Demographies_Scenario_1_ 1500 1501 0 0.02 GF_Model_IV
0.0184765226347542 1586.02723936941 2.06591555114936e-05 7.34884561687027e-07 no_error _Inferred_Demographies_Scenario_1_ 1500 1501 0 0.02 GF_Model_IV
0.017831574193182 1533.16055904203 2.34897153724044e-05 1.34441129705188e-06 no_error _Inferred_Demographies_Scenario_1_ 1500 1501 0 0.02 GF_Model_IV
0.015789592767403 1522.87958980125 -1.28123398124001e-05 7.81604085020782e-07 no_error _Inferred_Demographies_Scenario_1_ 1500 1501 0 0.02 GF_Model_IV
0.0164492912972829 1527.22453186153 1.02015587614725e-06 6.26963822886257e-07 no_error _Inferred_Demographies_Scenario_1_ 1500 1501 0 0.02 GF_Model_IV
0.0177363062870809 1543.34902700717 8.14279720609602e-07 1.17080848200361e-06 no_error _Inferred_Demographies_Scenario_1_ 1500 1501 0 0.02 GF_Model_IV
0.0169941926738319 1548.94540028653 -8.66653191408935e-07 8.90594231181376e-07 no_error _Inferred_Demographies_Scenario_1_ 1500 1501 0 0.02 GF_Model_IV
0.0177286094562393 1534.98995386195 5.05538276246778e-07 1.38187903868673e-06 no_error _Inferred_Demographies_Scenario_1_ 1500 1501 0 0.02 GF_Model_IV
0.0166892281565236 1551.68646403538 4.66399357837503e-06 8.5427747435441e-07 no_error _Inferred_Demographies_Scenario_1_ 1500 1501 0 0.02 GF_Model_IV
0.0189695359759536 1545.53489133287 3.05855250379425e-06 9.39594014589629e-07 no_error _Inferred_Demographies_Scenario_1_ 1500 1501 0 0.02 GF_Model_IV
0.0178766073272069 1563.9406049355 -7.30255222390896e-07 7.21200236326122e-07 no_error _Inferred_Demographies_Scenario_1_ 1500 1501 0 0.02 GF_Model_IV
0.0170659553108398 1549.61156513745 2.58332512883042e-06 1.52333398676154e-06 no_error _Inferred_Demographies_Scenario_1_ 1500 1501 0 0.02 GF_Model_IV
0.0180131197320335 1528.28618541662 9.73618262597713e-06 8.39401900559106e-07 no_error _Inferred_Demographies_Scenario_1_ 1500 1501 0 0.02 GF_Model_IV
0.016867054392664 1556.38601336093 6.05163356855254e-07 9.18367620068937e-07 no_error _Inferred_Demographies_Scenario_1_ 1500 1501 0 0.02 GF_Model_IV
0.0168545004486019 1543.33543045375 1.20628495558102e-06 8.75057704558674e-07 no_error _Inferred_Demographies_Scenario_1_ 1500 1501 0 0.02 GF_Model_IV
0.0168332683861801 1569.80810614032 -5.15867830744036e-07 1.42636088356453e-06 no_error _Inferred_Demographies_Scenario_1_ 1500 1501 0 0.02 GF_Model_IV
0.016246238118887 1536.8139115762 1.93374612750447e-05 8.60432653390771e-07 no_error _Inferred_Demographies_Scenario_1_ 1500 1501 0 0.02 GF_Model_IV
0.186219464022739 1272.21925137471 0.000191642032738868 0.000381991952569086 no_error _Inferred_Demographies_Scenario_2_ 1500 1501 1 0.02 GF_Model_IV
0.189863553562277 1296.05752418165 -0.000275286886055452 0.000187007646833523 no_error _Inferred_Demographies_Scenario_2_ 1500 1501 1 0.02 GF_Model_IV
0.188608512802471 1278.92084581648 -0.000253350835380646 0.000312012781131929 no_error _Inferred_Demographies_Scenario_2_ 1500 1501 1 0.02 GF_Model_IV
0.188566889262132 1287.58755034596 -9.03651586964463e-05 0.000269412315837599 no_error _Inferred_Demographies_Scenario_2_ 1500 1501 1 0.02 GF_Model_IV
0.188066272265859 1272.84516493637 -0.000416361271850535 0.000215610803632829 no_error _Inferred_Demographies_Scenario_2_ 1500 1501 1 0.02 GF_Model_IV
0.184788138362905 1210.37209864431 -1.04673910008044e-05 0.000146447741866301 no_error _Inferred_Demographies_Scenario_2_ 1500 1501 1 0.02 GF_Model_IV
0.192824876919024 1297.77004230391 -0.000283554664980263 0.000425697325473392 no_error _Inferred_Demographies_Scenario_2_ 1500 1501 1 0.02 GF_Model_IV
0.186252974815561 1250.93932798799 -0.000349710969149197 0.000189943497688103 no_error _Inferred_Demographies_Scenario_2_ 1500 1501 1 0.02 GF_Model_IV
0.188634932748765 1273.36587056549 -2.57404043688027e-05 0.000248620714815996 no_error _Inferred_Demographies_Scenario_2_ 1500 1501 1 0.02 GF_Model_IV
0.187638505852595 1278.67469631437 -0.00018171167310928 0.000275838751032919 no_error _Inferred_Demographies_Scenario_2_ 1500 1501 1 0.02 GF_Model_IV
0.189091254557449 1277.14586470138 -0.00021472493289361 0.000250199924619678 no_error _Inferred_Demographies_Scenario_2_ 1500 1501 1 0.02 GF_Model_IV
0.191409312142719 1272.90407759354 -0.000241266832322443 0.000283918701237585 no_error _Inferred_Demographies_Scenario_2_ 1500 1501 1 0.02 GF_Model_IV
0.188180240302813 1254.57782933629 -9.79961625600809e-05 0.000158421893396839 no_error _Inferred_Demographies_Scenario_2_ 1500 1501 1 0.02 GF_Model_IV
0.187575746171897 1278.38712970658 -0.000128599983664173 0.000228231624401521 no_error _Inferred_Demographies_Scenario_2_ 1500 1501 1 0.02 GF_Model_IV
0.18362691024198 1279.15538394019 4.32366685267214e-05 0.000185565563194046 no_error _Inferred_Demographies_Scenario_2_ 1500 1501 1 0.02 GF_Model_IV
0.180937060752488 1224.95917495917 -0.000354976755212251 0.000179667963326934 no_error _Inferred_Demographies_Scenario_2_ 1500 1501 1 0.02 GF_Model_IV
0.190150594249326 1251.4552940746 -0.000259418521332425 0.000273046482119529 no_error _Inferred_Demographies_Scenario_2_ 1500 1501 1 0.02 GF_Model_IV
0.194807973175685 1258.10778371721 -0.000324265342353761 0.000214665605781886 no_error _Inferred_Demographies_Scenario_2_ 1500 1501 1 0.02 GF_Model_IV
0.184344340327417 1294.50617751113 -5.29036076884861e-05 0.000109676780186937 no_error _Inferred_Demographies_Scenario_2_ 1500 1501 1 0.02 GF_Model_IV
0.182989641585219 1266.6307127269 -3.81983641989955e-05 0.0002036190708703 no_error _Inferred_Demographies_Scenario_2_ 1500 1501 1 0.02 GF_Model_IV
0.186412318225099 1255.96184380334 -7.00687136001773e-05 0.000245904432030774 no_error _Inferred_Demographies_Scenario_2_ 1500 1501 1 0.02 GF_Model_IV
0.189797535401062 1253.53355735914 -0.000352317325701884 0.000245225703393694 no_error _Inferred_Demographies_Scenario_2_ 1500 1501 1 0.02 GF_Model_IV
0.185802595747591 1280.00174427981 -4.08006177321662e-05 0.000204992934464548 no_error _Inferred_Demographies_Scenario_2_ 1500 1501 1 0.02 GF_Model_IV
0.183436978314216 1255.78258519353 -0.000201108133448763 0.000440107869310946 no_error _Inferred_Demographies_Scenario_2_ 1500 1501 1 0.02 GF_Model_IV
0.186729822760859 1249.52470096302 -0.000220516324308438 0.000179088030967053 no_error _Inferred_Demographies_Scenario_2_ 1500 1501 1 0.02 GF_Model_IV
0.192462319819371 1277.80163866541 -0.000394071594011242 0.000156440410089651 no_error _Inferred_Demographies_Scenario_2_ 1500 1501 1 0.02 GF_Model_IV
0.191195516803718 1239.73290924593 -0.000139179132971783 0.000158161593902492 no_error _Inferred_Demographies_Scenario_2_ 1500 1501 1 0.02 GF_Model_IV
0.184986895716617 1289.7418515554 -0.000220726633934149 0.00032629822352154 no_error _Inferred_Demographies_Scenario_2_ 1500 1501 1 0.02 GF_Model_IV
0.18454298383806 1295.88919827362 0.00014896608406438 0.000150880952099518 no_error _Inferred_Demographies_Scenario_2_ 1500 1501 1 0.02 GF_Model_IV
0.190202039053975 1250.2185278092 7.98272230434869e-05 0.000286929140908403 no_error _Inferred_Demographies_Scenario_2_ 1500 1501 1 0.02 GF_Model_IV
0.186292096612282 1270.90659527331 -7.27446756733596e-06 0.000367210530023683 no_error _Inferred_Demographies_Scenario_2_ 1500 1501 1 0.02 GF_Model_IV
0.188712567154807 1281.54306188648 -0.000362373187858882 0.000282541764619854 no_error _Inferred_Demographies_Scenario_2_ 1500 1501 1 0.02 GF_Model_IV
0.184604064575352 1235.16711057432 -0.000261859310256828 0.000110766408830355 no_error _Inferred_Demographies_Scenario_2_ 1500 1501 1 0.02 GF_Model_IV
0.184553088708337 1257.77477150249 -0.000133367213212211 0.00011533161262332 no_error _Inferred_Demographies_Scenario_2_ 1500 1501 1 0.02 GF_Model_IV
0.188231667084248 1234.66874202082 -0.000359473807722629 0.000221973713042763 no_error _Inferred_Demographies_Scenario_2_ 1500 1501 1 0.02 GF_Model_IV
0.193028497619195 1305.52604528904 -0.000128455795934346 0.000468262987369229 no_error _Inferred_Demographies_Scenario_2_ 1500 1501 1 0.02 GF_Model_IV
0.187299215623414 1254.66596026839 -0.000159022572610345 0.000184529953187954 no_error _Inferred_Demographies_Scenario_2_ 1500 1501 1 0.02 GF_Model_IV
0.183678567479338 1266.13455373894 6.47002355038409e-05 0.000165206662165814 no_error _Inferred_Demographies_Scenario_2_ 1500 1501 1 0.02 GF_Model_IV
0.187872003394996 1277.18901881825 -5.77069541247976e-05 0.000262733904298621 no_error _Inferred_Demographies_Scenario_2_ 1500 1501 1 0.02 GF_Model_IV
0.185888823435249 1260.13643494664 2.88692767989336e-05 0.000141165040070234 no_error _Inferred_Demographies_Scenario_2_ 1500 1501 1 0.02 GF_Model_IV
0.18688749536695 1255.17616231588 -4.63737936767016e-05 0.000294891048962538 no_error _Inferred_Demographies_Scenario_2_ 1500 1501 1 0.02 GF_Model_IV
0.19193115958286 1284.67301670923 -0.000153654535322998 0.000264814435249531 no_error _Inferred_Demographies_Scenario_2_ 1500 1501 1 0.02 GF_Model_IV
0.186602512724162 1272.47513269161 -2.37263030949001e-06 0.000498246551276931 no_error _Inferred_Demographies_Scenario_2_ 1500 1501 1 0.02 GF_Model_IV
0.187852981607925 1261.92848603574 -4.4412405025689e-05 0.000302764936230142 no_error _Inferred_Demographies_Scenario_2_ 1500 1501 1 0.02 GF_Model_IV
0.186306688470058 1273.90451882209 -0.000139459933234546 0.000291369032601232 no_error _Inferred_Demographies_Scenario_2_ 1500 1501 1 0.02 GF_Model_IV
0.1823401795995 1277.77364582718 -2.8228715436386e-05 0.000159016863284236 no_error _Inferred_Demographies_Scenario_2_ 1500 1501 1 0.02 GF_Model_IV
0.17950926956462 1275.1424382379 -0.000244738306568506 0.000308442005027558 no_error _Inferred_Demographies_Scenario_2_ 1500 1501 1 0.02 GF_Model_IV
0.189792958102612 1259.49161547914 -0.000241668210978474 0.000416537463289895 no_error _Inferred_Demographies_Scenario_2_ 1500 1501 1 0.02 GF_Model_IV
0.18843203238497 1239.22395603515 -0.000284266676663135 0.000163354232478006 no_error _Inferred_Demographies_Scenario_2_ 1500 1501 1 0.02 GF_Model_IV
0.188032941871471 1253.77599149819 -0.000122895706843806 0.000195536006525404 no_error _Inferred_Demographies_Scenario_2_ 1500 1501 1 0.02 GF_Model_IV
0.188141059259663 1249.36088021507 -0.000158425239886951 0.000149176962013992 no_error _Inferred_Demographies_Scenario_2_ 1500 1501 1 0.02 GF_Model_IV
0.190528295160357 1293.75341321541 -7.0903479967083e-05 0.000217956505941795 no_error _Inferred_Demographies_Scenario_2_ 1500 1501 1 0.02 GF_Model_IV
0.191828087485256 1262.16650427711 -0.000253085835562902 0.000294181681572841 no_error _Inferred_Demographies_Scenario_2_ 1500 1501 1 0.02 GF_Model_IV
0.186996110269966 1273.46557740416 4.44586631223993e-05 0.000261825988508876 no_error _Inferred_Demographies_Scenario_2_ 1500 1501 1 0.02 GF_Model_IV
0.185827643250383 1293.38305384094 5.40832391429495e-05 0.000182008256947688 no_error _Inferred_Demographies_Scenario_2_ 1500 1501 1 0.02 GF_Model_IV
0.185088262142767 1255.80417897982 -0.00034933113090703 0.00031489819994517 no_error _Inferred_Demographies_Scenario_2_ 1500 1501 1 0.02 GF_Model_IV
0.190994052792772 1279.42308468814 -0.000284570800443908 0.000226107064067705 no_error _Inferred_Demographies_Scenario_2_ 1500 1501 1 0.02 GF_Model_IV
0.19403490503304 1269.8263041991 -0.000282670929487856 0.000251660824344143 no_error _Inferred_Demographies_Scenario_2_ 1500 1501 1 0.02 GF_Model_IV
0.187360126335178 1277.59932916985 -1.02778036535973e-06 0.000151816372508835 nls_error _Inferred_Demographies_Scenario_2_ 1500 1501 1 0.02 GF_Model_IV
0.185979663534405 1247.65612594837 1.68256224642283e-05 0.000255832310190302 no_error _Inferred_Demographies_Scenario_2_ 1500 1501 1 0.02 GF_Model_IV
0.190184660220094 1260.27462834803 -0.000257937229250774 0.000280422828855109 no_error _Inferred_Demographies_Scenario_2_ 1500 1501 1 0.02 GF_Model_IV
0.189646297984486 1253.21396476505 -0.000356128639552996 0.000315040471948995 no_error _Inferred_Demographies_Scenario_2_ 1500 1501 1 0.02 GF_Model_IV
0.190756193516533 1242.66051519774 -0.000287242463505492 0.000305993464237721 no_error _Inferred_Demographies_Scenario_2_ 1500 1501 1 0.02 GF_Model_IV
0.186831225174293 1257.33743907227 0.000130024469536398 0.000207308108111635 no_error _Inferred_Demographies_Scenario_2_ 1500 1501 1 0.02 GF_Model_IV
0.187258466249734 1242.12738689905 -0.000160672488690104 0.000260726344895887 no_error _Inferred_Demographies_Scenario_2_ 1500 1501 1 0.02 GF_Model_IV
0.186871235303481 1255.06233850946 -0.000149707768236604 0.000135103692171359 no_error _Inferred_Demographies_Scenario_2_ 1500 1501 1 0.02 GF_Model_IV
0.183753832841438 1260.2111671798 -0.000265000209012144 0.000199867058666207 no_error _Inferred_Demographies_Scenario_2_ 1500 1501 1 0.02 GF_Model_IV
0.188010998375418 1265.65131022626 -7.84275212617365e-05 0.000164206546916295 no_error _Inferred_Demographies_Scenario_2_ 1500 1501 1 0.02 GF_Model_IV
0.186002519996145 1290.09670706637 -0.000287824064859203 0.000349704929874116 no_error _Inferred_Demographies_Scenario_2_ 1500 1501 1 0.02 GF_Model_IV
0.192684269319926 1278.96778691533 -5.65836491232719e-05 0.000383139321579014 no_error _Inferred_Demographies_Scenario_2_ 1500 1501 1 0.02 GF_Model_IV
0.188444540969265 1245.69432379118 3.89013019785688e-05 0.000177042251372 no_error _Inferred_Demographies_Scenario_2_ 1500 1501 1 0.02 GF_Model_IV
0.187035547443435 1272.63923917518 -0.000307465083099387 0.000280942768723578 no_error _Inferred_Demographies_Scenario_2_ 1500 1501 1 0.02 GF_Model_IV
0.18796643881735 1244.33375292868 -9.01417104926966e-05 0.000206720062550778 no_error _Inferred_Demographies_Scenario_2_ 1500 1501 1 0.02 GF_Model_IV
0.184001801028873 1257.27776544173 -8.10279951741942e-05 0.000178965831733841 no_error _Inferred_Demographies_Scenario_2_ 1500 1501 1 0.02 GF_Model_IV
0.188040330797122 1256.55007533713 -3.41982266201726e-05 0.000224935621702336 no_error _Inferred_Demographies_Scenario_2_ 1500 1501 1 0.02 GF_Model_IV
0.190426488979001 1279.12456168109 -0.000147586029046981 0.000397628427237327 no_error _Inferred_Demographies_Scenario_2_ 1500 1501 1 0.02 GF_Model_IV
0.191982718197003 1272.71459989959 -0.000241376167420277 0.00015763038496588 no_error _Inferred_Demographies_Scenario_2_ 1500 1501 1 0.02 GF_Model_IV
0.185406554401658 1271.82002347844 -0.000349033925233905 0.000216128837089507 no_error _Inferred_Demographies_Scenario_2_ 1500 1501 1 0.02 GF_Model_IV
0.19113178891117 1315.78654287581 -0.000113083368906826 0.000284155704436292 no_error _Inferred_Demographies_Scenario_2_ 1500 1501 1 0.02 GF_Model_IV
0.183587716284146 1272.98642281888 -0.000176143565040479 0.000223677173445852 no_error _Inferred_Demographies_Scenario_2_ 1500 1501 1 0.02 GF_Model_IV
0.188468530664465 1289.4190195104 -0.000224660154481592 0.000313575306312747 no_error _Inferred_Demographies_Scenario_2_ 1500 1501 1 0.02 GF_Model_IV
0.185586077007292 1249.59803243218 -4.70110980997834e-05 0.00016291291944283 no_error _Inferred_Demographies_Scenario_2_ 1500 1501 1 0.02 GF_Model_IV
0.186294788634968 1274.46212514891 -0.000185519996428657 0.000404151374658649 no_error _Inferred_Demographies_Scenario_2_ 1500 1501 1 0.02 GF_Model_IV
0.190298992762585 1274.55923253848 -0.000166845766547465 0.000299624573470817 no_error _Inferred_Demographies_Scenario_2_ 1500 1501 1 0.02 GF_Model_IV
0.189333898667769 1264.12714857654 7.6341418814139e-05 0.000194540549953392 no_error _Inferred_Demographies_Scenario_2_ 1500 1501 1 0.02 GF_Model_IV
0.190360330644824 1274.97381829817 -0.000341285779232803 0.000409187592489329 no_error _Inferred_Demographies_Scenario_2_ 1500 1501 1 0.02 GF_Model_IV
0.191553743865444 1280.36339032853 -0.000203855019007707 0.000268766651779484 no_error _Inferred_Demographies_Scenario_2_ 1500 1501 1 0.02 GF_Model_IV
0.192601171425713 1285.22736491158 -6.05191056050764e-05 0.000185374134243912 no_error _Inferred_Demographies_Scenario_2_ 1500 1501 1 0.02 GF_Model_IV
0.187598496646492 1271.87053828481 -0.000241710684152539 0.000289475323242229 no_error _Inferred_Demographies_Scenario_2_ 1500 1501 1 0.02 GF_Model_IV
0.187334139844679 1295.16862478989 -0.000207811927069637 0.000181453872522327 no_error _Inferred_Demographies_Scenario_2_ 1500 1501 1 0.02 GF_Model_IV
0.181571503682649 1247.92578311429 -0.000258838270979322 0.000184711291533568 no_error _Inferred_Demographies_Scenario_2_ 1500 1501 1 0.02 GF_Model_IV
0.185860028351903 1251.55055178343 -0.000172616529058988 0.000109327416536192 no_error _Inferred_Demographies_Scenario_2_ 1500 1501 1 0.02 GF_Model_IV
0.185056259802656 1282.41083575121 -0.000246390372678782 0.000155556825373227 no_error _Inferred_Demographies_Scenario_2_ 1500 1501 1 0.02 GF_Model_IV
0.192552843910597 1269.53716318328 -0.000124709763111014 0.000302937838533425 no_error _Inferred_Demographies_Scenario_2_ 1500 1501 1 0.02 GF_Model_IV
0.188459230648611 1243.92245074119 -0.000132820912512056 0.000158521965750864 no_error _Inferred_Demographies_Scenario_2_ 1500 1501 1 0.02 GF_Model_IV
0.184554254516853 1267.70627570856 -0.000219611272783376 0.000379989766602873 no_error _Inferred_Demographies_Scenario_2_ 1500 1501 1 0.02 GF_Model_IV
0.184382651428928 1266.43799603766 5.89949142027044e-05 0.00019419071791781 no_error _Inferred_Demographies_Scenario_2_ 1500 1501 1 0.02 GF_Model_IV
0.187294335099408 1260.2366962875 -0.000325731681743321 0.000374372721892459 no_error _Inferred_Demographies_Scenario_2_ 1500 1501 1 0.02 GF_Model_IV
0.189687302037935 1291.571791429 -4.61773910190229e-05 0.000297658565441281 no_error _Inferred_Demographies_Scenario_2_ 1500 1501 1 0.02 GF_Model_IV
0.18623602554366 1263.95672427243 -9.44132743851571e-05 0.000331308154018965 no_error _Inferred_Demographies_Scenario_2_ 1500 1501 1 0.02 GF_Model_IV
0.0160778649094455 1490.00164159232 1.31825769896347e-05 1.46236912387715e-06 no_error _Inferred_Demographies_Scenario_3_ 750 2250 0 0.02 GF_Model_IV
0.0159957535224278 1412.40671422683 2.13198601124761e-05 1.55334112152799e-06 no_error _Inferred_Demographies_Scenario_3_ 750 2250 0 0.02 GF_Model_IV
0.0147321489143307 1496.35039953686 2.12418536509583e-05 1.48225048124504e-06 no_error _Inferred_Demographies_Scenario_3_ 750 2250 0 0.02 GF_Model_IV
0.0156426527881376 1435.60366606094 2.22032865329538e-05 1.99513640960623e-06 no_error _Inferred_Demographies_Scenario_3_ 750 2250 0 0.02 GF_Model_IV
0.0167530620965611 1468.86612655749 2.85265560596735e-05 2.78417335040337e-06 no_error _Inferred_Demographies_Scenario_3_ 750 2250 0 0.02 GF_Model_IV
0.0175172254855316 1439.54806393755 2.14641221006488e-05 1.78679164350093e-06 no_error _Inferred_Demographies_Scenario_3_ 750 2250 0 0.02 GF_Model_IV
0.0168816010032059 1436.70416682575 1.88813290385377e-05 2.6258630325299e-06 no_error _Inferred_Demographies_Scenario_3_ 750 2250 0 0.02 GF_Model_IV
0.0162378311742585 1456.75451279831 2.30601402101318e-05 2.98143966462496e-06 no_error _Inferred_Demographies_Scenario_3_ 750 2250 0 0.02 GF_Model_IV
0.0156741048484613 1459.84987502701 2.06004703367332e-05 2.73997557319557e-06 no_error _Inferred_Demographies_Scenario_3_ 750 2250 0 0.02 GF_Model_IV
0.0165500600123089 1487.59307987446 3.35527436861273e-05 3.45068039189599e-06 no_error _Inferred_Demographies_Scenario_3_ 750 2250 0 0.02 GF_Model_IV
0.016126771522068 1473.73459631735 2.06576145131667e-05 1.58493745224336e-06 no_error _Inferred_Demographies_Scenario_3_ 750 2250 0 0.02 GF_Model_IV
0.0160049576141098 1453.39759225445 2.37490451542547e-05 1.76545966751665e-06 no_error _Inferred_Demographies_Scenario_3_ 750 2250 0 0.02 GF_Model_IV
0.0161995093438867 1455.24295466012 2.97685904000141e-05 2.1273275040869e-06 no_error _Inferred_Demographies_Scenario_3_ 750 2250 0 0.02 GF_Model_IV
0.0151260145480972 1465.95073357846 2.48161647906556e-05 2.07836110111511e-06 no_error _Inferred_Demographies_Scenario_3_ 750 2250 0 0.02 GF_Model_IV
0.0171625663937457 1456.84655005321 2.06530482541558e-05 2.01461486300951e-06 no_error _Inferred_Demographies_Scenario_3_ 750 2250 0 0.02 GF_Model_IV
0.0167278642233308 1469.52136610379 2.67110902528377e-05 3.52793471465383e-06 no_error _Inferred_Demographies_Scenario_3_ 750 2250 0 0.02 GF_Model_IV
0.015669678036359 1440.14229498262 2.22673498957976e-05 2.22244064463041e-06 no_error _Inferred_Demographies_Scenario_3_ 750 2250 0 0.02 GF_Model_IV
0.0160213072178375 1452.60218865138 2.50333381348701e-05 3.45040662882406e-06 no_error _Inferred_Demographies_Scenario_3_ 750 2250 0 0.02 GF_Model_IV
0.0147274701115861 1475.25855904601 1.85100100427322e-05 1.90449100006615e-06 no_error _Inferred_Demographies_Scenario_3_ 750 2250 0 0.02 GF_Model_IV
0.0171296044499868 1432.68934168967 2.8871452444919e-05 2.7138914917793e-06 no_error _Inferred_Demographies_Scenario_3_ 750 2250 0 0.02 GF_Model_IV
0.0164521213217438 1428.88610432476 1.02718787969007e-05 2.35347570002914e-06 no_error _Inferred_Demographies_Scenario_3_ 750 2250 0 0.02 GF_Model_IV
0.0163799991809607 1477.92481917641 1.11222037048089e-05 1.59658906950537e-06 no_error _Inferred_Demographies_Scenario_3_ 750 2250 0 0.02 GF_Model_IV
0.0146172901376033 1515.05844288796 2.22353943014294e-05 1.69591236661211e-06 no_error _Inferred_Demographies_Scenario_3_ 750 2250 0 0.02 GF_Model_IV
0.0159497295775473 1440.1968403879 2.70210941398777e-05 2.38275929995021e-06 no_error _Inferred_Demographies_Scenario_3_ 750 2250 0 0.02 GF_Model_IV
0.0173563910961214 1462.79271254216 2.03833164634084e-05 2.18290285798297e-06 no_error _Inferred_Demographies_Scenario_3_ 750 2250 0 0.02 GF_Model_IV
0.0155000446363945 1470.28080083116 1.90385034982443e-05 1.90840824397985e-06 no_error _Inferred_Demographies_Scenario_3_ 750 2250 0 0.02 GF_Model_IV
0.0144206706585724 1456.93218908791 2.58011086414932e-05 1.76620437564882e-06 no_error _Inferred_Demographies_Scenario_3_ 750 2250 0 0.02 GF_Model_IV
0.0154997997097734 1490.71067345842 2.66207373190696e-05 3.09261684442255e-06 no_error _Inferred_Demographies_Scenario_3_ 750 2250 0 0.02 GF_Model_IV
0.0165737108334336 1419.77721165911 3.1649247511739e-05 1.96198819294973e-06 no_error _Inferred_Demographies_Scenario_3_ 750 2250 0 0.02 GF_Model_IV
0.0159618443085572 1419.09300960199 1.28069087248628e-05 3.16215227694563e-06 no_error _Inferred_Demographies_Scenario_3_ 750 2250 0 0.02 GF_Model_IV
0.0163490041557469 1446.58827508836 6.61187565768339e-06 1.68300826880326e-06 no_error _Inferred_Demographies_Scenario_3_ 750 2250 0 0.02 GF_Model_IV
0.0139941160163636 1414.82978468995 2.11887885022669e-05 1.63937832548756e-06 no_error _Inferred_Demographies_Scenario_3_ 750 2250 0 0.02 GF_Model_IV
0.0150032005200117 1505.70795144251 2.30777929549839e-05 1.34528984858679e-06 no_error _Inferred_Demographies_Scenario_3_ 750 2250 0 0.02 GF_Model_IV
0.0179203050774005 1445.68589836259 1.79708290057868e-05 1.43645291589576e-06 no_error _Inferred_Demographies_Scenario_3_ 750 2250 0 0.02 GF_Model_IV
0.0155646551889813 1456.25624259055 1.19167876636418e-05 1.15921505441477e-06 no_error _Inferred_Demographies_Scenario_3_ 750 2250 0 0.02 GF_Model_IV
0.0154705823702509 1466.44095113296 6.69170510112464e-06 2.1550398848796e-06 no_error _Inferred_Demographies_Scenario_3_ 750 2250 0 0.02 GF_Model_IV
0.0153046322705211 1457.28872734878 3.88216199473958e-05 3.83104774658743e-06 no_error _Inferred_Demographies_Scenario_3_ 750 2250 0 0.02 GF_Model_IV
0.0169107843406373 1401.27250332802 1.74461591879194e-05 2.05081681204455e-06 no_error _Inferred_Demographies_Scenario_3_ 750 2250 0 0.02 GF_Model_IV
0.0152099064461465 1483.05256552426 2.30580928888774e-05 1.50733096165815e-06 no_error _Inferred_Demographies_Scenario_3_ 750 2250 0 0.02 GF_Model_IV
0.0146665404320454 1490.03604695273 1.1583008725019e-05 1.28001127470593e-06 no_error _Inferred_Demographies_Scenario_3_ 750 2250 0 0.02 GF_Model_IV
0.016876536610075 1423.39401689784 3.63143544210167e-05 1.92296515561699e-06 no_error _Inferred_Demographies_Scenario_3_ 750 2250 0 0.02 GF_Model_IV
0.0163517964188553 1477.72632276507 1.1436681048291e-05 2.10068789498896e-06 no_error _Inferred_Demographies_Scenario_3_ 750 2250 0 0.02 GF_Model_IV
0.0167462907652252 1451.99432940151 3.2166359690381e-05 2.43420564119111e-06 no_error _Inferred_Demographies_Scenario_3_ 750 2250 0 0.02 GF_Model_IV
0.0143020836218101 1466.74351968183 8.71347374835649e-06 1.28916830768341e-06 no_error _Inferred_Demographies_Scenario_3_ 750 2250 0 0.02 GF_Model_IV
0.0150144174483576 1472.52464302279 6.07821861184085e-06 9.5005388204602e-07 no_error _Inferred_Demographies_Scenario_3_ 750 2250 0 0.02 GF_Model_IV
0.017437225826661 1418.08221752959 3.39811027468654e-05 2.96917321369313e-06 no_error _Inferred_Demographies_Scenario_3_ 750 2250 0 0.02 GF_Model_IV
0.0163825621436173 1465.94631898596 1.92513199731618e-05 1.37294169210691e-06 no_error _Inferred_Demographies_Scenario_3_ 750 2250 0 0.02 GF_Model_IV
0.0164140169514926 1456.22184172294 6.06509213154258e-06 1.70079537687088e-06 no_error _Inferred_Demographies_Scenario_3_ 750 2250 0 0.02 GF_Model_IV
0.0150891617532455 1429.74098532747 1.95119798049239e-05 1.95913040958057e-06 no_error _Inferred_Demographies_Scenario_3_ 750 2250 0 0.02 GF_Model_IV
0.0163858933649461 1445.52163903517 1.76685317184614e-05 1.78312216025365e-06 no_error _Inferred_Demographies_Scenario_3_ 750 2250 0 0.02 GF_Model_IV
0.0150429068540256 1495.16782633317 2.04462277123558e-05 2.8104967959896e-06 no_error _Inferred_Demographies_Scenario_3_ 750 2250 0 0.02 GF_Model_IV
0.0154464678431604 1487.525689432 1.86010213479545e-05 2.56196943918802e-06 no_error _Inferred_Demographies_Scenario_3_ 750 2250 0 0.02 GF_Model_IV
0.0160926054984658 1430.40641200588 2.72663164545167e-05 1.98000416181993e-06 no_error _Inferred_Demographies_Scenario_3_ 750 2250 0 0.02 GF_Model_IV
0.0151220552763431 1484.65638740911 1.86679388533137e-05 1.85384333935433e-06 no_error _Inferred_Demographies_Scenario_3_ 750 2250 0 0.02 GF_Model_IV
0.0163950087035993 1459.59707714136 1.69240409632153e-05 1.60575212730523e-06 no_error _Inferred_Demographies_Scenario_3_ 750 2250 0 0.02 GF_Model_IV
0.0152647264105282 1389.00837279873 2.40530401298221e-05 2.53731594106834e-06 no_error _Inferred_Demographies_Scenario_3_ 750 2250 0 0.02 GF_Model_IV
0.0177734545388932 1428.39313187613 1.50013881898301e-05 2.00405391374808e-06 no_error _Inferred_Demographies_Scenario_3_ 750 2250 0 0.02 GF_Model_IV
0.0164729536993993 1439.12716151572 2.22778674345543e-05 1.7546028240296e-06 no_error _Inferred_Demographies_Scenario_3_ 750 2250 0 0.02 GF_Model_IV
0.0160736168838324 1482.20983652191 2.75968804984148e-05 2.38853517359611e-06 no_error _Inferred_Demographies_Scenario_3_ 750 2250 0 0.02 GF_Model_IV
0.015077388144683 1478.71042353554 1.09411728283079e-05 2.3812533672003e-06 no_error _Inferred_Demographies_Scenario_3_ 750 2250 0 0.02 GF_Model_IV
0.0171710012492664 1478.69285968545 7.45180715224039e-06 1.24350028950181e-06 no_error _Inferred_Demographies_Scenario_3_ 750 2250 0 0.02 GF_Model_IV
0.0158685476898602 1474.1300188952 2.50802015446621e-05 2.26842330770051e-06 no_error _Inferred_Demographies_Scenario_3_ 750 2250 0 0.02 GF_Model_IV
0.0154166166297626 1419.19093032828 2.33213460780174e-05 2.31308731712202e-06 no_error _Inferred_Demographies_Scenario_3_ 750 2250 0 0.02 GF_Model_IV
0.0163740195426289 1417.77916387632 2.14601447560926e-05 2.57290427300337e-06 no_error _Inferred_Demographies_Scenario_3_ 750 2250 0 0.02 GF_Model_IV
0.0155710509597496 1485.8095275804 1.91825176356136e-05 2.32278272729227e-06 no_error _Inferred_Demographies_Scenario_3_ 750 2250 0 0.02 GF_Model_IV
0.0158924950105498 1467.10099831521 1.62760149074433e-05 1.87372025273489e-06 no_error _Inferred_Demographies_Scenario_3_ 750 2250 0 0.02 GF_Model_IV
0.015829998557172 1454.97826923962 2.6423927685297e-05 2.2400921143807e-06 no_error _Inferred_Demographies_Scenario_3_ 750 2250 0 0.02 GF_Model_IV
0.0157740436753437 1470.02644918543 1.92515371786292e-05 2.0349894789981e-06 no_error _Inferred_Demographies_Scenario_3_ 750 2250 0 0.02 GF_Model_IV
0.0164431337839507 1483.03681534819 3.46109709319133e-05 2.42240538252083e-06 no_error _Inferred_Demographies_Scenario_3_ 750 2250 0 0.02 GF_Model_IV
0.0148999894094358 1458.01319161441 1.58581375837089e-05 1.3423733559995e-06 no_error _Inferred_Demographies_Scenario_3_ 750 2250 0 0.02 GF_Model_IV
0.0170911134967438 1465.70734491852 1.15234213703631e-05 2.09010205059571e-06 no_error _Inferred_Demographies_Scenario_3_ 750 2250 0 0.02 GF_Model_IV
0.0167726605469383 1473.71989727253 1.98777981206754e-05 2.39507937214033e-06 no_error _Inferred_Demographies_Scenario_3_ 750 2250 0 0.02 GF_Model_IV
0.0159884061245528 1437.43409189276 1.56979145382239e-05 1.72395802031519e-06 no_error _Inferred_Demographies_Scenario_3_ 750 2250 0 0.02 GF_Model_IV
0.0148797630941189 1509.1522983383 1.74921193556852e-05 2.0363660772933e-06 no_error _Inferred_Demographies_Scenario_3_ 750 2250 0 0.02 GF_Model_IV
0.0144706123474081 1433.9981110492 1.31704516496961e-05 1.67509439168742e-06 no_error _Inferred_Demographies_Scenario_3_ 750 2250 0 0.02 GF_Model_IV
0.0159289350699781 1442.58293679118 2.84501589992813e-05 2.19074590870131e-06 no_error _Inferred_Demographies_Scenario_3_ 750 2250 0 0.02 GF_Model_IV
0.0165081334801064 1423.78892563789 2.596033051232e-05 4.10102990429124e-06 no_error _Inferred_Demographies_Scenario_3_ 750 2250 0 0.02 GF_Model_IV
0.0181573176507151 1439.86447002875 2.75481202329653e-05 2.87217614672408e-06 no_error _Inferred_Demographies_Scenario_3_ 750 2250 0 0.02 GF_Model_IV
0.0154400880287686 1422.16119741498 2.83463403665973e-05 1.72248868397463e-06 no_error _Inferred_Demographies_Scenario_3_ 750 2250 0 0.02 GF_Model_IV
0.0163552054670645 1470.2214253551 8.75899990887525e-06 1.41265811765834e-06 no_error _Inferred_Demographies_Scenario_3_ 750 2250 0 0.02 GF_Model_IV
0.0154427004059129 1479.40732041062 2.55854438175766e-05 2.64755544066861e-06 no_error _Inferred_Demographies_Scenario_3_ 750 2250 0 0.02 GF_Model_IV
0.0163420549558653 1446.40510357613 1.85522707259483e-05 2.45767919088933e-06 no_error _Inferred_Demographies_Scenario_3_ 750 2250 0 0.02 GF_Model_IV
0.0143201528629377 1477.88740866526 3.25335693143531e-05 2.43453523810232e-06 no_error _Inferred_Demographies_Scenario_3_ 750 2250 0 0.02 GF_Model_IV
0.0158425829548966 1441.95291433233 2.39295826372493e-05 2.41344810459425e-06 no_error _Inferred_Demographies_Scenario_3_ 750 2250 0 0.02 GF_Model_IV
0.0169159171465864 1488.42591616942 2.96012034224757e-05 3.19020487382712e-06 no_error _Inferred_Demographies_Scenario_3_ 750 2250 0 0.02 GF_Model_IV
0.0164399501330545 1468.3167456039 2.25575826830807e-05 1.90860303477395e-06 no_error _Inferred_Demographies_Scenario_3_ 750 2250 0 0.02 GF_Model_IV
0.0162424621525807 1417.51028309053 2.16816752742144e-05 1.37927041473712e-06 no_error _Inferred_Demographies_Scenario_3_ 750 2250 0 0.02 GF_Model_IV
0.0182901602601975 1452.67800883938 2.17779618937208e-05 2.57961057659308e-06 no_error _Inferred_Demographies_Scenario_3_ 750 2250 0 0.02 GF_Model_IV
0.0161556663318224 1434.98293993143 1.05091683941633e-05 2.04429754160013e-06 no_error _Inferred_Demographies_Scenario_3_ 750 2250 0 0.02 GF_Model_IV
0.0151867346667346 1493.42077571199 2.91781116391902e-05 2.26681296868451e-06 no_error _Inferred_Demographies_Scenario_3_ 750 2250 0 0.02 GF_Model_IV
0.016170350506782 1440.14788113313 2.69029458561217e-05 2.65882790952214e-06 no_error _Inferred_Demographies_Scenario_3_ 750 2250 0 0.02 GF_Model_IV
0.0149271848677653 1458.82926698862 2.34643636651365e-05 2.67005632911715e-06 no_error _Inferred_Demographies_Scenario_3_ 750 2250 0 0.02 GF_Model_IV
0.0151937295478048 1440.96178933537 8.81714394994795e-06 1.31303996450753e-06 no_error _Inferred_Demographies_Scenario_3_ 750 2250 0 0.02 GF_Model_IV
0.0147515863947614 1446.37749621474 2.03029090131312e-05 1.74379912869854e-06 no_error _Inferred_Demographies_Scenario_3_ 750 2250 0 0.02 GF_Model_IV
0.0161162731938961 1436.46070231934 3.05055825746128e-05 2.45092784864415e-06 no_error _Inferred_Demographies_Scenario_3_ 750 2250 0 0.02 GF_Model_IV
0.0155219229476478 1544.91634216207 2.4058146893214e-05 1.3244425192534e-06 no_error _Inferred_Demographies_Scenario_3_ 750 2250 0 0.02 GF_Model_IV
0.0152379709933295 1441.07904915937 2.17388485660584e-05 2.66036925932117e-06 no_error _Inferred_Demographies_Scenario_3_ 750 2250 0 0.02 GF_Model_IV
0.0153538587517875 1429.81367102528 3.67701197340444e-05 4.37130243334238e-06 no_error _Inferred_Demographies_Scenario_3_ 750 2250 0 0.02 GF_Model_IV
0.0153053771808816 1459.37445929306 2.18435018034439e-05 2.69354894852083e-06 no_error _Inferred_Demographies_Scenario_3_ 750 2250 0 0.02 GF_Model_IV
0.0148764805971225 1533.02554753119 3.36936832622768e-05 1.28296602323753e-06 no_error _Inferred_Demographies_Scenario_3_ 750 2250 0 0.02 GF_Model_IV
0.162290935052019 1148.03278964425 0.000167162103668452 8.26994236456294e-05 no_error _Inferred_Demographies_Scenario_4_ 750 2250 1 0.02 GF_Model_IV
0.165311516466003 1196.61382741094 0.000191453854345038 0.0001045314961039 no_error _Inferred_Demographies_Scenario_4_ 750 2250 1 0.02 GF_Model_IV
0.166309001967121 1184.24624852272 0.000358937636925899 0.000107805796671568 no_error _Inferred_Demographies_Scenario_4_ 750 2250 1 0.02 GF_Model_IV
0.16494583081241 1203.74784788769 0.000207630757794368 0.000132202543329557 no_error _Inferred_Demographies_Scenario_4_ 750 2250 1 0.02 GF_Model_IV
0.162687152611314 1187.57078652894 0.000237652002273926 0.000141821595303371 no_error _Inferred_Demographies_Scenario_4_ 750 2250 1 0.02 GF_Model_IV
0.165385911574572 1186.43689780855 7.81990064899558e-05 9.07111859374342e-05 no_error _Inferred_Demographies_Scenario_4_ 750 2250 1 0.02 GF_Model_IV
0.167826092646329 1214.13535786962 -3.09780070124693e-05 8.29920295727045e-05 no_error _Inferred_Demographies_Scenario_4_ 750 2250 1 0.02 GF_Model_IV
0.165302125890273 1175.06024858693 -0.000112874610269056 0.00013492233913311 no_error _Inferred_Demographies_Scenario_4_ 750 2250 1 0.02 GF_Model_IV
0.160381688347173 1208.37968007427 0.000220501594923332 7.24725856005171e-05 no_error _Inferred_Demographies_Scenario_4_ 750 2250 1 0.02 GF_Model_IV
0.1716501591994 1236.91723078408 0.000111010858985848 9.21100515701486e-05 no_error _Inferred_Demographies_Scenario_4_ 750 2250 1 0.02 GF_Model_IV
0.166282221099193 1170.16259233053 0.000432589813888186 0.000108199028635606 no_error _Inferred_Demographies_Scenario_4_ 750 2250 1 0.02 GF_Model_IV
0.169651370740357 1191.7206321745 0.000181547521137113 8.30170605136754e-05 no_error _Inferred_Demographies_Scenario_4_ 750 2250 1 0.02 GF_Model_IV
0.169400785214555 1203.91133242351 -0.000101402280674207 0.000102014494341361 no_error _Inferred_Demographies_Scenario_4_ 750 2250 1 0.02 GF_Model_IV
0.168256642643707 1218.1966672357 0.000126669799716984 7.65889349555903e-05 no_error _Inferred_Demographies_Scenario_4_ 750 2250 1 0.02 GF_Model_IV
0.164209386963304 1177.29631307159 -4.31139816716686e-05 8.02858407859408e-05 no_error _Inferred_Demographies_Scenario_4_ 750 2250 1 0.02 GF_Model_IV
0.164448366782891 1216.94342362964 0.000160495641977898 7.75462708710156e-05 no_error _Inferred_Demographies_Scenario_4_ 750 2250 1 0.02 GF_Model_IV
0.168331710044423 1194.59681371427 -2.67061154218478e-05 9.27615099233598e-05 no_error _Inferred_Demographies_Scenario_4_ 750 2250 1 0.02 GF_Model_IV
0.169492900505925 1194.87086655442 0.000219927884075888 0.000109742080872084 no_error _Inferred_Demographies_Scenario_4_ 750 2250 1 0.02 GF_Model_IV
0.163816887440681 1177.08009098763 5.66603901529594e-05 5.23273486621718e-05 no_error _Inferred_Demographies_Scenario_4_ 750 2250 1 0.02 GF_Model_IV
0.166192589468152 1231.28554934854 0.000119428785647464 0.000167489384518569 no_error _Inferred_Demographies_Scenario_4_ 750 2250 1 0.02 GF_Model_IV
0.164409295957939 1224.91487279287 0.000149242193616678 7.41945220065601e-05 no_error _Inferred_Demographies_Scenario_4_ 750 2250 1 0.02 GF_Model_IV
0.160654556030501 1196.20398088687 0.00027054060411272 9.99864407958686e-05 no_error _Inferred_Demographies_Scenario_4_ 750 2250 1 0.02 GF_Model_IV
0.171717130769321 1207.8587195655 4.54191151775334e-05 0.000110547511999228 no_error _Inferred_Demographies_Scenario_4_ 750 2250 1 0.02 GF_Model_IV
0.166330893939875 1192.08319345903 0.000284911830484079 7.68881270800615e-05 no_error _Inferred_Demographies_Scenario_4_ 750 2250 1 0.02 GF_Model_IV
0.175700047403955 1229.81424398369 -0.000146822806736603 0.000123275998461498 no_error _Inferred_Demographies_Scenario_4_ 750 2250 1 0.02 GF_Model_IV
0.167188710224495 1181.0114634066 0.000112613112511742 0.000123431468890738 no_error _Inferred_Demographies_Scenario_4_ 750 2250 1 0.02 GF_Model_IV
0.163992477271434 1204.94277842354 0.000352291376321144 0.000115086795782631 no_error _Inferred_Demographies_Scenario_4_ 750 2250 1 0.02 GF_Model_IV
0.167916794133718 1218.28421810357 5.73492700603082e-05 0.000108580212983788 no_error _Inferred_Demographies_Scenario_4_ 750 2250 1 0.02 GF_Model_IV
0.161311402499644 1186.13524010344 4.09683910694485e-05 9.04540290341771e-05 no_error _Inferred_Demographies_Scenario_4_ 750 2250 1 0.02 GF_Model_IV
0.164922865287535 1160.33193669391 4.43231686680882e-05 9.13693342903681e-05 no_error _Inferred_Demographies_Scenario_4_ 750 2250 1 0.02 GF_Model_IV
0.169564137162733 1223.33161285896 -2.8590254071247e-05 0.00015329440474247 no_error _Inferred_Demographies_Scenario_4_ 750 2250 1 0.02 GF_Model_IV
0.162630448829144 1154.62998219515 -0.000171176921410998 7.15475945824193e-05 no_error _Inferred_Demographies_Scenario_4_ 750 2250 1 0.02 GF_Model_IV
0.166093529004997 1214.38689262838 0.000183575827363201 0.000104454379083553 no_error _Inferred_Demographies_Scenario_4_ 750 2250 1 0.02 GF_Model_IV
0.166395326765073 1181.84737553879 -9.98293158826595e-05 0.000106831198968329 no_error _Inferred_Demographies_Scenario_4_ 750 2250 1 0.02 GF_Model_IV
0.162887704266958 1209.79711473237 0.000224958762734814 8.7692537534872e-05 no_error _Inferred_Demographies_Scenario_4_ 750 2250 1 0.02 GF_Model_IV
0.168599371888586 1242.92521258305 8.13510547157613e-05 8.57382055281048e-05 no_error _Inferred_Demographies_Scenario_4_ 750 2250 1 0.02 GF_Model_IV
0.160332332009778 1157.83515866259 0.000255139193154174 0.000116262544948393 no_error _Inferred_Demographies_Scenario_4_ 750 2250 1 0.02 GF_Model_IV
0.168457399554333 1176.54314451224 8.81403328246824e-05 0.000108214357651552 no_error _Inferred_Demographies_Scenario_4_ 750 2250 1 0.02 GF_Model_IV
0.158173671098449 1142.73920527033 0.000247889987115496 0.000168791547119034 no_error _Inferred_Demographies_Scenario_4_ 750 2250 1 0.02 GF_Model_IV
0.165322175501617 1196.33230574503 7.15271039965307e-05 0.000149852635172998 no_error _Inferred_Demographies_Scenario_4_ 750 2250 1 0.02 GF_Model_IV
0.159255270937903 1163.23150325465 0.000293893230192736 0.000186752987059422 no_error _Inferred_Demographies_Scenario_4_ 750 2250 1 0.02 GF_Model_IV
0.170050077646144 1228.48751759942 0.000232229927515531 8.78977321069131e-05 no_error _Inferred_Demographies_Scenario_4_ 750 2250 1 0.02 GF_Model_IV
0.159765058036614 1146.5377798424 -4.67154273479705e-05 0.000150258897021338 no_error _Inferred_Demographies_Scenario_4_ 750 2250 1 0.02 GF_Model_IV
0.166818312777519 1207.62214586048 -8.48981092021894e-06 0.000107953244563726 no_error _Inferred_Demographies_Scenario_4_ 750 2250 1 0.02 GF_Model_IV
0.171599167033996 1182.39807018657 6.04071259148442e-05 9.08333195670496e-05 no_error _Inferred_Demographies_Scenario_4_ 750 2250 1 0.02 GF_Model_IV
0.170419227579123 1177.41536575372 -0.000263520604465563 8.38573718084599e-05 no_error _Inferred_Demographies_Scenario_4_ 750 2250 1 0.02 GF_Model_IV
0.163121735491435 1170.24768076707 6.43765285609259e-05 0.000107914903113054 no_error _Inferred_Demographies_Scenario_4_ 750 2250 1 0.02 GF_Model_IV
0.16617773803517 1215.81338056373 0.000193482131127354 9.97162579668535e-05 no_error _Inferred_Demographies_Scenario_4_ 750 2250 1 0.02 GF_Model_IV
0.16662710741975 1187.456087941 1.83394578424179e-05 0.000103392706550806 no_error _Inferred_Demographies_Scenario_4_ 750 2250 1 0.02 GF_Model_IV
0.165405061925216 1202.50487376249 7.06219151882454e-05 8.90096063311776e-05 no_error _Inferred_Demographies_Scenario_4_ 750 2250 1 0.02 GF_Model_IV
0.171819618001823 1209.76712690208 9.66064086266992e-05 9.90520614067927e-05 no_error _Inferred_Demographies_Scenario_4_ 750 2250 1 0.02 GF_Model_IV
0.169712592233166 1199.66278487179 -6.08872785786911e-05 7.11555438542986e-05 no_error _Inferred_Demographies_Scenario_4_ 750 2250 1 0.02 GF_Model_IV
0.162998533485342 1145.00575357252 -0.000240639216997614 8.14117419812257e-05 no_error _Inferred_Demographies_Scenario_4_ 750 2250 1 0.02 GF_Model_IV
0.168263080125898 1194.38462609951 0.000145326703187401 9.01056535332971e-05 no_error _Inferred_Demographies_Scenario_4_ 750 2250 1 0.02 GF_Model_IV
0.167547362787421 1191.05342911979 -0.000140433145590376 9.1633713825939e-05 no_error _Inferred_Demographies_Scenario_4_ 750 2250 1 0.02 GF_Model_IV
0.172415859233144 1209.8779652204 -0.000116220175180459 7.96779318338849e-05 no_error _Inferred_Demographies_Scenario_4_ 750 2250 1 0.02 GF_Model_IV
0.169372242980468 1215.08868803226 0.000102360175394116 7.4887961952922e-05 no_error _Inferred_Demographies_Scenario_4_ 750 2250 1 0.02 GF_Model_IV
0.167349758735738 1174.30674856309 -0.000126993336683441 9.09460787074461e-05 no_error _Inferred_Demographies_Scenario_4_ 750 2250 1 0.02 GF_Model_IV
0.166519212893769 1194.40965380218 0.000151261919853428 7.69195447630203e-05 no_error _Inferred_Demographies_Scenario_4_ 750 2250 1 0.02 GF_Model_IV
0.166150244511132 1223.69877565103 0.000256997561554299 0.000139675067479923 no_error _Inferred_Demographies_Scenario_4_ 750 2250 1 0.02 GF_Model_IV
0.166965315516822 1219.27064171863 0.000225034077613658 0.000131375506285687 no_error _Inferred_Demographies_Scenario_4_ 750 2250 1 0.02 GF_Model_IV
0.169169915499049 1200.25476865758 0.000238648180926464 0.000104805839102417 no_error _Inferred_Demographies_Scenario_4_ 750 2250 1 0.02 GF_Model_IV
0.160127780111909 1146.41524499631 0.000143755626637358 9.92453037944931e-05 no_error _Inferred_Demographies_Scenario_4_ 750 2250 1 0.02 GF_Model_IV
0.163859820856645 1210.32562388917 0.000101797311766873 0.00010607336027851 no_error _Inferred_Demographies_Scenario_4_ 750 2250 1 0.02 GF_Model_IV
0.169138709924595 1211.8207190001 -2.7722082938824e-05 9.40963801927836e-05 no_error _Inferred_Demographies_Scenario_4_ 750 2250 1 0.02 GF_Model_IV
0.169019203690522 1202.34297084717 0.000428691147823959 0.000152656248545095 no_error _Inferred_Demographies_Scenario_4_ 750 2250 1 0.02 GF_Model_IV
0.161277165859725 1176.96318752026 0.000493718271076904 8.00355758354516e-05 no_error _Inferred_Demographies_Scenario_4_ 750 2250 1 0.02 GF_Model_IV
0.168778686989263 1236.57843164224 6.47683424768798e-06 0.000121603580657204 no_error _Inferred_Demographies_Scenario_4_ 750 2250 1 0.02 GF_Model_IV
0.175328051407981 1207.43701623625 0.000356674257710752 0.000123576365529826 no_error _Inferred_Demographies_Scenario_4_ 750 2250 1 0.02 GF_Model_IV
0.168993789241217 1225.98686096418 -0.000123961258055824 0.000170711857195651 no_error _Inferred_Demographies_Scenario_4_ 750 2250 1 0.02 GF_Model_IV
0.169345839435495 1229.36089584936 1.93594999368993e-05 9.82617176796004e-05 no_error _Inferred_Demographies_Scenario_4_ 750 2250 1 0.02 GF_Model_IV
0.169756828578207 1221.57066929105 0.00010964372282722 0.000115438239910472 no_error _Inferred_Demographies_Scenario_4_ 750 2250 1 0.02 GF_Model_IV
0.168293780084318 1219.7984388032 3.19553828284043e-05 0.000132611759152725 no_error _Inferred_Demographies_Scenario_4_ 750 2250 1 0.02 GF_Model_IV
0.162346040724951 1185.29904875311 0.000215017492757438 0.000123630169742638 no_error _Inferred_Demographies_Scenario_4_ 750 2250 1 0.02 GF_Model_IV
0.171060887361281 1191.81683370408 0.000315435567876682 0.000119348971831492 no_error _Inferred_Demographies_Scenario_4_ 750 2250 1 0.02 GF_Model_IV
0.160128861418087 1190.86030944831 3.52693630251204e-05 0.000107274017632604 no_error _Inferred_Demographies_Scenario_4_ 750 2250 1 0.02 GF_Model_IV
0.167843245363082 1189.77428044111 0.000256437026162861 7.05039805164672e-05 no_error _Inferred_Demographies_Scenario_4_ 750 2250 1 0.02 GF_Model_IV
0.16386651902144 1193.14678590563 -8.43814519905462e-05 7.20641156987815e-05 no_error _Inferred_Demographies_Scenario_4_ 750 2250 1 0.02 GF_Model_IV
0.174830199567817 1211.60727570443 0.000107912698485958 9.74249038149681e-05 no_error _Inferred_Demographies_Scenario_4_ 750 2250 1 0.02 GF_Model_IV
0.169803173205327 1228.7133363762 0.000256714802261118 0.0001301989516615 no_error _Inferred_Demographies_Scenario_4_ 750 2250 1 0.02 GF_Model_IV
0.165532313718999 1195.84817577415 0.000186761613157053 0.000157965989007032 no_error _Inferred_Demographies_Scenario_4_ 750 2250 1 0.02 GF_Model_IV
0.172454812747818 1216.39337369891 -8.99325457889371e-05 0.000154945018691184 no_error _Inferred_Demographies_Scenario_4_ 750 2250 1 0.02 GF_Model_IV
0.172020428111191 1167.66700949229 0.000175778137521672 0.000164369700770357 no_error _Inferred_Demographies_Scenario_4_ 750 2250 1 0.02 GF_Model_IV
0.17232278177161 1223.32977281716 0.000167054880203688 9.9121232852347e-05 no_error _Inferred_Demographies_Scenario_4_ 750 2250 1 0.02 GF_Model_IV
0.160281035967822 1179.21072368165 0.000165434648883802 0.000141118346945584 no_error _Inferred_Demographies_Scenario_4_ 750 2250 1 0.02 GF_Model_IV
0.163722962914346 1173.71903404105 -0.000126462340561176 8.227401633752e-05 no_error _Inferred_Demographies_Scenario_4_ 750 2250 1 0.02 GF_Model_IV
0.16580166165456 1188.04192132042 0.000104924390878667 7.50530127306217e-05 no_error _Inferred_Demographies_Scenario_4_ 750 2250 1 0.02 GF_Model_IV
0.167851884775918 1196.8256244963 0.00017196210469343 0.000162405690986057 no_error _Inferred_Demographies_Scenario_4_ 750 2250 1 0.02 GF_Model_IV
0.161284383024007 1159.45764089098 -4.61166018879236e-05 7.30370098022779e-05 no_error _Inferred_Demographies_Scenario_4_ 750 2250 1 0.02 GF_Model_IV
0.163623580003697 1152.97957838202 0.000108318825781395 0.000112491665278294 no_error _Inferred_Demographies_Scenario_4_ 750 2250 1 0.02 GF_Model_IV
0.166395565912584 1196.28661741141 0.000291213556574512 8.8975350737515e-05 no_error _Inferred_Demographies_Scenario_4_ 750 2250 1 0.02 GF_Model_IV
0.170518778710444 1190.22092647567 9.13048385060447e-05 7.5572549513807e-05 no_error _Inferred_Demographies_Scenario_4_ 750 2250 1 0.02 GF_Model_IV
0.164598053973107 1172.09881325249 0.000337672584293078 0.000150721479672231 no_error _Inferred_Demographies_Scenario_4_ 750 2250 1 0.02 GF_Model_IV
0.165947557547999 1178.07566389259 -0.000108986776311671 8.15203337162024e-05 no_error _Inferred_Demographies_Scenario_4_ 750 2250 1 0.02 GF_Model_IV
0.163286436474353 1172.2489526332 -4.64564220780902e-05 0.000138170723391097 no_error _Inferred_Demographies_Scenario_4_ 750 2250 1 0.02 GF_Model_IV
0.169509812100837 1220.4034503087 2.6391742430207e-05 8.91804010535734e-05 no_error _Inferred_Demographies_Scenario_4_ 750 2250 1 0.02 GF_Model_IV
0.160760125971887 1181.12781057162 7.553612443707e-05 0.000132995638452869 no_error _Inferred_Demographies_Scenario_4_ 750 2250 1 0.02 GF_Model_IV
0.164978131420736 1186.19540335324 -8.71599358974128e-05 6.98489263564534e-05 no_error _Inferred_Demographies_Scenario_4_ 750 2250 1 0.02 GF_Model_IV
0.167405189112589 1212.89707371273 -3.69717642685349e-05 0.000144226130530119 no_error _Inferred_Demographies_Scenario_4_ 750 2250 1 0.02 GF_Model_IV
0.167709124480247 1175.22618544483 0.000210253245008998 9.68706045912316e-05 no_error _Inferred_Demographies_Scenario_4_ 750 2250 1 0.02 GF_Model_IV
