0.0101816355092613 1643.2357317268 1.1569336108224e-05 1.45200735787697e-07 no_error _Complex_Demographies_Scenario_1_ 1500 1501 0 0.05 GF_Model_IV
0.0111130571106991 1570.72070584796 1.43000444733714e-05 2.73877455691168e-07 no_error _Complex_Demographies_Scenario_1_ 1500 1501 0 0.05 GF_Model_IV
0.0105512766363167 1577.636526251 9.69167291338926e-06 2.20023749954801e-07 no_error _Complex_Demographies_Scenario_1_ 1500 1501 0 0.05 GF_Model_IV
0.00952113541633809 1594.45969629329 9.87959940303725e-06 2.32305753762706e-07 no_error _Complex_Demographies_Scenario_1_ 1500 1501 0 0.05 GF_Model_IV
0.0101116914293953 1567.93262959574 6.41724095684342e-06 1.61796537795821e-07 no_error _Complex_Demographies_Scenario_1_ 1500 1501 0 0.05 GF_Model_IV
0.0104278463447117 1596.60066697779 1.20003748240828e-05 2.0071079970498e-07 no_error _Complex_Demographies_Scenario_1_ 1500 1501 0 0.05 GF_Model_IV
0.0106218833985101 1630.78033825957 1.03207487013266e-05 3.1575352675896e-07 no_error _Complex_Demographies_Scenario_1_ 1500 1501 0 0.05 GF_Model_IV
0.009527295025802 1573.45019844583 2.874516852542e-06 2.52368777212567e-07 no_error _Complex_Demographies_Scenario_1_ 1500 1501 0 0.05 GF_Model_IV
0.0104414476851709 1554.4703972347 9.60762435442295e-06 2.09060309181479e-07 no_error _Complex_Demographies_Scenario_1_ 1500 1501 0 0.05 GF_Model_IV
0.0108893733281686 1594.53567136241 7.74056277479606e-06 1.65079574836617e-07 no_error _Complex_Demographies_Scenario_1_ 1500 1501 0 0.05 GF_Model_IV
0.0111323217660554 1544.37570006916 5.79887202422797e-06 1.59108869437597e-07 no_error _Complex_Demographies_Scenario_1_ 1500 1501 0 0.05 GF_Model_IV
0.0107530883244182 1591.36486335484 1.14644924545344e-05 5.86974294133488e-07 no_error _Complex_Demographies_Scenario_1_ 1500 1501 0 0.05 GF_Model_IV
0.0103938091037448 1567.29391517725 1.22082337745508e-05 1.93635066139985e-07 no_error _Complex_Demographies_Scenario_1_ 1500 1501 0 0.05 GF_Model_IV
0.0111958957300219 1550.49861443966 6.47655204157876e-06 1.9507701656772e-07 no_error _Complex_Demographies_Scenario_1_ 1500 1501 0 0.05 GF_Model_IV
0.0101621940457628 1577.98252847514 3.40171044942858e-06 2.12123813790939e-07 no_error _Complex_Demographies_Scenario_1_ 1500 1501 0 0.05 GF_Model_IV
0.0100421989976402 1575.25762820542 5.11270179494495e-06 1.7550246720728e-07 no_error _Complex_Demographies_Scenario_1_ 1500 1501 0 0.05 GF_Model_IV
0.0103800762006844 1623.11917138068 1.24277285979601e-05 3.10843983587532e-07 no_error _Complex_Demographies_Scenario_1_ 1500 1501 0 0.05 GF_Model_IV
0.0101925180699741 1567.78004183813 1.10078148267255e-05 1.7992868019307e-07 no_error _Complex_Demographies_Scenario_1_ 1500 1501 0 0.05 GF_Model_IV
0.0101767599094849 1576.17349070331 1.30232257252549e-05 3.24816297059252e-07 no_error _Complex_Demographies_Scenario_1_ 1500 1501 0 0.05 GF_Model_IV
0.0111630954433707 1573.12039280356 1.16377827097521e-05 3.15976811465057e-07 no_error _Complex_Demographies_Scenario_1_ 1500 1501 0 0.05 GF_Model_IV
0.0110251193216086 1614.06747158829 1.14361274494618e-06 2.32417222648103e-07 no_error _Complex_Demographies_Scenario_1_ 1500 1501 0 0.05 GF_Model_IV
0.0134072583687492 1642.60011434433 1.17412300940048e-05 2.00516534033753e-07 no_error _Complex_Demographies_Scenario_1_ 1500 1501 0 0.05 GF_Model_IV
0.0105510897347578 1594.27452483749 1.13213824141145e-05 1.28725116320115e-07 no_error _Complex_Demographies_Scenario_1_ 1500 1501 0 0.05 GF_Model_IV
0.00948695169216715 1532.74022910223 1.51715161404795e-05 1.54631444203027e-07 no_error _Complex_Demographies_Scenario_1_ 1500 1501 0 0.05 GF_Model_IV
0.00941150000406103 1547.24636211217 3.0446283260622e-06 2.44286489198151e-07 no_error _Complex_Demographies_Scenario_1_ 1500 1501 0 0.05 GF_Model_IV
0.0105915460563322 1586.19246313941 2.28916758704994e-06 1.35625577251263e-07 no_error _Complex_Demographies_Scenario_1_ 1500 1501 0 0.05 GF_Model_IV
0.0107973508425677 1617.17583812137 5.22481415044182e-06 2.15546975792387e-07 no_error _Complex_Demographies_Scenario_1_ 1500 1501 0 0.05 GF_Model_IV
0.0112275140268145 1586.6958242259 -4.26031586947226e-06 1.43424285547272e-07 no_error _Complex_Demographies_Scenario_1_ 1500 1501 0 0.05 GF_Model_IV
0.0100905624026287 1610.33490364051 6.62537012037321e-06 2.17429852652738e-07 no_error _Complex_Demographies_Scenario_1_ 1500 1501 0 0.05 GF_Model_IV
0.010864066816973 1586.17630977907 1.13275481880117e-05 2.24282225797171e-07 no_error _Complex_Demographies_Scenario_1_ 1500 1501 0 0.05 GF_Model_IV
0.0107587232693568 1656.03946760767 1.16593281053876e-05 1.31751165123312e-07 no_error _Complex_Demographies_Scenario_1_ 1500 1501 0 0.05 GF_Model_IV
0.0114977907948877 1563.50129591535 9.63590628322944e-06 2.35610164003843e-07 no_error _Complex_Demographies_Scenario_1_ 1500 1501 0 0.05 GF_Model_IV
0.0106547829163101 1591.64692054607 5.43903053764263e-06 1.60532073565568e-07 no_error _Complex_Demographies_Scenario_1_ 1500 1501 0 0.05 GF_Model_IV
0.0104930784279436 1588.87517077233 6.42788881494297e-06 2.09983910781008e-07 no_error _Complex_Demographies_Scenario_1_ 1500 1501 0 0.05 GF_Model_IV
0.0112342179370557 1640.21262038046 1.06871427273604e-05 2.11942099974667e-07 no_error _Complex_Demographies_Scenario_1_ 1500 1501 0 0.05 GF_Model_IV
0.0110231742673081 1597.39157618735 5.49182850603969e-06 3.21990157340038e-07 no_error _Complex_Demographies_Scenario_1_ 1500 1501 0 0.05 GF_Model_IV
0.011331551899844 1521.34222381238 1.60169942295153e-05 2.3306791395479e-07 no_error _Complex_Demographies_Scenario_1_ 1500 1501 0 0.05 GF_Model_IV
0.011785261870907 1596.75629221842 9.28710707227375e-06 1.89226071652089e-07 no_error _Complex_Demographies_Scenario_1_ 1500 1501 0 0.05 GF_Model_IV
0.0108370128656297 1539.97584028576 3.49372242227535e-06 1.63862378562189e-07 no_error _Complex_Demographies_Scenario_1_ 1500 1501 0 0.05 GF_Model_IV
0.0109161971139114 1615.957230094 1.62317787136874e-05 1.76236409934833e-07 no_error _Complex_Demographies_Scenario_1_ 1500 1501 0 0.05 GF_Model_IV
0.010916613839887 1565.37129891399 1.25775993996002e-05 5.45543262628934e-07 no_error _Complex_Demographies_Scenario_1_ 1500 1501 0 0.05 GF_Model_IV
0.0105049220699792 1586.25526115455 1.41608971992063e-05 1.62074896509345e-07 no_error _Complex_Demographies_Scenario_1_ 1500 1501 0 0.05 GF_Model_IV
0.0117952805841076 1615.60444206726 5.26902064961344e-06 1.89485111493552e-07 no_error _Complex_Demographies_Scenario_1_ 1500 1501 0 0.05 GF_Model_IV
0.0106104981703535 1584.84829337746 1.67054846955646e-05 1.95483975550112e-07 no_error _Complex_Demographies_Scenario_1_ 1500 1501 0 0.05 GF_Model_IV
0.0105121743045416 1570.78509277865 1.8907766481734e-06 1.71675684126933e-07 no_error _Complex_Demographies_Scenario_1_ 1500 1501 0 0.05 GF_Model_IV
0.0115919366337017 1624.88354093269 7.6138627995042e-06 3.76324015640632e-07 no_error _Complex_Demographies_Scenario_1_ 1500 1501 0 0.05 GF_Model_IV
0.0100195984033838 1547.5152273527 7.68820211797259e-06 2.65334503964501e-07 no_error _Complex_Demographies_Scenario_1_ 1500 1501 0 0.05 GF_Model_IV
0.0103897337922456 1625.1789864848 1.54298636807942e-05 1.55399923388596e-07 no_error _Complex_Demographies_Scenario_1_ 1500 1501 0 0.05 GF_Model_IV
0.0111684256411215 1617.37418843189 9.96034402788097e-08 2.22167743470297e-07 no_error _Complex_Demographies_Scenario_1_ 1500 1501 0 0.05 GF_Model_IV
0.0100919360470192 1566.13694625353 6.01273266817336e-06 2.72896624437122e-07 no_error _Complex_Demographies_Scenario_1_ 1500 1501 0 0.05 GF_Model_IV
0.0101104893993394 1566.39452118323 1.23154948385174e-05 2.32017629596015e-07 no_error _Complex_Demographies_Scenario_1_ 1500 1501 0 0.05 GF_Model_IV
0.00988839201389078 1531.43527375854 9.68270214092077e-06 3.37976410459302e-07 no_error _Complex_Demographies_Scenario_1_ 1500 1501 0 0.05 GF_Model_IV
0.0100627747324006 1594.45366330727 7.8394581847447e-06 3.09438897786263e-07 no_error _Complex_Demographies_Scenario_1_ 1500 1501 0 0.05 GF_Model_IV
0.0110677951972405 1576.22556712249 1.04070613736696e-05 4.34535648077135e-07 no_error _Complex_Demographies_Scenario_1_ 1500 1501 0 0.05 GF_Model_IV
0.0113197561746319 1599.49874232844 1.20718009961391e-05 2.28613327759548e-07 no_error _Complex_Demographies_Scenario_1_ 1500 1501 0 0.05 GF_Model_IV
0.0114962305987081 1570.51212370179 7.88755302920094e-06 2.0234370272245e-07 no_error _Complex_Demographies_Scenario_1_ 1500 1501 0 0.05 GF_Model_IV
0.0107694264548688 1622.78304679309 8.25986227055819e-06 2.19793825430346e-07 no_error _Complex_Demographies_Scenario_1_ 1500 1501 0 0.05 GF_Model_IV
0.00938771619287238 1647.99901348031 5.26928590776677e-06 1.62728116079882e-07 no_error _Complex_Demographies_Scenario_1_ 1500 1501 0 0.05 GF_Model_IV
0.0108156677204095 1583.13480417923 1.66712468611077e-05 1.59257651313859e-07 no_error _Complex_Demographies_Scenario_1_ 1500 1501 0 0.05 GF_Model_IV
0.0107527059919738 1565.10607364074 4.20295049036968e-06 2.02955071956561e-07 no_error _Complex_Demographies_Scenario_1_ 1500 1501 0 0.05 GF_Model_IV
0.0112781864794792 1593.96631742901 1.42068290499184e-06 1.88507343950078e-07 no_error _Complex_Demographies_Scenario_1_ 1500 1501 0 0.05 GF_Model_IV
0.0104974904661133 1576.45137245816 1.085575706497e-05 1.9240222257782e-07 no_error _Complex_Demographies_Scenario_1_ 1500 1501 0 0.05 GF_Model_IV
0.0105892980578663 1575.32385827553 4.81061961860768e-06 2.85069625731248e-07 no_error _Complex_Demographies_Scenario_1_ 1500 1501 0 0.05 GF_Model_IV
0.00987840377949859 1620.10255847878 2.1915565774172e-06 4.13575577199371e-07 no_error _Complex_Demographies_Scenario_1_ 1500 1501 0 0.05 GF_Model_IV
0.0106827045179748 1570.20648066006 1.39989718826013e-05 4.52740506189713e-07 no_error _Complex_Demographies_Scenario_1_ 1500 1501 0 0.05 GF_Model_IV
0.0115258540671031 1571.68817872301 1.10862508805115e-05 2.28932601792487e-07 no_error _Complex_Demographies_Scenario_1_ 1500 1501 0 0.05 GF_Model_IV
0.0109359643467529 1566.71687787898 8.5085179744848e-06 3.12688810261071e-07 no_error _Complex_Demographies_Scenario_1_ 1500 1501 0 0.05 GF_Model_IV
0.00989045695939841 1559.440611048 2.66526239128851e-07 1.34733466728608e-07 no_error _Complex_Demographies_Scenario_1_ 1500 1501 0 0.05 GF_Model_IV
0.0106248989433118 1542.94111301249 2.80901490241399e-06 4.08517442900999e-07 no_error _Complex_Demographies_Scenario_1_ 1500 1501 0 0.05 GF_Model_IV
0.00922866286281208 1573.50114525471 6.75825825791471e-06 1.71280149169237e-07 no_error _Complex_Demographies_Scenario_1_ 1500 1501 0 0.05 GF_Model_IV
0.0106427703768421 1580.1009311756 5.47114256392663e-06 1.41948989890463e-07 no_error _Complex_Demographies_Scenario_1_ 1500 1501 0 0.05 GF_Model_IV
0.0106696224627765 1599.16626328715 1.27607403253512e-05 2.48753070361635e-07 no_error _Complex_Demographies_Scenario_1_ 1500 1501 0 0.05 GF_Model_IV
0.0120008664648814 1622.10816679927 1.29335858205873e-05 1.76142787251664e-07 no_error _Complex_Demographies_Scenario_1_ 1500 1501 0 0.05 GF_Model_IV
0.0112039983462452 1598.47275164135 2.75375587149897e-06 2.83311197708301e-07 no_error _Complex_Demographies_Scenario_1_ 1500 1501 0 0.05 GF_Model_IV
0.00943711816536129 1574.44002021813 8.36213451468194e-06 1.48652692457517e-07 no_error _Complex_Demographies_Scenario_1_ 1500 1501 0 0.05 GF_Model_IV
0.0120492682048493 1558.61919867844 1.66136977078257e-05 2.69602238161113e-07 no_error _Complex_Demographies_Scenario_1_ 1500 1501 0 0.05 GF_Model_IV
0.0101705890878911 1558.84754157174 4.18679221500679e-06 2.85490841604117e-07 no_error _Complex_Demographies_Scenario_1_ 1500 1501 0 0.05 GF_Model_IV
0.0103353056572171 1593.47084072722 5.53307033540547e-06 2.31520406781628e-07 no_error _Complex_Demographies_Scenario_1_ 1500 1501 0 0.05 GF_Model_IV
0.0106297140747769 1555.28875757664 4.6825929144394e-06 1.80709963958499e-07 no_error _Complex_Demographies_Scenario_1_ 1500 1501 0 0.05 GF_Model_IV
0.0115060931053264 1592.61551524302 1.31667483481998e-05 2.15842189856044e-07 no_error _Complex_Demographies_Scenario_1_ 1500 1501 0 0.05 GF_Model_IV
0.0104815697260762 1604.7618682916 7.01839702270719e-06 1.70571388391363e-07 no_error _Complex_Demographies_Scenario_1_ 1500 1501 0 0.05 GF_Model_IV
0.0107278070058719 1581.98934082747 4.38055061657293e-06 1.70822472680504e-07 no_error _Complex_Demographies_Scenario_1_ 1500 1501 0 0.05 GF_Model_IV
0.010713003416963 1563.42241011905 1.19857323792166e-05 2.71527846439591e-07 no_error _Complex_Demographies_Scenario_1_ 1500 1501 0 0.05 GF_Model_IV
0.0106175331234595 1571.1527458637 1.55303950255725e-05 1.55929553165041e-07 no_error _Complex_Demographies_Scenario_1_ 1500 1501 0 0.05 GF_Model_IV
0.0116245851228438 1620.64918549581 1.72030717409615e-05 2.56504632984904e-07 no_error _Complex_Demographies_Scenario_1_ 1500 1501 0 0.05 GF_Model_IV
0.0106198075195525 1577.98630426812 1.25916480161e-05 2.19171353725372e-07 no_error _Complex_Demographies_Scenario_1_ 1500 1501 0 0.05 GF_Model_IV
0.0109175958618621 1532.86324556411 1.49285918584338e-05 4.75173271061422e-07 no_error _Complex_Demographies_Scenario_1_ 1500 1501 0 0.05 GF_Model_IV
0.0105002393248827 1594.62752418398 4.35019444402071e-06 1.96427732610054e-07 no_error _Complex_Demographies_Scenario_1_ 1500 1501 0 0.05 GF_Model_IV
0.0100380012600007 1583.42324230962 1.25420946678358e-05 2.55042023189423e-07 no_error _Complex_Demographies_Scenario_1_ 1500 1501 0 0.05 GF_Model_IV
0.0104361672321407 1607.6652081046 1.14201028180371e-05 1.65248646164493e-07 no_error _Complex_Demographies_Scenario_1_ 1500 1501 0 0.05 GF_Model_IV
0.0101462955642375 1638.71177722404 1.33254924616269e-05 1.80249202593379e-07 no_error _Complex_Demographies_Scenario_1_ 1500 1501 0 0.05 GF_Model_IV
0.010848601517451 1594.98499619659 6.45799171388403e-06 2.51332074888877e-07 no_error _Complex_Demographies_Scenario_1_ 1500 1501 0 0.05 GF_Model_IV
0.0100733967325311 1583.20294071968 8.79370380696883e-06 3.50131297235206e-07 no_error _Complex_Demographies_Scenario_1_ 1500 1501 0 0.05 GF_Model_IV
0.0112099904165145 1534.75515608108 5.59756355481387e-06 2.89544083056212e-07 no_error _Complex_Demographies_Scenario_1_ 1500 1501 0 0.05 GF_Model_IV
0.0103180720790019 1571.51172936713 4.35237119507055e-06 2.57387043233022e-07 no_error _Complex_Demographies_Scenario_1_ 1500 1501 0 0.05 GF_Model_IV
0.0107978594503863 1600.7476069185 5.29177212076906e-06 2.52001843659027e-07 no_error _Complex_Demographies_Scenario_1_ 1500 1501 0 0.05 GF_Model_IV
0.00959393378842936 1551.72992678765 7.51465126979053e-06 2.56423412362212e-07 no_error _Complex_Demographies_Scenario_1_ 1500 1501 0 0.05 GF_Model_IV
0.0102392431976546 1591.59591561271 3.30851121563657e-06 1.91698785169108e-07 no_error _Complex_Demographies_Scenario_1_ 1500 1501 0 0.05 GF_Model_IV
0.0120677327205397 1628.25709024397 6.52364407376731e-06 2.58888086904539e-07 no_error _Complex_Demographies_Scenario_1_ 1500 1501 0 0.05 GF_Model_IV
0.0106252303212253 1552.89621384155 6.39348670147317e-06 2.6134474066217e-07 no_error _Complex_Demographies_Scenario_1_ 1500 1501 0 0.05 GF_Model_IV
0.152296580392915 1300.30456230235 8.19640924786935e-05 0.000137602426899356 no_error _Complex_Demographies_Scenario_2_ 1500 1501 1 0.05 GF_Model_IV
0.146347335359661 1272.46433193359 -6.30843219260282e-05 6.89012938081666e-05 no_error _Complex_Demographies_Scenario_2_ 1500 1501 1 0.05 GF_Model_IV
0.150875123802323 1295.08018039966 -3.67007865197797e-05 9.59610430098415e-05 no_error _Complex_Demographies_Scenario_2_ 1500 1501 1 0.05 GF_Model_IV
0.151457430564438 1293.4530280583 9.74704229225721e-05 0.00012740860848288 no_error _Complex_Demographies_Scenario_2_ 1500 1501 1 0.05 GF_Model_IV
0.156290784450086 1293.71458586285 -1.14753877476025e-05 0.000117328313354526 no_error _Complex_Demographies_Scenario_2_ 1500 1501 1 0.05 GF_Model_IV
0.157409998401655 1363.88806777563 -4.99976342194589e-05 0.000168105923453784 no_error _Complex_Demographies_Scenario_2_ 1500 1501 1 0.05 GF_Model_IV
0.147439923067546 1335.13979362184 6.02477622201158e-05 0.000100635575326099 no_error _Complex_Demographies_Scenario_2_ 1500 1501 1 0.05 GF_Model_IV
0.150110881866157 1319.69713006353 0.000107874186512957 0.000118103185600456 no_error _Complex_Demographies_Scenario_2_ 1500 1501 1 0.05 GF_Model_IV
0.148160914177286 1241.48285070612 0.000136503869419266 6.65918524822727e-05 no_error _Complex_Demographies_Scenario_2_ 1500 1501 1 0.05 GF_Model_IV
0.148308733963764 1304.724626395 -0.000126355019336294 0.000104381906545061 no_error _Complex_Demographies_Scenario_2_ 1500 1501 1 0.05 GF_Model_IV
0.140630712920684 1224.9943184453 -8.29440239951645e-05 0.000144831921314175 no_error _Complex_Demographies_Scenario_2_ 1500 1501 1 0.05 GF_Model_IV
0.145151249412452 1280.75253325622 -3.31181895125246e-05 0.000144648935225568 no_error _Complex_Demographies_Scenario_2_ 1500 1501 1 0.05 GF_Model_IV
0.149658687683421 1252.05012210872 -2.97213753225092e-05 8.51854518844814e-05 no_error _Complex_Demographies_Scenario_2_ 1500 1501 1 0.05 GF_Model_IV
0.152873964960292 1298.03329227301 -2.27157924857028e-06 0.000111924116700535 no_error _Complex_Demographies_Scenario_2_ 1500 1501 1 0.05 GF_Model_IV
0.149696503180166 1356.66360107723 0.000336147557753253 0.000117995716199691 no_error _Complex_Demographies_Scenario_2_ 1500 1501 1 0.05 GF_Model_IV
0.147548276349547 1299.26393752629 0.000242216880972816 9.76381490520742e-05 no_error _Complex_Demographies_Scenario_2_ 1500 1501 1 0.05 GF_Model_IV
0.158105507880328 1317.5229353319 0.000352660350225192 0.000252912740642371 no_error _Complex_Demographies_Scenario_2_ 1500 1501 1 0.05 GF_Model_IV
0.14830515207485 1302.72763401683 -1.52122907039336e-05 7.06644029619603e-05 no_error _Complex_Demographies_Scenario_2_ 1500 1501 1 0.05 GF_Model_IV
0.15143750430191 1286.55204918652 7.46113276677982e-05 0.000161771049508424 no_error _Complex_Demographies_Scenario_2_ 1500 1501 1 0.05 GF_Model_IV
0.147021445882311 1304.71274855551 -5.9864483204294e-05 4.97838593355546e-05 no_error _Complex_Demographies_Scenario_2_ 1500 1501 1 0.05 GF_Model_IV
0.157085155880991 1309.67313818499 0.000182651983115836 0.000150826918504388 no_error _Complex_Demographies_Scenario_2_ 1500 1501 1 0.05 GF_Model_IV
0.145270336026581 1260.11821794464 0.000317072184827306 9.11142803976578e-05 no_error _Complex_Demographies_Scenario_2_ 1500 1501 1 0.05 GF_Model_IV
0.147112389722589 1283.61401086033 0.000365020588536007 0.00010098269180844 no_error _Complex_Demographies_Scenario_2_ 1500 1501 1 0.05 GF_Model_IV
0.152700215367543 1379.51275088444 7.7759893385525e-05 0.00014423703344382 no_error _Complex_Demographies_Scenario_2_ 1500 1501 1 0.05 GF_Model_IV
0.149670651651549 1302.89360508796 0.000143566870091803 0.000113939967174672 no_error _Complex_Demographies_Scenario_2_ 1500 1501 1 0.05 GF_Model_IV
0.153597501310131 1298.06261075473 0.000214888310533363 0.000126676744699864 no_error _Complex_Demographies_Scenario_2_ 1500 1501 1 0.05 GF_Model_IV
0.152677032878807 1294.01156692879 0.000167858045514732 8.29210951933835e-05 no_error _Complex_Demographies_Scenario_2_ 1500 1501 1 0.05 GF_Model_IV
0.151089351697231 1332.35833185369 0.000258735264376096 6.83089510228793e-05 no_error _Complex_Demographies_Scenario_2_ 1500 1501 1 0.05 GF_Model_IV
0.152730190290035 1343.40291907651 -4.52594554496387e-05 0.000100378297674083 no_error _Complex_Demographies_Scenario_2_ 1500 1501 1 0.05 GF_Model_IV
0.154573124576899 1314.42834485612 0.000284233835221817 6.29898152048821e-05 no_error _Complex_Demographies_Scenario_2_ 1500 1501 1 0.05 GF_Model_IV
0.146923384486926 1297.40360061831 0.000216840340523877 0.000113745846877121 no_error _Complex_Demographies_Scenario_2_ 1500 1501 1 0.05 GF_Model_IV
0.149752518462426 1327.33965329805 0.000160461690759295 0.000111631040357339 no_error _Complex_Demographies_Scenario_2_ 1500 1501 1 0.05 GF_Model_IV
0.14701340608283 1237.47546392655 2.2760674015763e-05 8.4281464099435e-05 no_error _Complex_Demographies_Scenario_2_ 1500 1501 1 0.05 GF_Model_IV
0.153957471911972 1276.24582467844 -0.00011315505761219 0.000101697734108091 no_error _Complex_Demographies_Scenario_2_ 1500 1501 1 0.05 GF_Model_IV
0.147682826829907 1299.38230382176 0.000110131253441886 0.000156539055244043 no_error _Complex_Demographies_Scenario_2_ 1500 1501 1 0.05 GF_Model_IV
0.149602668067869 1301.13282296871 0.000270461079057459 8.29115041378825e-05 no_error _Complex_Demographies_Scenario_2_ 1500 1501 1 0.05 GF_Model_IV
0.149722469207054 1288.21219808844 0.000223149397844544 7.29403761359946e-05 no_error _Complex_Demographies_Scenario_2_ 1500 1501 1 0.05 GF_Model_IV
0.148862453981509 1283.8689832937 0.000208290414998079 5.90154137371131e-05 no_error _Complex_Demographies_Scenario_2_ 1500 1501 1 0.05 GF_Model_IV
0.148294343087891 1297.94552766689 0.000264618891960634 9.07705977708153e-05 no_error _Complex_Demographies_Scenario_2_ 1500 1501 1 0.05 GF_Model_IV
0.149615706052998 1266.50313978003 4.68041569143658e-05 0.000160119625696337 no_error _Complex_Demographies_Scenario_2_ 1500 1501 1 0.05 GF_Model_IV
0.148353474348981 1294.42474523393 3.84253900379964e-05 9.72610795217775e-05 no_error _Complex_Demographies_Scenario_2_ 1500 1501 1 0.05 GF_Model_IV
0.146581571145042 1300.07605389682 0.000148546125895814 6.01766649060058e-05 no_error _Complex_Demographies_Scenario_2_ 1500 1501 1 0.05 GF_Model_IV
0.150201230295456 1283.90034242906 3.00936621128465e-05 0.000104382779682498 no_error _Complex_Demographies_Scenario_2_ 1500 1501 1 0.05 GF_Model_IV
0.147267404473245 1261.01079795588 0.000209060585879885 8.90336477481446e-05 no_error _Complex_Demographies_Scenario_2_ 1500 1501 1 0.05 GF_Model_IV
0.149449985621069 1293.84848817913 0.000217479927223735 0.000117750104209302 no_error _Complex_Demographies_Scenario_2_ 1500 1501 1 0.05 GF_Model_IV
0.147841256112781 1305.18725243024 0.00023252475897117 7.3414676649103e-05 no_error _Complex_Demographies_Scenario_2_ 1500 1501 1 0.05 GF_Model_IV
0.14811225752246 1293.4711388465 5.86801585467846e-05 9.72946615913901e-05 no_error _Complex_Demographies_Scenario_2_ 1500 1501 1 0.05 GF_Model_IV
0.149648794373613 1271.92361445685 0.000231530618940322 6.99889779367414e-05 no_error _Complex_Demographies_Scenario_2_ 1500 1501 1 0.05 GF_Model_IV
0.150950691728665 1329.47664836437 0.000100545539424118 0.000165531608495428 no_error _Complex_Demographies_Scenario_2_ 1500 1501 1 0.05 GF_Model_IV
0.149476551932451 1327.94994808383 -5.1576620001308e-05 8.36509935163714e-05 no_error _Complex_Demographies_Scenario_2_ 1500 1501 1 0.05 GF_Model_IV
0.143033365335678 1263.8742665578 7.0279303515338e-05 0.000124686822635381 no_error _Complex_Demographies_Scenario_2_ 1500 1501 1 0.05 GF_Model_IV
0.148863954785888 1293.06462843774 8.99219668271075e-05 8.40835236998337e-05 no_error _Complex_Demographies_Scenario_2_ 1500 1501 1 0.05 GF_Model_IV
0.157862257443399 1369.15621947253 0.000186309493134497 9.27300014972455e-05 no_error _Complex_Demographies_Scenario_2_ 1500 1501 1 0.05 GF_Model_IV
0.146354819697723 1278.28470677382 0.000273254853022039 0.000162625112096864 no_error _Complex_Demographies_Scenario_2_ 1500 1501 1 0.05 GF_Model_IV
0.15277467520656 1305.60963520553 -1.08678212078828e-05 0.000108832856984273 no_error _Complex_Demographies_Scenario_2_ 1500 1501 1 0.05 GF_Model_IV
0.152200192319165 1294.32407331461 9.77345679476985e-05 0.000103747870149083 no_error _Complex_Demographies_Scenario_2_ 1500 1501 1 0.05 GF_Model_IV
0.141274837076357 1281.31026241375 -2.24628230841619e-05 9.70464715488648e-05 no_error _Complex_Demographies_Scenario_2_ 1500 1501 1 0.05 GF_Model_IV
0.145772711630278 1268.39560718844 2.0513701041713e-05 0.000121465837545643 no_error _Complex_Demographies_Scenario_2_ 1500 1501 1 0.05 GF_Model_IV
0.148905386045419 1300.53933382661 -0.000308278196171572 0.000119202352594286 no_error _Complex_Demographies_Scenario_2_ 1500 1501 1 0.05 GF_Model_IV
0.151906889437145 1312.73215566814 0.00011334089383445 0.000148924154525956 no_error _Complex_Demographies_Scenario_2_ 1500 1501 1 0.05 GF_Model_IV
0.153180820750923 1313.51882685767 0.000233432706737079 8.52009554668203e-05 no_error _Complex_Demographies_Scenario_2_ 1500 1501 1 0.05 GF_Model_IV
0.149435766576479 1263.85977202155 0.000198094501225594 8.98597510575305e-05 no_error _Complex_Demographies_Scenario_2_ 1500 1501 1 0.05 GF_Model_IV
0.157979408591609 1331.8677356448 -6.58234630077532e-05 0.000208435501557702 no_error _Complex_Demographies_Scenario_2_ 1500 1501 1 0.05 GF_Model_IV
0.143630834403528 1276.19672479674 -0.000150506535751172 7.95217562948885e-05 no_error _Complex_Demographies_Scenario_2_ 1500 1501 1 0.05 GF_Model_IV
0.154760457754869 1290.56408723854 0.000128098858702182 0.000150042982684606 no_error _Complex_Demographies_Scenario_2_ 1500 1501 1 0.05 GF_Model_IV
0.150325285247496 1351.34593630995 0.000200610769332262 0.000106567363398565 no_error _Complex_Demographies_Scenario_2_ 1500 1501 1 0.05 GF_Model_IV
0.149648243481925 1279.36178040562 1.7893243783427e-05 7.77650518308814e-05 no_error _Complex_Demographies_Scenario_2_ 1500 1501 1 0.05 GF_Model_IV
0.154069297807932 1311.57386903545 2.10826830594595e-05 8.74977477834047e-05 no_error _Complex_Demographies_Scenario_2_ 1500 1501 1 0.05 GF_Model_IV
0.155340108047012 1315.42352979188 0.000219300467046015 0.000116289657722821 no_error _Complex_Demographies_Scenario_2_ 1500 1501 1 0.05 GF_Model_IV
0.158198995791309 1341.82670642059 8.21717029913681e-06 0.000194164464705075 no_error _Complex_Demographies_Scenario_2_ 1500 1501 1 0.05 GF_Model_IV
0.149252594613897 1309.16875134297 0.000159128024346303 8.90685504315824e-05 no_error _Complex_Demographies_Scenario_2_ 1500 1501 1 0.05 GF_Model_IV
0.149220683294296 1249.15851137455 -1.99750912000904e-05 7.69195428595321e-05 no_error _Complex_Demographies_Scenario_2_ 1500 1501 1 0.05 GF_Model_IV
0.154598801470499 1311.02718014172 0.000373941503387841 9.4564578307744e-05 no_error _Complex_Demographies_Scenario_2_ 1500 1501 1 0.05 GF_Model_IV
0.144913873328456 1278.9295707372 0.000163448843375562 0.000145388844405753 no_error _Complex_Demographies_Scenario_2_ 1500 1501 1 0.05 GF_Model_IV
0.148840124425649 1317.34925742537 0.000226956543813381 8.15923901027104e-05 no_error _Complex_Demographies_Scenario_2_ 1500 1501 1 0.05 GF_Model_IV
0.154613156086617 1323.77442382859 3.56715691409981e-05 0.000151631526205337 no_error _Complex_Demographies_Scenario_2_ 1500 1501 1 0.05 GF_Model_IV
0.148304015536739 1276.53956495274 6.97736927381417e-05 0.000221999282938219 no_error _Complex_Demographies_Scenario_2_ 1500 1501 1 0.05 GF_Model_IV
0.149022153935301 1279.39836800491 6.84382756341938e-06 0.000103188197456866 no_error _Complex_Demographies_Scenario_2_ 1500 1501 1 0.05 GF_Model_IV
0.146319664918093 1273.92453566373 -8.57302193715604e-05 5.54173485786999e-05 no_error _Complex_Demographies_Scenario_2_ 1500 1501 1 0.05 GF_Model_IV
0.152732258605039 1332.42031543628 0.000359847870218171 0.000171446518246429 no_error _Complex_Demographies_Scenario_2_ 1500 1501 1 0.05 GF_Model_IV
0.155256744597991 1304.41149520336 8.22426246563779e-05 0.000173405643028733 no_error _Complex_Demographies_Scenario_2_ 1500 1501 1 0.05 GF_Model_IV
0.156315275583249 1260.590591391 -5.56215493436603e-05 0.000168743421102006 no_error _Complex_Demographies_Scenario_2_ 1500 1501 1 0.05 GF_Model_IV
0.147373296903928 1241.87006423152 1.50542868525057e-05 0.000109651587663508 no_error _Complex_Demographies_Scenario_2_ 1500 1501 1 0.05 GF_Model_IV
0.147863262851504 1279.66702300836 0.000247261961888582 0.000141656189687164 no_error _Complex_Demographies_Scenario_2_ 1500 1501 1 0.05 GF_Model_IV
0.147675725210894 1282.23942185039 0.000355125863636877 0.000126913541269637 no_error _Complex_Demographies_Scenario_2_ 1500 1501 1 0.05 GF_Model_IV
0.151136594716243 1319.43256943071 0.000238631648765697 8.03032932465758e-05 no_error _Complex_Demographies_Scenario_2_ 1500 1501 1 0.05 GF_Model_IV
0.148535020202889 1281.70498101613 0.000305206951090818 7.10537816457323e-05 no_error _Complex_Demographies_Scenario_2_ 1500 1501 1 0.05 GF_Model_IV
0.147311291363937 1291.55218312907 -9.06417206220929e-05 0.00014805976047828 no_error _Complex_Demographies_Scenario_2_ 1500 1501 1 0.05 GF_Model_IV
0.149245982695385 1330.50006391597 0.00017587174224731 9.21596362917216e-05 no_error _Complex_Demographies_Scenario_2_ 1500 1501 1 0.05 GF_Model_IV
0.150314978186326 1285.33282676122 9.72740032124838e-05 9.43401901169899e-05 no_error _Complex_Demographies_Scenario_2_ 1500 1501 1 0.05 GF_Model_IV
0.144465198770405 1264.54832534855 6.75989690282849e-05 9.73252154326734e-05 no_error _Complex_Demographies_Scenario_2_ 1500 1501 1 0.05 GF_Model_IV
0.149853352962893 1298.77565634772 -5.93087034624989e-05 0.000173541629389206 no_error _Complex_Demographies_Scenario_2_ 1500 1501 1 0.05 GF_Model_IV
0.150907322654921 1299.37549503453 8.9426635570716e-05 0.000144927297884993 no_error _Complex_Demographies_Scenario_2_ 1500 1501 1 0.05 GF_Model_IV
0.148748277211103 1239.33164772344 0.000100498458989025 0.00012699635358033 no_error _Complex_Demographies_Scenario_2_ 1500 1501 1 0.05 GF_Model_IV
0.157271364108836 1286.50284709502 -0.00011055149611186 0.000180707321337882 no_error _Complex_Demographies_Scenario_2_ 1500 1501 1 0.05 GF_Model_IV
0.146433834710661 1276.13130024323 3.2384351381089e-05 8.39408939111427e-05 no_error _Complex_Demographies_Scenario_2_ 1500 1501 1 0.05 GF_Model_IV
0.152277598009594 1310.83679305477 0.000118555006822076 9.87632183560366e-05 no_error _Complex_Demographies_Scenario_2_ 1500 1501 1 0.05 GF_Model_IV
0.151541939212572 1251.33068221081 -0.000248822805780844 5.57184643043149e-05 no_error _Complex_Demographies_Scenario_2_ 1500 1501 1 0.05 GF_Model_IV
0.150443050421429 1296.20706814264 0.000142067001583035 9.12315239999955e-05 no_error _Complex_Demographies_Scenario_2_ 1500 1501 1 0.05 GF_Model_IV
0.149705334568079 1264.10810570711 -0.000233949803473329 0.000117147442453266 no_error _Complex_Demographies_Scenario_2_ 1500 1501 1 0.05 GF_Model_IV
0.0107871844897442 1405.58823489934 1.5081616527442e-05 2.39705669063542e-07 no_error _Complex_Demographies_Scenario_3_ 750 2250 0 0.05 GF_Model_IV
0.00940675877577134 1406.91037040072 1.59910462371694e-05 3.05959054639066e-07 no_error _Complex_Demographies_Scenario_3_ 750 2250 0 0.05 GF_Model_IV
0.010036763488694 1498.58304271724 1.85114210119429e-05 4.7370786299049e-07 no_error _Complex_Demographies_Scenario_3_ 750 2250 0 0.05 GF_Model_IV
0.00944688609897964 1503.92795686389 1.09660708986092e-05 2.33967306972116e-07 no_error _Complex_Demographies_Scenario_3_ 750 2250 0 0.05 GF_Model_IV
0.0098161872905716 1469.38849252866 1.31838419182482e-05 5.56637255610179e-07 no_error _Complex_Demographies_Scenario_3_ 750 2250 0 0.05 GF_Model_IV
0.0104778344749483 1434.98864654175 2.6090312175361e-05 7.7634996379461e-07 no_error _Complex_Demographies_Scenario_3_ 750 2250 0 0.05 GF_Model_IV
0.00907859565195586 1417.22951131464 1.19482000196337e-05 3.90693489193697e-07 no_error _Complex_Demographies_Scenario_3_ 750 2250 0 0.05 GF_Model_IV
0.00864924054104354 1422.99661905958 2.07166184060682e-05 5.7192126860895e-07 no_error _Complex_Demographies_Scenario_3_ 750 2250 0 0.05 GF_Model_IV
0.00944684717984651 1436.50348765081 1.4355714773057e-05 6.13479949053301e-07 no_error _Complex_Demographies_Scenario_3_ 750 2250 0 0.05 GF_Model_IV
0.00941664941200724 1478.47333751756 9.79109130914368e-06 4.6269108975597e-07 no_error _Complex_Demographies_Scenario_3_ 750 2250 0 0.05 GF_Model_IV
0.00923589202159361 1440.45417225655 1.20134122454514e-05 6.12319091182388e-07 no_error _Complex_Demographies_Scenario_3_ 750 2250 0 0.05 GF_Model_IV
0.00927767441098482 1417.5716036145 2.5671219044923e-05 5.49056763715605e-07 no_error _Complex_Demographies_Scenario_3_ 750 2250 0 0.05 GF_Model_IV
0.00971093695470203 1421.50577954729 1.81979109666183e-05 5.9091340776345e-07 no_error _Complex_Demographies_Scenario_3_ 750 2250 0 0.05 GF_Model_IV
0.0101995506551369 1457.62366103319 1.18229361729068e-05 4.16378054971108e-07 no_error _Complex_Demographies_Scenario_3_ 750 2250 0 0.05 GF_Model_IV
0.0101439721773691 1438.80112968233 5.46028098310112e-06 4.7672689687837e-07 no_error _Complex_Demographies_Scenario_3_ 750 2250 0 0.05 GF_Model_IV
0.0101093188388456 1454.93250449298 1.72774575691422e-05 5.78401380975386e-07 no_error _Complex_Demographies_Scenario_3_ 750 2250 0 0.05 GF_Model_IV
0.0100218398554928 1422.89515295348 1.41634481471876e-05 2.52679923272041e-07 no_error _Complex_Demographies_Scenario_3_ 750 2250 0 0.05 GF_Model_IV
0.00979600586534727 1455.39534124773 2.00774298705053e-05 3.11856243700573e-07 no_error _Complex_Demographies_Scenario_3_ 750 2250 0 0.05 GF_Model_IV
0.00951570484798358 1439.6756757602 1.98565877395377e-05 5.30426457843627e-07 no_error _Complex_Demographies_Scenario_3_ 750 2250 0 0.05 GF_Model_IV
0.00925558740954029 1439.27188078537 1.85881040446169e-05 5.73475432386887e-07 no_error _Complex_Demographies_Scenario_3_ 750 2250 0 0.05 GF_Model_IV
0.00836057990732766 1473.82466952388 1.16798307396165e-05 3.74400085498202e-07 no_error _Complex_Demographies_Scenario_3_ 750 2250 0 0.05 GF_Model_IV
0.0101765082513984 1459.27978863903 1.62311535087953e-05 3.67947666533281e-07 no_error _Complex_Demographies_Scenario_3_ 750 2250 0 0.05 GF_Model_IV
0.00941956745357002 1375.52248817291 5.06552941506737e-06 4.50626915646968e-07 no_error _Complex_Demographies_Scenario_3_ 750 2250 0 0.05 GF_Model_IV
0.010059001341861 1461.73632359799 1.32212462461371e-05 4.01786328779479e-07 no_error _Complex_Demographies_Scenario_3_ 750 2250 0 0.05 GF_Model_IV
0.0103411505017799 1530.96945616775 1.50513538145868e-05 3.66598574859476e-07 no_error _Complex_Demographies_Scenario_3_ 750 2250 0 0.05 GF_Model_IV
0.0095621113430198 1445.35992644403 1.25766953532849e-05 5.74799509532838e-07 no_error _Complex_Demographies_Scenario_3_ 750 2250 0 0.05 GF_Model_IV
0.00961032463300369 1440.35749046766 1.0816805732016e-05 2.22838794450689e-07 no_error _Complex_Demographies_Scenario_3_ 750 2250 0 0.05 GF_Model_IV
0.00889179154329471 1414.58071248879 1.05646049409915e-05 6.11533108964921e-07 no_error _Complex_Demographies_Scenario_3_ 750 2250 0 0.05 GF_Model_IV
0.00989860235461845 1447.02438023466 1.2683692541059e-05 4.70869753749784e-07 no_error _Complex_Demographies_Scenario_3_ 750 2250 0 0.05 GF_Model_IV
0.00958477446339547 1411.78714634948 2.79355716071778e-06 4.18730897999687e-07 no_error _Complex_Demographies_Scenario_3_ 750 2250 0 0.05 GF_Model_IV
0.0082834815404481 1495.23794547029 7.09405026368151e-06 3.12501407244124e-07 no_error _Complex_Demographies_Scenario_3_ 750 2250 0 0.05 GF_Model_IV
0.0100594415681605 1423.5370975653 8.98181251686509e-06 3.18771494776257e-07 no_error _Complex_Demographies_Scenario_3_ 750 2250 0 0.05 GF_Model_IV
0.0092641818789936 1522.26768214238 1.45390028271107e-05 2.74543284252257e-07 no_error _Complex_Demographies_Scenario_3_ 750 2250 0 0.05 GF_Model_IV
0.00987921435663835 1441.89974813351 1.20463914991991e-05 5.21391202833194e-07 no_error _Complex_Demographies_Scenario_3_ 750 2250 0 0.05 GF_Model_IV
0.010206939945161 1447.29294550041 1.93632739788994e-05 3.69168967424841e-07 no_error _Complex_Demographies_Scenario_3_ 750 2250 0 0.05 GF_Model_IV
0.00947679166859215 1457.70122914969 1.36136192355901e-05 1.55718003061404e-07 no_error _Complex_Demographies_Scenario_3_ 750 2250 0 0.05 GF_Model_IV
0.0103961635245639 1410.40296454542 2.08802082456281e-05 5.24516465058595e-07 no_error _Complex_Demographies_Scenario_3_ 750 2250 0 0.05 GF_Model_IV
0.00936246848930598 1379.77825453876 1.7315695384513e-05 8.06330627139071e-07 no_error _Complex_Demographies_Scenario_3_ 750 2250 0 0.05 GF_Model_IV
0.010075215911231 1435.12590833912 1.5352925283928e-05 7.91313828320735e-07 no_error _Complex_Demographies_Scenario_3_ 750 2250 0 0.05 GF_Model_IV
0.00980207040110184 1397.16221159442 5.56986215968231e-06 5.90901252898899e-07 no_error _Complex_Demographies_Scenario_3_ 750 2250 0 0.05 GF_Model_IV
0.00933105585390542 1429.01849501111 1.45941935028264e-05 7.24775556502714e-07 no_error _Complex_Demographies_Scenario_3_ 750 2250 0 0.05 GF_Model_IV
0.0101174757998422 1420.74329141502 6.85775475391651e-06 4.66553090526944e-07 no_error _Complex_Demographies_Scenario_3_ 750 2250 0 0.05 GF_Model_IV
0.0103448733188403 1401.99712053793 1.82183077179596e-05 8.29750456668175e-07 no_error _Complex_Demographies_Scenario_3_ 750 2250 0 0.05 GF_Model_IV
0.00916689925610836 1492.67126458375 1.29246983121735e-05 3.99189552133931e-07 no_error _Complex_Demographies_Scenario_3_ 750 2250 0 0.05 GF_Model_IV
0.00985147680356822 1393.03449960629 1.81397908095028e-05 6.41227737504866e-07 no_error _Complex_Demographies_Scenario_3_ 750 2250 0 0.05 GF_Model_IV
0.00849681060763864 1399.30811138889 4.80205297919961e-06 4.539874614235e-07 no_error _Complex_Demographies_Scenario_3_ 750 2250 0 0.05 GF_Model_IV
0.00912451725661587 1474.93441263462 1.909582283086e-05 2.20350268523439e-07 no_error _Complex_Demographies_Scenario_3_ 750 2250 0 0.05 GF_Model_IV
0.0101111945976186 1382.03368650803 1.22290165400531e-05 4.44822630498732e-07 no_error _Complex_Demographies_Scenario_3_ 750 2250 0 0.05 GF_Model_IV
0.0103011316751013 1432.62820947135 1.93508508048133e-05 5.16404617104681e-07 no_error _Complex_Demographies_Scenario_3_ 750 2250 0 0.05 GF_Model_IV
0.0092144920122896 1444.8345535431 9.18029310690226e-06 2.3367564705901e-07 no_error _Complex_Demographies_Scenario_3_ 750 2250 0 0.05 GF_Model_IV
0.00949178862657416 1442.36193370093 1.1193044327735e-05 2.03779151763818e-07 no_error _Complex_Demographies_Scenario_3_ 750 2250 0 0.05 GF_Model_IV
0.0098897002086917 1417.18397106243 1.49137305931281e-05 4.19333266804854e-07 no_error _Complex_Demographies_Scenario_3_ 750 2250 0 0.05 GF_Model_IV
0.00930277590913008 1467.16416427911 2.17509629611355e-05 2.79313799733813e-07 no_error _Complex_Demographies_Scenario_3_ 750 2250 0 0.05 GF_Model_IV
0.00961573445410178 1513.95903526202 2.28558896687223e-05 3.74985155405694e-07 no_error _Complex_Demographies_Scenario_3_ 750 2250 0 0.05 GF_Model_IV
0.00954563885357903 1474.31413631358 1.29289389841606e-05 3.73106933834467e-07 no_error _Complex_Demographies_Scenario_3_ 750 2250 0 0.05 GF_Model_IV
0.0101877686457023 1525.13420695776 1.03270541667323e-05 2.41220803092521e-07 no_error _Complex_Demographies_Scenario_3_ 750 2250 0 0.05 GF_Model_IV
0.00929816676876296 1368.6627696102 2.15367521903337e-05 8.83209772344377e-07 no_error _Complex_Demographies_Scenario_3_ 750 2250 0 0.05 GF_Model_IV
0.00925963678265567 1499.61240966476 1.37503047331508e-05 4.33965432013048e-07 no_error _Complex_Demographies_Scenario_3_ 750 2250 0 0.05 GF_Model_IV
0.00862796550308651 1415.13196992685 1.5142982815554e-05 4.8189913202307e-07 no_error _Complex_Demographies_Scenario_3_ 750 2250 0 0.05 GF_Model_IV
0.00982577247194675 1421.57772730924 1.26079536407275e-05 4.01805291416927e-07 no_error _Complex_Demographies_Scenario_3_ 750 2250 0 0.05 GF_Model_IV
0.00871061465500521 1424.68220437426 1.2859760690764e-05 3.22456830086268e-07 no_error _Complex_Demographies_Scenario_3_ 750 2250 0 0.05 GF_Model_IV
0.00929315879929261 1453.69760423291 1.27651960460885e-05 3.12209156668707e-07 no_error _Complex_Demographies_Scenario_3_ 750 2250 0 0.05 GF_Model_IV
0.00843952078802256 1502.25714055333 8.82696319498072e-06 1.67221038540861e-07 no_error _Complex_Demographies_Scenario_3_ 750 2250 0 0.05 GF_Model_IV
0.011423117600768 1424.51243145131 1.87840432013927e-05 5.70227622584399e-07 no_error _Complex_Demographies_Scenario_3_ 750 2250 0 0.05 GF_Model_IV
0.00973693899998188 1350.59218990597 1.21703161401068e-05 6.22337077354521e-07 no_error _Complex_Demographies_Scenario_3_ 750 2250 0 0.05 GF_Model_IV
0.00968372698428419 1364.75109744317 1.27816643197058e-05 4.29694034543482e-07 no_error _Complex_Demographies_Scenario_3_ 750 2250 0 0.05 GF_Model_IV
0.00964101113509644 1415.70541972517 8.04981844437342e-06 5.63128945391617e-07 no_error _Complex_Demographies_Scenario_3_ 750 2250 0 0.05 GF_Model_IV
0.00874708606382737 1467.46158478896 8.87803747948346e-06 1.43395940548851e-07 no_error _Complex_Demographies_Scenario_3_ 750 2250 0 0.05 GF_Model_IV
0.0101501893236801 1551.96405584342 1.41134767321198e-05 2.3781916895773e-07 no_error _Complex_Demographies_Scenario_3_ 750 2250 0 0.05 GF_Model_IV
0.0106140099615572 1411.95446381961 2.23032802915482e-05 3.6042157055528e-07 no_error _Complex_Demographies_Scenario_3_ 750 2250 0 0.05 GF_Model_IV
0.00935618165076764 1369.80565764424 1.4030006041254e-05 5.57996736625179e-07 no_error _Complex_Demographies_Scenario_3_ 750 2250 0 0.05 GF_Model_IV
0.00938334999023148 1383.59390406421 9.12436556574241e-06 2.6819564425388e-07 no_error _Complex_Demographies_Scenario_3_ 750 2250 0 0.05 GF_Model_IV
0.00838500154080244 1413.55724522502 1.75276096135134e-05 3.96566563290847e-07 no_error _Complex_Demographies_Scenario_3_ 750 2250 0 0.05 GF_Model_IV
0.0102071268636571 1311.03970638139 1.6360720995575e-05 5.75544369592531e-07 no_error _Complex_Demographies_Scenario_3_ 750 2250 0 0.05 GF_Model_IV
0.00974106644539411 1477.0156095686 1.35857915373054e-05 3.72625239611245e-07 no_error _Complex_Demographies_Scenario_3_ 750 2250 0 0.05 GF_Model_IV
0.00921288424670237 1441.58022048912 2.3856310686549e-06 3.38410403324413e-07 no_error _Complex_Demographies_Scenario_3_ 750 2250 0 0.05 GF_Model_IV
0.00987462977452126 1453.42010428365 2.4291257221096e-05 8.89492656937055e-07 no_error _Complex_Demographies_Scenario_3_ 750 2250 0 0.05 GF_Model_IV
0.00891406466769266 1461.35964051097 1.77421206404887e-05 2.98073944367656e-07 no_error _Complex_Demographies_Scenario_3_ 750 2250 0 0.05 GF_Model_IV
0.0103927503104548 1446.52967437208 1.76567821245727e-05 4.25429056931619e-07 no_error _Complex_Demographies_Scenario_3_ 750 2250 0 0.05 GF_Model_IV
0.00954649312065828 1371.59568521954 1.4531909345011e-05 4.75697879822262e-07 no_error _Complex_Demographies_Scenario_3_ 750 2250 0 0.05 GF_Model_IV
0.0104922649041721 1453.36970356882 7.98767433183789e-06 4.49094024369172e-07 no_error _Complex_Demographies_Scenario_3_ 750 2250 0 0.05 GF_Model_IV
0.00872523771039473 1414.50108235989 2.08410772146064e-05 6.71007634711026e-07 no_error _Complex_Demographies_Scenario_3_ 750 2250 0 0.05 GF_Model_IV
0.0100014990976227 1432.26320179821 1.63883697363009e-05 2.8623114345952e-07 no_error _Complex_Demographies_Scenario_3_ 750 2250 0 0.05 GF_Model_IV
0.00908092605850642 1406.83392407427 4.98579463546455e-06 4.9135213680793e-07 no_error _Complex_Demographies_Scenario_3_ 750 2250 0 0.05 GF_Model_IV
0.00913394082935347 1466.44144199912 6.03345636607607e-06 2.52250517807549e-07 no_error _Complex_Demographies_Scenario_3_ 750 2250 0 0.05 GF_Model_IV
0.00887716382975767 1453.7014944564 1.51773121991621e-05 2.51169747714353e-07 no_error _Complex_Demographies_Scenario_3_ 750 2250 0 0.05 GF_Model_IV
0.0100756437534667 1432.08715180008 2.177739133531e-05 4.35441860252846e-07 no_error _Complex_Demographies_Scenario_3_ 750 2250 0 0.05 GF_Model_IV
0.00932517521003366 1487.85857477298 1.99468209630985e-05 3.0288920998442e-07 no_error _Complex_Demographies_Scenario_3_ 750 2250 0 0.05 GF_Model_IV
0.00945373036706416 1363.90442064333 1.66558956551754e-05 5.28925309935797e-07 no_error _Complex_Demographies_Scenario_3_ 750 2250 0 0.05 GF_Model_IV
0.00936621945380363 1441.86840433507 1.45929413225771e-05 2.59005556714769e-07 no_error _Complex_Demographies_Scenario_3_ 750 2250 0 0.05 GF_Model_IV
0.00957640862374668 1507.62957004594 2.01616673471117e-05 4.23424220460837e-07 no_error _Complex_Demographies_Scenario_3_ 750 2250 0 0.05 GF_Model_IV
0.00885919511680027 1419.63303985147 1.69849736986177e-05 7.48855959309943e-07 no_error _Complex_Demographies_Scenario_3_ 750 2250 0 0.05 GF_Model_IV
0.00931500231313015 1411.92136140021 1.34984350667586e-05 4.29792838239343e-07 no_error _Complex_Demographies_Scenario_3_ 750 2250 0 0.05 GF_Model_IV
0.00955739068059384 1516.55779086628 1.24924160813212e-05 2.05078410315084e-07 no_error _Complex_Demographies_Scenario_3_ 750 2250 0 0.05 GF_Model_IV
0.00902285690065199 1467.71823008334 1.1435010357636e-05 3.23377399123021e-07 no_error _Complex_Demographies_Scenario_3_ 750 2250 0 0.05 GF_Model_IV
0.0100664479797276 1417.18006887859 1.31769274702295e-05 5.29322172246021e-07 no_error _Complex_Demographies_Scenario_3_ 750 2250 0 0.05 GF_Model_IV
0.00920243067349454 1453.26836747178 2.19693622281768e-05 3.19398863835747e-07 no_error _Complex_Demographies_Scenario_3_ 750 2250 0 0.05 GF_Model_IV
0.00988464826464024 1419.85464886099 5.73684773820068e-06 7.53434642901947e-07 no_error _Complex_Demographies_Scenario_3_ 750 2250 0 0.05 GF_Model_IV
0.00920096203925351 1487.4495502534 1.12906643291632e-05 4.07423833411653e-07 no_error _Complex_Demographies_Scenario_3_ 750 2250 0 0.05 GF_Model_IV
0.00949561976007952 1360.84986054712 1.13336936567364e-05 4.69388909654042e-07 no_error _Complex_Demographies_Scenario_3_ 750 2250 0 0.05 GF_Model_IV
0.126869434874407 1141.42221780152 5.02162734979591e-05 5.80457433648483e-05 no_error _Complex_Demographies_Scenario_4_ 750 2250 1 0.05 GF_Model_IV
0.128655619444271 1185.37340748611 3.84852879161537e-06 4.9089901079011e-05 no_error _Complex_Demographies_Scenario_4_ 750 2250 1 0.05 GF_Model_IV
0.12291639267897 1139.11611529409 0.000209380501439498 7.70276848042653e-05 no_error _Complex_Demographies_Scenario_4_ 750 2250 1 0.05 GF_Model_IV
0.131437658913454 1193.33208619108 -7.81558374590083e-05 6.17255066522435e-05 no_error _Complex_Demographies_Scenario_4_ 750 2250 1 0.05 GF_Model_IV
0.127369214965422 1179.94574896299 0.000225475345111139 7.35607709138689e-05 no_error _Complex_Demographies_Scenario_4_ 750 2250 1 0.05 GF_Model_IV
0.123417883940786 1170.08484738351 0.000218717710730142 4.65376885520727e-05 no_error _Complex_Demographies_Scenario_4_ 750 2250 1 0.05 GF_Model_IV
0.117121999679058 1163.94501449198 0.000367282468168799 7.86986896458031e-05 no_error _Complex_Demographies_Scenario_4_ 750 2250 1 0.05 GF_Model_IV
0.128638442016658 1211.13635897293 0.000119395185633481 8.93153788308013e-05 no_error _Complex_Demographies_Scenario_4_ 750 2250 1 0.05 GF_Model_IV
0.132248762035854 1231.17667425672 0.000268458283334473 6.50314990129739e-05 no_error _Complex_Demographies_Scenario_4_ 750 2250 1 0.05 GF_Model_IV
0.127283074964607 1182.33980206387 0.000399761033732945 6.22566365589569e-05 no_error _Complex_Demographies_Scenario_4_ 750 2250 1 0.05 GF_Model_IV
0.135479976336498 1210.44979090427 0.000263946036737624 5.82590287320615e-05 no_error _Complex_Demographies_Scenario_4_ 750 2250 1 0.05 GF_Model_IV
0.122286743833177 1122.27680901963 0.000220920478108783 6.28554341666235e-05 no_error _Complex_Demographies_Scenario_4_ 750 2250 1 0.05 GF_Model_IV
0.126246065566859 1146.69700677554 0.000117021881497449 3.97096134335662e-05 no_error _Complex_Demographies_Scenario_4_ 750 2250 1 0.05 GF_Model_IV
0.123616146561771 1152.34632097826 0.000385658069443834 4.1220739596321e-05 no_error _Complex_Demographies_Scenario_4_ 750 2250 1 0.05 GF_Model_IV
0.12448791858064 1156.55141842723 0.000298956360351783 0.000119222059116064 no_error _Complex_Demographies_Scenario_4_ 750 2250 1 0.05 GF_Model_IV
0.121608513991959 1115.60657324047 6.57181651583e-05 4.63347336333796e-05 no_error _Complex_Demographies_Scenario_4_ 750 2250 1 0.05 GF_Model_IV
0.12132318957481 1142.0154971653 0.000168277931451796 5.47858066371564e-05 no_error _Complex_Demographies_Scenario_4_ 750 2250 1 0.05 GF_Model_IV
0.126405252313194 1117.0027584908 9.24082262572558e-05 9.35708288037303e-05 no_error _Complex_Demographies_Scenario_4_ 750 2250 1 0.05 GF_Model_IV
0.129995960141041 1169.95243771649 0.000105705640620032 5.72200472650951e-05 no_error _Complex_Demographies_Scenario_4_ 750 2250 1 0.05 GF_Model_IV
0.129037648484242 1150.628530762 0.000141390490366151 6.98834361829396e-05 no_error _Complex_Demographies_Scenario_4_ 750 2250 1 0.05 GF_Model_IV
0.133186601030185 1221.36291949061 0.000270925505888193 6.28867441139632e-05 no_error _Complex_Demographies_Scenario_4_ 750 2250 1 0.05 GF_Model_IV
0.120740670830672 1110.48026403257 0.00026025195598002 6.5331337902136e-05 no_error _Complex_Demographies_Scenario_4_ 750 2250 1 0.05 GF_Model_IV
0.128979940379109 1196.76195164688 0.000118822225186496 6.59131397561584e-05 no_error _Complex_Demographies_Scenario_4_ 750 2250 1 0.05 GF_Model_IV
0.12504678537797 1145.94111102232 -0.000135421350464131 6.66811288712895e-05 no_error _Complex_Demographies_Scenario_4_ 750 2250 1 0.05 GF_Model_IV
0.126745154486953 1204.60956199721 0.00012577536298682 5.75883341745989e-05 no_error _Complex_Demographies_Scenario_4_ 750 2250 1 0.05 GF_Model_IV
0.12783411291486 1189.22600365501 0.000591940199307976 7.74090006662127e-05 no_error _Complex_Demographies_Scenario_4_ 750 2250 1 0.05 GF_Model_IV
0.13039989963016 1161.64107782731 0.000292897004304033 6.9388904798023e-05 no_error _Complex_Demographies_Scenario_4_ 750 2250 1 0.05 GF_Model_IV
0.130506206450962 1212.78336802934 0.000112484132616775 5.89529272836681e-05 no_error _Complex_Demographies_Scenario_4_ 750 2250 1 0.05 GF_Model_IV
0.128828687015064 1189.28776144612 0.000196567574353926 0.000106958515284913 no_error _Complex_Demographies_Scenario_4_ 750 2250 1 0.05 GF_Model_IV
0.125974666216543 1183.82710227335 0.00012106848763386 8.95578414342367e-05 no_error _Complex_Demographies_Scenario_4_ 750 2250 1 0.05 GF_Model_IV
0.1209050329054 1133.33683538466 -1.31124850115744e-05 0.000125246847871726 no_error _Complex_Demographies_Scenario_4_ 750 2250 1 0.05 GF_Model_IV
0.133567280379459 1185.29966525602 -1.65285306779439e-05 6.99671447984522e-05 no_error _Complex_Demographies_Scenario_4_ 750 2250 1 0.05 GF_Model_IV
0.122628085771176 1143.14138303302 0.000188348892273935 9.61438171748112e-05 no_error _Complex_Demographies_Scenario_4_ 750 2250 1 0.05 GF_Model_IV
0.131061541619073 1171.08163258914 0.000130209272980943 5.04571778032254e-05 no_error _Complex_Demographies_Scenario_4_ 750 2250 1 0.05 GF_Model_IV
0.132255421364015 1206.05704182899 -0.000164080863091417 4.89096393919597e-05 no_error _Complex_Demographies_Scenario_4_ 750 2250 1 0.05 GF_Model_IV
0.124464736403651 1142.70245015216 0.000232842644404541 7.94334243705186e-05 no_error _Complex_Demographies_Scenario_4_ 750 2250 1 0.05 GF_Model_IV
0.118695396311544 1115.2606181563 0.000552453715154234 0.000123853689095707 no_error _Complex_Demographies_Scenario_4_ 750 2250 1 0.05 GF_Model_IV
0.125052246808591 1194.65872103715 2.62989266114391e-05 8.98328453758745e-05 no_error _Complex_Demographies_Scenario_4_ 750 2250 1 0.05 GF_Model_IV
0.128451358896588 1204.16954324336 0.000557024721416446 7.79403004736502e-05 no_error _Complex_Demographies_Scenario_4_ 750 2250 1 0.05 GF_Model_IV
0.132545862365338 1227.95290843431 5.53567592686495e-05 6.86667956612597e-05 no_error _Complex_Demographies_Scenario_4_ 750 2250 1 0.05 GF_Model_IV
0.125836258240497 1190.95182674683 0.000350007076152645 5.80702763261244e-05 no_error _Complex_Demographies_Scenario_4_ 750 2250 1 0.05 GF_Model_IV
0.125107118122765 1181.69551805687 0.000318547364209359 7.35339993157802e-05 no_error _Complex_Demographies_Scenario_4_ 750 2250 1 0.05 GF_Model_IV
0.124413073830911 1113.58571357152 0.000336356446698712 7.03878144040873e-05 no_error _Complex_Demographies_Scenario_4_ 750 2250 1 0.05 GF_Model_IV
0.128592753022242 1179.84028382279 0.000289297386321037 7.26561823776513e-05 no_error _Complex_Demographies_Scenario_4_ 750 2250 1 0.05 GF_Model_IV
0.119933761662259 1204.10157731795 0.000420325081107167 0.000120195810535511 no_error _Complex_Demographies_Scenario_4_ 750 2250 1 0.05 GF_Model_IV
0.124561483813386 1166.84139190841 0.00033367940367872 8.73211518615248e-05 no_error _Complex_Demographies_Scenario_4_ 750 2250 1 0.05 GF_Model_IV
0.131068875749936 1176.88483411587 0.000269756255311796 6.31311026271143e-05 no_error _Complex_Demographies_Scenario_4_ 750 2250 1 0.05 GF_Model_IV
0.129115620912063 1185.74745493833 0.000140383414979404 8.60015874085661e-05 no_error _Complex_Demographies_Scenario_4_ 750 2250 1 0.05 GF_Model_IV
0.131431310190449 1165.74658119835 0.000249740218582961 0.000137085319121166 no_error _Complex_Demographies_Scenario_4_ 750 2250 1 0.05 GF_Model_IV
0.129864877356101 1187.17743769512 0.000274659216225143 6.50547740521963e-05 no_error _Complex_Demographies_Scenario_4_ 750 2250 1 0.05 GF_Model_IV
0.123016962534307 1174.04581350592 0.000102727729455856 5.59602315141547e-05 no_error _Complex_Demographies_Scenario_4_ 750 2250 1 0.05 GF_Model_IV
0.131740678532145 1156.58244561514 0.000289399472698417 8.59324428535366e-05 no_error _Complex_Demographies_Scenario_4_ 750 2250 1 0.05 GF_Model_IV
0.123120083274181 1149.0772897898 0.000102887052563943 0.000220515318938553 no_error _Complex_Demographies_Scenario_4_ 750 2250 1 0.05 GF_Model_IV
0.131322050645923 1167.16368598204 0.000270556259574293 6.56713565210628e-05 no_error _Complex_Demographies_Scenario_4_ 750 2250 1 0.05 GF_Model_IV
0.121940526516902 1125.28290410145 0.00031585194597164 0.000198009367936382 no_error _Complex_Demographies_Scenario_4_ 750 2250 1 0.05 GF_Model_IV
0.128749448105837 1213.40617998582 0.000282441094911224 4.88840434328764e-05 no_error _Complex_Demographies_Scenario_4_ 750 2250 1 0.05 GF_Model_IV
0.126365983078657 1179.36925993544 0.000308858623909053 8.40829635812866e-05 no_error _Complex_Demographies_Scenario_4_ 750 2250 1 0.05 GF_Model_IV
0.135474547556432 1196.32799288461 -7.2305631633719e-05 8.07100737313305e-05 no_error _Complex_Demographies_Scenario_4_ 750 2250 1 0.05 GF_Model_IV
0.134377357898394 1203.42792307077 0.000201979843575566 8.07338768740079e-05 no_error _Complex_Demographies_Scenario_4_ 750 2250 1 0.05 GF_Model_IV
0.122368915976264 1167.76491379916 0.000452102688339474 0.000105278572246681 no_error _Complex_Demographies_Scenario_4_ 750 2250 1 0.05 GF_Model_IV
0.127416735132051 1156.75083862006 0.000294424826324628 0.000210875726651673 no_error _Complex_Demographies_Scenario_4_ 750 2250 1 0.05 GF_Model_IV
0.125923956544487 1168.35471572919 0.000111705574517128 7.32103329586838e-05 no_error _Complex_Demographies_Scenario_4_ 750 2250 1 0.05 GF_Model_IV
0.122589811359722 1149.08585887798 0.000293430694262075 9.82947775423979e-05 no_error _Complex_Demographies_Scenario_4_ 750 2250 1 0.05 GF_Model_IV
0.131309462087765 1194.54349752785 0.000449286967871498 5.09817772687127e-05 no_error _Complex_Demographies_Scenario_4_ 750 2250 1 0.05 GF_Model_IV
0.1291336345363 1203.46768287443 0.000159864350714771 5.64473550605572e-05 no_error _Complex_Demographies_Scenario_4_ 750 2250 1 0.05 GF_Model_IV
0.133996081505495 1212.35650030229 0.000303354165425447 7.63827986804178e-05 no_error _Complex_Demographies_Scenario_4_ 750 2250 1 0.05 GF_Model_IV
0.124711442688161 1139.40122711752 0.000450431272585186 0.000158429665873764 no_error _Complex_Demographies_Scenario_4_ 750 2250 1 0.05 GF_Model_IV
0.12245939113777 1111.00160922128 0.000125771043535383 5.01043167236724e-05 no_error _Complex_Demographies_Scenario_4_ 750 2250 1 0.05 GF_Model_IV
0.133164905753036 1181.9681434509 0.00012788800170802 4.62064239266993e-05 no_error _Complex_Demographies_Scenario_4_ 750 2250 1 0.05 GF_Model_IV
0.137665913912704 1219.30881649395 0.000424245086675863 8.4962232933854e-05 no_error _Complex_Demographies_Scenario_4_ 750 2250 1 0.05 GF_Model_IV
0.120619356865567 1159.30112687261 0.000153861947467571 5.73802496644711e-05 no_error _Complex_Demographies_Scenario_4_ 750 2250 1 0.05 GF_Model_IV
0.130606276083832 1191.54878352485 1.40553087734822e-05 5.97489191263943e-05 no_error _Complex_Demographies_Scenario_4_ 750 2250 1 0.05 GF_Model_IV
0.122496248425378 1133.85270981868 0.000205479009480813 0.00013789793112943 no_error _Complex_Demographies_Scenario_4_ 750 2250 1 0.05 GF_Model_IV
0.1247724115018 1176.38152280277 0.0003697321434028 0.000148136196207705 no_error _Complex_Demographies_Scenario_4_ 750 2250 1 0.05 GF_Model_IV
0.12356576919827 1143.92061962671 0.000253077327625216 5.58258759451074e-05 no_error _Complex_Demographies_Scenario_4_ 750 2250 1 0.05 GF_Model_IV
0.122037266034198 1141.27947198993 0.000243843966622245 0.000152966197648433 no_error _Complex_Demographies_Scenario_4_ 750 2250 1 0.05 GF_Model_IV
0.122992839842144 1164.28522953444 0.00042287729699667 7.63564025965277e-05 no_error _Complex_Demographies_Scenario_4_ 750 2250 1 0.05 GF_Model_IV
0.127930035425413 1166.04743318018 0.000355806749397606 4.80490732758978e-05 no_error _Complex_Demographies_Scenario_4_ 750 2250 1 0.05 GF_Model_IV
0.117586954427598 1145.45330942912 0.00012368227116093 5.85860285678625e-05 no_error _Complex_Demographies_Scenario_4_ 750 2250 1 0.05 GF_Model_IV
0.12233821833225 1163.20081992796 0.000308278982875678 4.53712030879416e-05 no_error _Complex_Demographies_Scenario_4_ 750 2250 1 0.05 GF_Model_IV
0.123286090142142 1165.94886946607 0.00028080322830702 0.000108986642356163 no_error _Complex_Demographies_Scenario_4_ 750 2250 1 0.05 GF_Model_IV
0.126460767569603 1116.21310866684 -4.68894793491557e-05 7.2193681480101e-05 no_error _Complex_Demographies_Scenario_4_ 750 2250 1 0.05 GF_Model_IV
0.123021277325088 1124.83278437257 -3.98589437000685e-05 0.000119096971227933 no_error _Complex_Demographies_Scenario_4_ 750 2250 1 0.05 GF_Model_IV
0.132571514607025 1234.3162873422 0.00016576257160834 5.47879413626233e-05 no_error _Complex_Demographies_Scenario_4_ 750 2250 1 0.05 GF_Model_IV
0.129940945040126 1153.01172671985 0.000310790107380722 7.05829776025248e-05 no_error _Complex_Demographies_Scenario_4_ 750 2250 1 0.05 GF_Model_IV
0.127185266786988 1174.72710529023 5.67630175332834e-05 0.000136504750558776 no_error _Complex_Demographies_Scenario_4_ 750 2250 1 0.05 GF_Model_IV
0.1293999365154 1199.37950543081 0.000216363229141064 0.000102689830470348 no_error _Complex_Demographies_Scenario_4_ 750 2250 1 0.05 GF_Model_IV
0.129562467353575 1211.24960862983 0.000484241786879077 0.000126033917042658 no_error _Complex_Demographies_Scenario_4_ 750 2250 1 0.05 GF_Model_IV
0.116942725137021 1053.39323277392 0.000137743427089787 0.000120136602342603 no_error _Complex_Demographies_Scenario_4_ 750 2250 1 0.05 GF_Model_IV
0.129961444957296 1158.08124312107 8.14267042904902e-05 9.32526924033408e-05 no_error _Complex_Demographies_Scenario_4_ 750 2250 1 0.05 GF_Model_IV
0.129488045552519 1186.42383882436 0.000124790603353859 5.67496723006786e-05 no_error _Complex_Demographies_Scenario_4_ 750 2250 1 0.05 GF_Model_IV
0.115923452639937 1142.7681048702 0.000109776385889352 0.0001076251039414 no_error _Complex_Demographies_Scenario_4_ 750 2250 1 0.05 GF_Model_IV
0.133624908242486 1226.41215885762 0.000114259121423028 5.25767426648663e-05 no_error _Complex_Demographies_Scenario_4_ 750 2250 1 0.05 GF_Model_IV
0.119806517559598 1119.02480676293 0.000145161018217821 9.8500044162999e-05 no_error _Complex_Demographies_Scenario_4_ 750 2250 1 0.05 GF_Model_IV
0.126386485810507 1180.14381289487 0.000294366548190591 0.000102764054656686 no_error _Complex_Demographies_Scenario_4_ 750 2250 1 0.05 GF_Model_IV
0.127645313126559 1137.72544081707 5.75828756210426e-05 5.47903490129798e-05 no_error _Complex_Demographies_Scenario_4_ 750 2250 1 0.05 GF_Model_IV
0.129570029847992 1124.78486201657 0.000199336717859377 0.000142584272708642 no_error _Complex_Demographies_Scenario_4_ 750 2250 1 0.05 GF_Model_IV
0.126138961347649 1161.12484352588 0.000164664224177261 6.01887644398239e-05 no_error _Complex_Demographies_Scenario_4_ 750 2250 1 0.05 GF_Model_IV
0.124911001712814 1192.60532879576 0.000213800762232091 5.66115432176769e-05 no_error _Complex_Demographies_Scenario_4_ 750 2250 1 0.05 GF_Model_IV
0.130976005647984 1200.73894484375 0.000212505832743044 8.80121156190165e-05 no_error _Complex_Demographies_Scenario_4_ 750 2250 1 0.05 GF_Model_IV
