0.0095483163792298 494.287912747052 0.00771452141789812 5.28453651501909e-05 no_error _Recombination_Map_Scenario_1_ 1500 1501 0 1 0.05 GF_Model_IV
0.0129700174152079 741.789983379093 0.00314256558735697 4.59545228874387e-05 no_error _Recombination_Map_Scenario_1_ 1500 1501 0 1 0.05 GF_Model_IV
0.0124486237263711 998.750885919288 0.0099010379747931 1.61379820107096e-05 no_error _Recombination_Map_Scenario_1_ 1500 1501 0 1 0.05 GF_Model_IV
0.00966907658073061 570.586882015224 0.00806955493699227 5.25441317482576e-05 no_error _Recombination_Map_Scenario_1_ 1500 1501 0 1 0.05 GF_Model_IV
0.0106069980217566 862.158255668894 0.013245719871717 4.46403970722828e-05 no_error _Recombination_Map_Scenario_1_ 1500 1501 0 1 0.05 GF_Model_IV
0.0133622155674327 900.337970945068 0.00888290713120934 1.81030038600741e-05 no_error _Recombination_Map_Scenario_1_ 1500 1501 0 1 0.05 GF_Model_IV
0.00892193032811718 729.340857887037 0.0142357921567813 2.20008273662787e-05 no_error _Recombination_Map_Scenario_1_ 1500 1501 0 1 0.05 GF_Model_IV
0.00927525675373354 599.205277814744 0.0131802565552313 6.03550588400597e-05 no_error _Recombination_Map_Scenario_1_ 1500 1501 0 1 0.05 GF_Model_IV
0.0156561648500776 745.896824295898 0.00284097849531982 2.5013321664501e-05 no_error _Recombination_Map_Scenario_1_ 1500 1501 0 1 0.05 GF_Model_IV
0.013044210376561 836.954679161597 0.00368298983759858 2.36514339942776e-05 no_error _Recombination_Map_Scenario_1_ 1500 1501 0 1 0.05 GF_Model_IV
0.0101070582095993 772.455322556327 0.00649697540380985 2.76362743870943e-05 no_error _Recombination_Map_Scenario_1_ 1500 1501 0 1 0.05 GF_Model_IV
0.00851647968848795 575.966201894335 0.00694336021929969 3.60499334109264e-05 no_error _Recombination_Map_Scenario_1_ 1500 1501 0 1 0.05 GF_Model_IV
0.0135583535042014 814.235457826475 0.00466563968891957 2.68114020206069e-05 no_error _Recombination_Map_Scenario_1_ 1500 1501 0 1 0.05 GF_Model_IV
0.0117282500290793 672.65114756531 0.00430771948556608 3.69911489868166e-05 no_error _Recombination_Map_Scenario_1_ 1500 1501 0 1 0.05 GF_Model_IV
0.0145874881497809 809.453534584638 0.00319891855153546 1.39911209196651e-05 no_error _Recombination_Map_Scenario_1_ 1500 1501 0 1 0.05 GF_Model_IV
0.00952449471846093 635.843605136654 0.0156181626206842 4.01580059944479e-05 no_error _Recombination_Map_Scenario_1_ 1500 1501 0 1 0.05 GF_Model_IV
0.0144034089906781 880.85369098072 0.00701853941597374 3.59193827767728e-05 no_error _Recombination_Map_Scenario_1_ 1500 1501 0 1 0.05 GF_Model_IV
0.0125064685145839 723.448677682661 0.00432453296438974 7.43714169575309e-05 no_error _Recombination_Map_Scenario_1_ 1500 1501 0 1 0.05 GF_Model_IV
0.00695895136611039 314.530090237226 0.0177241352155792 7.33672320534602e-05 no_error _Recombination_Map_Scenario_1_ 1500 1501 0 1 0.05 GF_Model_IV
0.0126494728959169 626.182562920144 0.00362048583340656 4.96505241442742e-05 no_error _Recombination_Map_Scenario_1_ 1500 1501 0 1 0.05 GF_Model_IV
0.00510325557896359 386.229270519127 0.0174390599668755 4.30795156828573e-05 no_error _Recombination_Map_Scenario_1_ 1500 1501 0 1 0.05 GF_Model_IV
0.00608570223918816 359.397309060718 0.0208427534308427 7.59220899900303e-05 no_error _Recombination_Map_Scenario_1_ 1500 1501 0 1 0.05 GF_Model_IV
0.0131556284004 683.634095164696 0.00508393257637209 3.09045936879486e-05 no_error _Recombination_Map_Scenario_1_ 1500 1501 0 1 0.05 GF_Model_IV
0.00659354312442434 576.190632346053 0.0223282163408337 4.65343390204805e-05 no_error _Recombination_Map_Scenario_1_ 1500 1501 0 1 0.05 GF_Model_IV
0.0125908097803531 166.508266526649 0.0127694409855098 0.000101718580813134 no_error _Recombination_Map_Scenario_1_ 1500 1501 0 1 0.05 GF_Model_IV
0.00686714858569415 272.823691282878 0.0189912726809347 9.06856515902278e-05 no_error _Recombination_Map_Scenario_1_ 1500 1501 0 1 0.05 GF_Model_IV
0.0159982553596984 829.863176804583 0.00317978456020126 3.14050824771205e-05 no_error _Recombination_Map_Scenario_1_ 1500 1501 0 1 0.05 GF_Model_IV
0.0133613320675023 846.794468862644 0.00688959726615213 1.85241407876748e-05 no_error _Recombination_Map_Scenario_1_ 1500 1501 0 1 0.05 GF_Model_IV
0.0100874643655088 592.550125852536 0.00638613001838343 5.23589301358358e-05 no_error _Recombination_Map_Scenario_1_ 1500 1501 0 1 0.05 GF_Model_IV
0.0118581681499166 620.145897779863 0.00928280641087975 5.94415185701739e-05 no_error _Recombination_Map_Scenario_1_ 1500 1501 0 1 0.05 GF_Model_IV
0.0148570643235776 569.729599724915 0.00559427131651759 7.59885823394488e-05 no_error _Recombination_Map_Scenario_1_ 1500 1501 0 1 0.05 GF_Model_IV
0.0141004051413507 812.128261897163 0.00370509572996516 2.04266951932727e-05 no_error _Recombination_Map_Scenario_1_ 1500 1501 0 1 0.05 GF_Model_IV
0.0052317508987735 150.785842010891 0.0266091335476049 5.67657913584592e-05 no_error _Recombination_Map_Scenario_1_ 1500 1501 0 1 0.05 GF_Model_IV
0.0127113873264789 799.018790248497 0.00464986537741212 2.66090725694021e-05 no_error _Recombination_Map_Scenario_1_ 1500 1501 0 1 0.05 GF_Model_IV
0.014230084703789 754.536802924107 0.0040777578793493 5.24040525964584e-05 no_error _Recombination_Map_Scenario_1_ 1500 1501 0 1 0.05 GF_Model_IV
0.00856643596705873 594.126974743572 0.010444228180692 2.79384135081819e-05 no_error _Recombination_Map_Scenario_1_ 1500 1501 0 1 0.05 GF_Model_IV
0.0124947980975578 727.287844988284 0.00411546435756752 3.81588656506584e-05 no_error _Recombination_Map_Scenario_1_ 1500 1501 0 1 0.05 GF_Model_IV
0.00993388794143837 672.367230730306 0.0122472928608555 5.06905729823269e-05 no_error _Recombination_Map_Scenario_1_ 1500 1501 0 1 0.05 GF_Model_IV
0.00684450363318066 868.599716283256 0.0125185944455371 1.18139667088854e-05 no_error _Recombination_Map_Scenario_1_ 1500 1501 0 1 0.05 GF_Model_IV
0.0149049042869641 668.623449420754 0.00247804874102791 3.38616315141192e-05 no_error _Recombination_Map_Scenario_1_ 1500 1501 0 1 0.05 GF_Model_IV
0.00709890419494023 661.398135175124 0.0163425138812371 4.52909789651459e-05 no_error _Recombination_Map_Scenario_1_ 1500 1501 0 1 0.05 GF_Model_IV
0.00870108468921805 800.345274517298 0.0126173815241522 1.84852770920313e-05 no_error _Recombination_Map_Scenario_1_ 1500 1501 0 1 0.05 GF_Model_IV
0.014079685121112 671.493656103475 0.0028776233551875 1.714812746611e-05 no_error _Recombination_Map_Scenario_1_ 1500 1501 0 1 0.05 GF_Model_IV
0.0131360576748297 823.370353101419 0.00399569734084989 3.33786917103231e-05 no_error _Recombination_Map_Scenario_1_ 1500 1501 0 1 0.05 GF_Model_IV
0.011785133659716 785.212161138254 0.00542205677355642 2.65343213795068e-05 no_error _Recombination_Map_Scenario_1_ 1500 1501 0 1 0.05 GF_Model_IV
0.00633648454722331 694.715881981828 0.0202655320799677 4.72826016619496e-05 no_error _Recombination_Map_Scenario_1_ 1500 1501 0 1 0.05 GF_Model_IV
0.0134659095914425 708.639020731904 0.00343931110252306 4.68250746488518e-05 no_error _Recombination_Map_Scenario_1_ 1500 1501 0 1 0.05 GF_Model_IV
0.00360566603029017 589.211640991578 0.0234907445645353 4.03974099544282e-05 no_error _Recombination_Map_Scenario_1_ 1500 1501 0 1 0.05 GF_Model_IV
0.014363944939518 523.8315704859 0.00324773553964481 7.88797050065482e-05 no_error _Recombination_Map_Scenario_1_ 1500 1501 0 1 0.05 GF_Model_IV
0.00607932342389294 931.175270628845 0.018304308381558 2.40786639718287e-05 no_error _Recombination_Map_Scenario_1_ 1500 1501 0 1 0.05 GF_Model_IV
0.00628869381232107 799.17653479806 0.018736608753557 4.71062285492625e-05 no_error _Recombination_Map_Scenario_1_ 1500 1501 0 1 0.05 GF_Model_IV
0.0100757419888122 872.630130845479 0.00517924915656216 1.20482822826071e-05 no_error _Recombination_Map_Scenario_1_ 1500 1501 0 1 0.05 GF_Model_IV
0.0143157359411452 591.36784537299 0.00441994877563095 2.9386776015655e-05 no_error _Recombination_Map_Scenario_1_ 1500 1501 0 1 0.05 GF_Model_IV
0.0130538104922845 709.383359398206 0.00607776422529921 8.37557484777549e-05 no_error _Recombination_Map_Scenario_1_ 1500 1501 0 1 0.05 GF_Model_IV
0.0098169502942073 251.969252709288 0.0149093694719578 0.000125399183719125 no_error _Recombination_Map_Scenario_1_ 1500 1501 0 1 0.05 GF_Model_IV
0.0108772984566459 727.51364631009 0.010475327466293 4.12795109349755e-05 no_error _Recombination_Map_Scenario_1_ 1500 1501 0 1 0.05 GF_Model_IV
0.0105786704740586 781.803256807489 0.0083050908168816 3.64116124484028e-05 no_error _Recombination_Map_Scenario_1_ 1500 1501 0 1 0.05 GF_Model_IV
0.0119545958534959 846.528875475256 0.00719813541746393 2.08435401425409e-05 no_error _Recombination_Map_Scenario_1_ 1500 1501 0 1 0.05 GF_Model_IV
0.00468930739703307 190.509705003431 0.0252422984523531 0.000148899218584086 no_error _Recombination_Map_Scenario_1_ 1500 1501 0 1 0.05 GF_Model_IV
0.0153180472436152 768.124715223168 0.00376709671970432 4.54288393688309e-05 no_error _Recombination_Map_Scenario_1_ 1500 1501 0 1 0.05 GF_Model_IV
0.0042825195956377 81.2371164074454 0.0326504019502449 7.37035252047137e-05 no_error _Recombination_Map_Scenario_1_ 1500 1501 0 1 0.05 GF_Model_IV
0.0147886220730362 900.753378838916 0.00515451867201457 3.5394568753374e-05 no_error _Recombination_Map_Scenario_1_ 1500 1501 0 1 0.05 GF_Model_IV
0.014333857354632 705.878987351715 0.00248107946010927 3.00472095042658e-05 no_error _Recombination_Map_Scenario_1_ 1500 1501 0 1 0.05 GF_Model_IV
0.0149102695660102 701.77977292779 0.00316566275422249 2.99898470868721e-05 no_error _Recombination_Map_Scenario_1_ 1500 1501 0 1 0.05 GF_Model_IV
0.00758945307209072 633.572762233864 0.0146629064646355 8.33875007146544e-05 no_error _Recombination_Map_Scenario_1_ 1500 1501 0 1 0.05 GF_Model_IV
0.0146556746818964 727.298180316398 0.00443235161142136 3.35788305120753e-05 no_error _Recombination_Map_Scenario_1_ 1500 1501 0 1 0.05 GF_Model_IV
0.0117177676266503 396.703171012789 0.0103908258288675 0.000203907770528586 no_error _Recombination_Map_Scenario_1_ 1500 1501 0 1 0.05 GF_Model_IV
0.0126970983574784 640.006091724367 0.00259247401273775 3.41668691670024e-05 no_error _Recombination_Map_Scenario_1_ 1500 1501 0 1 0.05 GF_Model_IV
0.00951723675388318 811.164536726899 0.00849137369006438 2.0233066457691e-05 no_error _Recombination_Map_Scenario_1_ 1500 1501 0 1 0.05 GF_Model_IV
0.0116445991423201 692.90951098396 0.00982152722394283 1.7341381741858e-05 no_error _Recombination_Map_Scenario_1_ 1500 1501 0 1 0.05 GF_Model_IV
0.0146791222240287 784.376443946313 0.00622132064228898 2.01084567343901e-05 no_error _Recombination_Map_Scenario_1_ 1500 1501 0 1 0.05 GF_Model_IV
0.0107713088230321 807.461709923879 0.00919953863051949 2.47237941148795e-05 no_error _Recombination_Map_Scenario_1_ 1500 1501 0 1 0.05 GF_Model_IV
0.00319705621596306 310.321463499609 0.0266191310574566 4.05417749921496e-05 no_error _Recombination_Map_Scenario_1_ 1500 1501 0 1 0.05 GF_Model_IV
0.00839339072413816 605.344462684277 0.00908525437987254 5.18163286136109e-05 no_error _Recombination_Map_Scenario_1_ 1500 1501 0 1 0.05 GF_Model_IV
0.0114336639024034 55.572292304722 0.0227292219353101 5.14735827302607e-05 no_error _Recombination_Map_Scenario_1_ 1500 1501 0 1 0.05 GF_Model_IV
0.00727123519544586 2973.27427155752 0.038362068444698 4.26900291861542e-05 no_error _Recombination_Map_Scenario_1_ 1500 1501 0 1 0.05 GF_Model_IV
0.0130903223056287 918.523247540021 0.00636086066098768 1.39175639112138e-05 no_error _Recombination_Map_Scenario_1_ 1500 1501 0 1 0.05 GF_Model_IV
0.0129213623273153 806.478101516657 0.00615012436894292 2.56077606155558e-05 no_error _Recombination_Map_Scenario_1_ 1500 1501 0 1 0.05 GF_Model_IV
0.0105723370025764 748.43612805608 0.0094366359594895 3.74356781619224e-05 no_error _Recombination_Map_Scenario_1_ 1500 1501 0 1 0.05 GF_Model_IV
0.0135567401528364 502.623234858964 0.0161079396722756 0.000201020129398314 no_error _Recombination_Map_Scenario_1_ 1500 1501 0 1 0.05 GF_Model_IV
0.0106691413380514 857.007569141912 0.00980022497576876 7.52901255405407e-06 no_error _Recombination_Map_Scenario_1_ 1500 1501 0 1 0.05 GF_Model_IV
0.0112103126639317 780.60630490246 0.00353213724637481 1.29052197233678e-05 no_error _Recombination_Map_Scenario_1_ 1500 1501 0 1 0.05 GF_Model_IV
0.00965267824291968 841.380908561141 0.00792778840462977 2.14782495695837e-05 no_error _Recombination_Map_Scenario_1_ 1500 1501 0 1 0.05 GF_Model_IV
0.00597788644178471 1440.5779035648 0.0263531265598107 3.68622524734412e-05 no_error _Recombination_Map_Scenario_1_ 1500 1501 0 1 0.05 GF_Model_IV
0.00887455860888527 652.918455472469 0.0102473066753008 3.60162800721274e-05 no_error _Recombination_Map_Scenario_1_ 1500 1501 0 1 0.05 GF_Model_IV
0.0116426348723948 714.616719971951 0.00843418976986552 5.69072139898569e-05 no_error _Recombination_Map_Scenario_1_ 1500 1501 0 1 0.05 GF_Model_IV
0.00608554489385351 764.488758669544 0.019583721508104 1.75770198433861e-05 no_error _Recombination_Map_Scenario_1_ 1500 1501 0 1 0.05 GF_Model_IV
0.0120656174175627 855.819797191567 0.00941068320389152 2.98547148732144e-05 no_error _Recombination_Map_Scenario_1_ 1500 1501 0 1 0.05 GF_Model_IV
0.0120490926965083 702.452624311524 0.00409017771823668 2.99634660605531e-05 no_error _Recombination_Map_Scenario_1_ 1500 1501 0 1 0.05 GF_Model_IV
0.0154682759435117 795.393790393812 0.00455363767563371 1.94716899177875e-05 no_error _Recombination_Map_Scenario_1_ 1500 1501 0 1 0.05 GF_Model_IV
0.0131718089870964 520.765152512463 0.00308588309118824 5.08236044375438e-05 no_error _Recombination_Map_Scenario_1_ 1500 1501 0 1 0.05 GF_Model_IV
0.0107281994787388 711.908455147538 0.00615974021699378 4.4418944571134e-05 no_error _Recombination_Map_Scenario_1_ 1500 1501 0 1 0.05 GF_Model_IV
0.0126001239550077 808.605981055025 0.00610877564916334 2.92244687031621e-05 no_error _Recombination_Map_Scenario_1_ 1500 1501 0 1 0.05 GF_Model_IV
0.00899594736040153 214.067586633504 0.0187438224170636 0.000203717211752421 no_error _Recombination_Map_Scenario_1_ 1500 1501 0 1 0.05 GF_Model_IV
0.0121091937675709 739.393372001731 0.00296068616111584 1.74145205557343e-05 no_error _Recombination_Map_Scenario_1_ 1500 1501 0 1 0.05 GF_Model_IV
0.00663696935098186 573.843884434849 0.0168677097515233 3.5308365640337e-05 no_error _Recombination_Map_Scenario_1_ 1500 1501 0 1 0.05 GF_Model_IV
0.0102500840461273 537.544109804422 0.0073075859391053 4.29804664087022e-05 no_error _Recombination_Map_Scenario_1_ 1500 1501 0 1 0.05 GF_Model_IV
0.0171403317029014 862.86552893207 0.00218374200412487 2.55310615870294e-05 no_error _Recombination_Map_Scenario_1_ 1500 1501 0 1 0.05 GF_Model_IV
0.0152063916369302 669.333287165871 0.00368295537720615 9.47488732995736e-05 no_error _Recombination_Map_Scenario_1_ 1500 1501 0 1 0.05 GF_Model_IV
0.00785355908768451 421.477042818945 0.016656738333488 0.000111089989975825 no_error _Recombination_Map_Scenario_1_ 1500 1501 0 1 0.05 GF_Model_IV
0.0103714161582329 720.790724001286 0.0112926355191689 4.99559867303795e-05 no_error _Recombination_Map_Scenario_2_ 750 2250 0 1 0.05 GF_Model_IV
0.0113224428381017 825.142194597916 0.00332734343746707 2.49322369521365e-05 no_error _Recombination_Map_Scenario_2_ 750 2250 0 1 0.05 GF_Model_IV
0.00799765361363217 560.292895576963 0.013023430853158 5.43323149114256e-05 no_error _Recombination_Map_Scenario_2_ 750 2250 0 1 0.05 GF_Model_IV
0.0104164842030764 912.655111206441 0.0102787518906663 2.13521015501528e-05 no_error _Recombination_Map_Scenario_2_ 750 2250 0 1 0.05 GF_Model_IV
0.0132241473142192 788.989789954387 0.00469739077320415 1.89245158553376e-05 no_error _Recombination_Map_Scenario_2_ 750 2250 0 1 0.05 GF_Model_IV
0.00302928900033651 541.2041254978 0.0263100687393937 5.34790957795549e-05 no_error _Recombination_Map_Scenario_2_ 750 2250 0 1 0.05 GF_Model_IV
0.012853040782427 717.876338148901 0.00345507201471314 4.72602988874487e-05 no_error _Recombination_Map_Scenario_2_ 750 2250 0 1 0.05 GF_Model_IV
0.0089607433682467 611.330310554943 0.00678969596411605 2.72345688356133e-05 no_error _Recombination_Map_Scenario_2_ 750 2250 0 1 0.05 GF_Model_IV
0.0136649123004153 967.173211237995 0.00772030089189667 2.78191659871527e-05 no_error _Recombination_Map_Scenario_2_ 750 2250 0 1 0.05 GF_Model_IV
0.0069106906401101 151.951160408615 0.0316162297127165 6.04616330914601e-05 no_error _Recombination_Map_Scenario_2_ 750 2250 0 1 0.05 GF_Model_IV
0.0142090341742491 725.102964679415 0.00331461916857499 2.68618104702441e-05 no_error _Recombination_Map_Scenario_2_ 750 2250 0 1 0.05 GF_Model_IV
0.0134402591909857 492.705531457683 0.00160545940841767 4.66530287857702e-05 no_error _Recombination_Map_Scenario_2_ 750 2250 0 1 0.05 GF_Model_IV
0.0128968918962577 662.091230170553 0.00390181946279952 3.36863608039898e-05 no_error _Recombination_Map_Scenario_2_ 750 2250 0 1 0.05 GF_Model_IV
0.010248955201608 818.227663651723 0.00477699874200512 1.8759780126145e-05 no_error _Recombination_Map_Scenario_2_ 750 2250 0 1 0.05 GF_Model_IV
0.0102140045444077 1001.61355272487 0.0128249915861033 1.25136636572252e-05 no_error _Recombination_Map_Scenario_2_ 750 2250 0 1 0.05 GF_Model_IV
0.012022175058235 694.826827826009 0.00406083041553239 1.30970450588127e-05 no_error _Recombination_Map_Scenario_2_ 750 2250 0 1 0.05 GF_Model_IV
0.0139596748160217 712.718367320859 0.00324820872737867 5.3630479673255e-05 no_error _Recombination_Map_Scenario_2_ 750 2250 0 1 0.05 GF_Model_IV
0.0132591970974883 694.718835361884 0.00620966155926916 6.94218681266196e-05 no_error _Recombination_Map_Scenario_2_ 750 2250 0 1 0.05 GF_Model_IV
0.0110789532373152 739.312372373293 0.00352687446962907 2.68426973175964e-05 no_error _Recombination_Map_Scenario_2_ 750 2250 0 1 0.05 GF_Model_IV
0.0126222297051304 414.733195723369 0.00828516247719255 0.000134107513990979 no_error _Recombination_Map_Scenario_2_ 750 2250 0 1 0.05 GF_Model_IV
0.0136779372479614 816.325085750333 0.0022969938636092 1.47224871241036e-05 no_error _Recombination_Map_Scenario_2_ 750 2250 0 1 0.05 GF_Model_IV
0.014653004799416 747.703379539833 0.00193115177695787 4.13850865404058e-05 no_error _Recombination_Map_Scenario_2_ 750 2250 0 1 0.05 GF_Model_IV
0.0102270357181782 738.383707153632 0.0103315702041696 3.31924013632752e-05 no_error _Recombination_Map_Scenario_2_ 750 2250 0 1 0.05 GF_Model_IV
0.0153281083928654 712.141285191018 0.00110238572516018 2.79120375792323e-05 no_error _Recombination_Map_Scenario_2_ 750 2250 0 1 0.05 GF_Model_IV
0.0113968733979459 748.825496186044 0.00407220943540055 2.24488142893137e-05 no_error _Recombination_Map_Scenario_2_ 750 2250 0 1 0.05 GF_Model_IV
0.0110032133627484 745.961288032739 0.00528377960197406 3.36529650196911e-05 no_error _Recombination_Map_Scenario_2_ 750 2250 0 1 0.05 GF_Model_IV
0.0125395274817154 964.859112335768 0.00805509934170406 2.37915576410711e-05 no_error _Recombination_Map_Scenario_2_ 750 2250 0 1 0.05 GF_Model_IV
0.0132858802526291 746.857712862236 0.00120243590320682 3.18521804692636e-05 no_error _Recombination_Map_Scenario_2_ 750 2250 0 1 0.05 GF_Model_IV
0.0096160242784287 603.055871755507 0.00789823365398113 4.27813172623406e-05 no_error _Recombination_Map_Scenario_2_ 750 2250 0 1 0.05 GF_Model_IV
0.0138877546853834 557.389856657651 0.0047488200674739 2.14292476922698e-05 no_error _Recombination_Map_Scenario_2_ 750 2250 0 1 0.05 GF_Model_IV
0.01079657718923 637.111205403772 0.00791217672116938 3.52567383252519e-05 no_error _Recombination_Map_Scenario_2_ 750 2250 0 1 0.05 GF_Model_IV
0.010941261605963 873.929745155328 0.00853287650524782 7.85739305458206e-06 no_error _Recombination_Map_Scenario_2_ 750 2250 0 1 0.05 GF_Model_IV
0.00989274699529217 743.68094431889 0.00674373188509439 1.74731143028776e-05 no_error _Recombination_Map_Scenario_2_ 750 2250 0 1 0.05 GF_Model_IV
0.0132953969039588 440.38796904687 0.0112896149111205 6.14186585098567e-05 no_error _Recombination_Map_Scenario_2_ 750 2250 0 1 0.05 GF_Model_IV
0.0124842164474232 754.397195938338 0.00904967116676787 3.77717430001149e-05 no_error _Recombination_Map_Scenario_2_ 750 2250 0 1 0.05 GF_Model_IV
0.0136394676435058 811.478452922429 0.00268609912929158 2.49816575613477e-05 no_error _Recombination_Map_Scenario_2_ 750 2250 0 1 0.05 GF_Model_IV
0.00936633604844749 971.876161483494 0.0113768863715421 1.73432666572522e-05 no_error _Recombination_Map_Scenario_2_ 750 2250 0 1 0.05 GF_Model_IV
0.00998798887648367 798.281878152006 0.0050781005965722 2.57142956132377e-05 no_error _Recombination_Map_Scenario_2_ 750 2250 0 1 0.05 GF_Model_IV
0.00695758988255341 477.057342067094 0.0139484509324199 3.12176112925089e-05 no_error _Recombination_Map_Scenario_2_ 750 2250 0 1 0.05 GF_Model_IV
0.0134972386591643 353.742123610306 0.00401664926537247 0.000116897721171095 no_error _Recombination_Map_Scenario_2_ 750 2250 0 1 0.05 GF_Model_IV
0.0112218261515075 666.755900527598 0.00556453724947596 5.01115106258532e-05 no_error _Recombination_Map_Scenario_2_ 750 2250 0 1 0.05 GF_Model_IV
0.0128609969926823 718.04799131156 0.00426268465007179 2.02922519409127e-05 no_error _Recombination_Map_Scenario_2_ 750 2250 0 1 0.05 GF_Model_IV
0.00857488510072192 863.458900359496 0.00891570503518986 2.20160686314336e-05 no_error _Recombination_Map_Scenario_2_ 750 2250 0 1 0.05 GF_Model_IV
0.00733189428656534 658.741516273003 0.0151512675568705 2.76262066703906e-05 no_error _Recombination_Map_Scenario_2_ 750 2250 0 1 0.05 GF_Model_IV
0.011693982844727 603.158645358204 0.00703584166415217 5.53484612840901e-05 no_error _Recombination_Map_Scenario_2_ 750 2250 0 1 0.05 GF_Model_IV
0.012642119380251 814.727471340009 0.0069977905283688 1.64774599755713e-05 no_error _Recombination_Map_Scenario_2_ 750 2250 0 1 0.05 GF_Model_IV
0.0115515696435473 746.100555853451 0.00782641076349129 1.43836657050222e-05 no_error _Recombination_Map_Scenario_2_ 750 2250 0 1 0.05 GF_Model_IV
0.0130499944191976 527.929432141032 0.00412912455207947 7.44894803141681e-05 no_error _Recombination_Map_Scenario_2_ 750 2250 0 1 0.05 GF_Model_IV
0.0125392737733852 996.595562256903 0.00467347038369171 2.71134353955488e-05 no_error _Recombination_Map_Scenario_2_ 750 2250 0 1 0.05 GF_Model_IV
0.00942493627160288 581.533638696916 0.0100174599692483 5.45044775176934e-05 no_error _Recombination_Map_Scenario_2_ 750 2250 0 1 0.05 GF_Model_IV
0.0098809960387179 887.015695002899 0.012541213017644 4.86023362484509e-05 no_error _Recombination_Map_Scenario_2_ 750 2250 0 1 0.05 GF_Model_IV
0.0255931545641042 15.5913247822828 0.0201245095391059 6.07637413770271e-05 nls_error _Recombination_Map_Scenario_2_ 750 2250 0 1 0.05 GF_Model_IV
0.0078971748558906 787.556258012665 0.00968045752539314 2.16836709169059e-05 no_error _Recombination_Map_Scenario_2_ 750 2250 0 1 0.05 GF_Model_IV
0.0081583222192061 630.479525544193 0.0131979543537375 4.06056070561017e-05 no_error _Recombination_Map_Scenario_2_ 750 2250 0 1 0.05 GF_Model_IV
0.00843722995704477 438.687916725313 0.0119645979295039 9.18523401141859e-05 no_error _Recombination_Map_Scenario_2_ 750 2250 0 1 0.05 GF_Model_IV
0.00613846021837349 898.532594709474 0.0186197847892536 1.28281146053368e-05 no_error _Recombination_Map_Scenario_2_ 750 2250 0 1 0.05 GF_Model_IV
0.0106342622777996 756.418256260043 0.0115608994962466 6.14147635635665e-05 no_error _Recombination_Map_Scenario_2_ 750 2250 0 1 0.05 GF_Model_IV
0.0120704242345545 873.857833502695 0.00580433982353024 2.3365428950155e-05 no_error _Recombination_Map_Scenario_2_ 750 2250 0 1 0.05 GF_Model_IV
0.0114574444637133 700.163270353974 0.00380211060523525 3.53933486603302e-05 no_error _Recombination_Map_Scenario_2_ 750 2250 0 1 0.05 GF_Model_IV
0.00689412152095761 728.120920268495 0.0124164282607147 1.77409872918655e-05 no_error _Recombination_Map_Scenario_2_ 750 2250 0 1 0.05 GF_Model_IV
0.00611122921871346 266.843614510173 0.0198337652076248 0.000112125293935358 no_error _Recombination_Map_Scenario_2_ 750 2250 0 1 0.05 GF_Model_IV
0.0108600117415434 712.097812485788 0.00459250575625576 3.53271884894239e-05 no_error _Recombination_Map_Scenario_2_ 750 2250 0 1 0.05 GF_Model_IV
0.00822836957424452 963.437200711449 0.0159482348468646 2.496516525365e-05 no_error _Recombination_Map_Scenario_2_ 750 2250 0 1 0.05 GF_Model_IV
0.00640886501975735 442.568418733282 0.0146253706250692 0.000101029698873577 no_error _Recombination_Map_Scenario_2_ 750 2250 0 1 0.05 GF_Model_IV
0.00883586475060348 676.511966780175 0.00617015772602392 2.67094485913364e-05 no_error _Recombination_Map_Scenario_2_ 750 2250 0 1 0.05 GF_Model_IV
0.00577494358173225 54.5367978155146 0.0256819314047747 6.81751116706276e-05 no_error _Recombination_Map_Scenario_2_ 750 2250 0 1 0.05 GF_Model_IV
0.0136273463933583 682.695157447685 0.00364395650239571 2.85028109576138e-05 no_error _Recombination_Map_Scenario_2_ 750 2250 0 1 0.05 GF_Model_IV
0.0128931301167878 652.55820201596 0.00573526422705129 5.09263379985211e-05 no_error _Recombination_Map_Scenario_2_ 750 2250 0 1 0.05 GF_Model_IV
0.0103168253954315 668.035510900823 0.0096393227124378 5.87850436120952e-05 no_error _Recombination_Map_Scenario_2_ 750 2250 0 1 0.05 GF_Model_IV
0.00807386048182998 412.884217481784 0.0112350044103747 6.42842698232025e-05 no_error _Recombination_Map_Scenario_2_ 750 2250 0 1 0.05 GF_Model_IV
0.00993334886946054 749.779590184939 0.00896450574687628 2.23490195740753e-05 no_error _Recombination_Map_Scenario_2_ 750 2250 0 1 0.05 GF_Model_IV
0.0101241524201424 792.986003057981 0.00810233771965623 2.24179145820753e-05 no_error _Recombination_Map_Scenario_2_ 750 2250 0 1 0.05 GF_Model_IV
0.0109719010215486 802.679082728227 0.00342770981681939 2.13609494113257e-05 no_error _Recombination_Map_Scenario_2_ 750 2250 0 1 0.05 GF_Model_IV
0.0133745806347888 681.248060628187 0.00147127742323027 4.38956823024511e-05 no_error _Recombination_Map_Scenario_2_ 750 2250 0 1 0.05 GF_Model_IV
0.011488993362051 610.754240397865 0.00711650413263328 1.67465970366987e-05 no_error _Recombination_Map_Scenario_2_ 750 2250 0 1 0.05 GF_Model_IV
0.00826562317626777 772.830104581734 0.0115143062120317 2.51506332958809e-05 no_error _Recombination_Map_Scenario_2_ 750 2250 0 1 0.05 GF_Model_IV
0.0305192843449717 8290.88243330071 0.0364567810743671 4.32774852841697e-05 no_error _Recombination_Map_Scenario_2_ 750 2250 0 1 0.05 GF_Model_IV
0.00880692388717894 868.305652452349 0.010756735538979 2.00463604720964e-05 no_error _Recombination_Map_Scenario_2_ 750 2250 0 1 0.05 GF_Model_IV
0.0136803208878836 824.05994534699 0.00237061611547893 2.57411300656291e-05 no_error _Recombination_Map_Scenario_2_ 750 2250 0 1 0.05 GF_Model_IV
0.00975426195926777 808.00480417674 0.00708829036906447 1.76915222751427e-05 no_error _Recombination_Map_Scenario_2_ 750 2250 0 1 0.05 GF_Model_IV
0.0120071160891244 633.350175974369 0.00511519708011429 2.7129578124819e-05 no_error _Recombination_Map_Scenario_2_ 750 2250 0 1 0.05 GF_Model_IV
0.0124100294686287 834.161787121122 0.00187996447861598 1.22578441069022e-05 no_error _Recombination_Map_Scenario_2_ 750 2250 0 1 0.05 GF_Model_IV
0.0164728056543779 846.622755451436 0.00157906416471702 1.43936519408743e-05 no_error _Recombination_Map_Scenario_2_ 750 2250 0 1 0.05 GF_Model_IV
0.0119337081432754 810.927131577883 0.00760002135836636 1.64103965511954e-05 no_error _Recombination_Map_Scenario_2_ 750 2250 0 1 0.05 GF_Model_IV
0.010448155377029 713.013208979442 0.0155227193091623 2.95617061361534e-05 no_error _Recombination_Map_Scenario_2_ 750 2250 0 1 0.05 GF_Model_IV
0.0116308707033919 1008.74984579259 0.00858376673101316 2.03718568969364e-05 no_error _Recombination_Map_Scenario_2_ 750 2250 0 1 0.05 GF_Model_IV
0.0145453896371035 797.542829307552 0.00174551008621509 2.19657548115786e-05 no_error _Recombination_Map_Scenario_2_ 750 2250 0 1 0.05 GF_Model_IV
0.00834244452529802 924.701157369281 0.0114583619184897 1.04565881100609e-05 no_error _Recombination_Map_Scenario_2_ 750 2250 0 1 0.05 GF_Model_IV
0.00881873240437264 552.76926227619 0.0123030042490981 5.8674349882802e-05 no_error _Recombination_Map_Scenario_2_ 750 2250 0 1 0.05 GF_Model_IV
0.00990725797949103 708.387288757654 0.00764168519537 2.25196330153822e-05 no_error _Recombination_Map_Scenario_2_ 750 2250 0 1 0.05 GF_Model_IV
0.0139647047397124 727.309988376308 0.00327472015451241 5.51188571145903e-05 no_error _Recombination_Map_Scenario_2_ 750 2250 0 1 0.05 GF_Model_IV
0.0105416916334909 864.186785681054 0.00799953470549469 2.25864952968854e-05 no_error _Recombination_Map_Scenario_2_ 750 2250 0 1 0.05 GF_Model_IV
0.0141186815830613 792.576950763479 0.00225284521384561 3.31470089073248e-05 no_error _Recombination_Map_Scenario_2_ 750 2250 0 1 0.05 GF_Model_IV
0.00874564698096771 705.45338601988 0.0113225437859881 4.80082908293779e-05 no_error _Recombination_Map_Scenario_2_ 750 2250 0 1 0.05 GF_Model_IV
0.0124837233075798 750.624209291238 0.0120322276275112 4.76475790846488e-05 no_error _Recombination_Map_Scenario_2_ 750 2250 0 1 0.05 GF_Model_IV
0.0110553274619923 834.879796166441 0.00390037279814494 1.06527120549074e-05 no_error _Recombination_Map_Scenario_2_ 750 2250 0 1 0.05 GF_Model_IV
0.00713584263300383 457.560651478987 0.00630868729735645 5.45574821412999e-05 no_error _Recombination_Map_Scenario_2_ 750 2250 0 1 0.05 GF_Model_IV
0.0120021392483537 713.105484231304 0.00399052171026012 2.58758328668002e-05 no_error _Recombination_Map_Scenario_2_ 750 2250 0 1 0.05 GF_Model_IV
0.00888913385880898 705.308190238173 0.00758674136169205 3.98962102053633e-05 no_error _Recombination_Map_Scenario_2_ 750 2250 0 1 0.05 GF_Model_IV
0.0141460424338636 9.72359068536685 0.0224512532549179 0.000179359586429016 nls_error _Recombination_Map_Scenario_2_ 750 2250 0 1 0.05 GF_Model_IV
