0.0123697784154969 787.414066962938 0.00417228086742958 4.42431421700527e-05 no_error _Recombination_Map_and_Complex_Demographies_Scenario_1_ 1500 1501 0 1 0.02 GF_Model_IV
0.0148224100615243 859.38674509937 0.00161468390262397 5.41860496291135e-05 no_error _Recombination_Map_and_Complex_Demographies_Scenario_1_ 1500 1501 0 1 0.02 GF_Model_IV
0.0138716511197175 786.583818703608 0.00693286062523619 6.02443628268463e-05 no_error _Recombination_Map_and_Complex_Demographies_Scenario_1_ 1500 1501 0 1 0.02 GF_Model_IV
0.0121808696499061 853.923669604808 0.00371794156755743 2.94450521806481e-05 no_error _Recombination_Map_and_Complex_Demographies_Scenario_1_ 1500 1501 0 1 0.02 GF_Model_IV
0.0140139351994484 771.878291038983 0.00704997735065535 4.01565869732104e-05 no_error _Recombination_Map_and_Complex_Demographies_Scenario_1_ 1500 1501 0 1 0.02 GF_Model_IV
0.0141348702211662 718.348959629051 0.00641689942302409 7.48276501718709e-05 no_error _Recombination_Map_and_Complex_Demographies_Scenario_1_ 1500 1501 0 1 0.02 GF_Model_IV
0.0139773306739827 851.629422496651 0.000739891602251681 3.79483007710277e-05 no_error _Recombination_Map_and_Complex_Demographies_Scenario_1_ 1500 1501 0 1 0.02 GF_Model_IV
0.0122712738396357 837.982344559738 0.00126652243744156 4.79301694566011e-05 no_error _Recombination_Map_and_Complex_Demographies_Scenario_1_ 1500 1501 0 1 0.02 GF_Model_IV
0.0127354565691541 749.410629228664 0.00441508973329172 5.03139000426258e-05 no_error _Recombination_Map_and_Complex_Demographies_Scenario_1_ 1500 1501 0 1 0.02 GF_Model_IV
0.012717952465412 725.086957969176 0.00711825481000095 6.86022276064034e-05 no_error _Recombination_Map_and_Complex_Demographies_Scenario_1_ 1500 1501 0 1 0.02 GF_Model_IV
0.0127033580428034 785.014541625122 0.000548766140990154 4.02421863651246e-05 no_error _Recombination_Map_and_Complex_Demographies_Scenario_1_ 1500 1501 0 1 0.02 GF_Model_IV
0.0120777069250912 781.353900817413 0.00578569162640302 4.42310346741644e-05 no_error _Recombination_Map_and_Complex_Demographies_Scenario_1_ 1500 1501 0 1 0.02 GF_Model_IV
0.0146356020862952 885.234010275228 0.00211746222392586 3.57759378442102e-05 no_error _Recombination_Map_and_Complex_Demographies_Scenario_1_ 1500 1501 0 1 0.02 GF_Model_IV
0.0146179652422327 827.980901294351 0.000918810783453525 4.47207068055985e-05 no_error _Recombination_Map_and_Complex_Demographies_Scenario_1_ 1500 1501 0 1 0.02 GF_Model_IV
0.0137425810617127 761.465739701947 0.00705042990696857 4.53222862382536e-05 no_error _Recombination_Map_and_Complex_Demographies_Scenario_1_ 1500 1501 0 1 0.02 GF_Model_IV
0.0138482352432411 819.274469097394 0.00130205265595982 4.29727577539563e-05 no_error _Recombination_Map_and_Complex_Demographies_Scenario_1_ 1500 1501 0 1 0.02 GF_Model_IV
0.0121005543490343 773.066480235875 0.00388272879318642 4.47196440396017e-05 no_error _Recombination_Map_and_Complex_Demographies_Scenario_1_ 1500 1501 0 1 0.02 GF_Model_IV
0.0128145720687282 791.371255725084 0.00103221928832617 2.97834627059471e-05 no_error _Recombination_Map_and_Complex_Demographies_Scenario_1_ 1500 1501 0 1 0.02 GF_Model_IV
0.0112500603576059 873.370644371642 0.00187461356270958 2.43723138195291e-05 no_error _Recombination_Map_and_Complex_Demographies_Scenario_1_ 1500 1501 0 1 0.02 GF_Model_IV
0.0140523729224333 884.990233131328 0.00548187614981782 4.51378845892231e-05 no_error _Recombination_Map_and_Complex_Demographies_Scenario_1_ 1500 1501 0 1 0.02 GF_Model_IV
0.0137663977483538 823.428039310804 0.00309030508509627 5.18124498492251e-05 no_error _Recombination_Map_and_Complex_Demographies_Scenario_1_ 1500 1501 0 1 0.02 GF_Model_IV
0.0139663625557436 879.703981966023 0.00494838820163978 4.88207340664508e-05 no_error _Recombination_Map_and_Complex_Demographies_Scenario_1_ 1500 1501 0 1 0.02 GF_Model_IV
0.0124571359367263 780.228352193689 0.00217074938342064 6.04432400764478e-05 no_error _Recombination_Map_and_Complex_Demographies_Scenario_1_ 1500 1501 0 1 0.02 GF_Model_IV
0.0123079655336118 807.48652840842 0.00351712364804452 5.4453407952635e-05 no_error _Recombination_Map_and_Complex_Demographies_Scenario_1_ 1500 1501 0 1 0.02 GF_Model_IV
0.0124939346147472 757.353276013996 0.00270083377665264 4.64770637878238e-05 no_error _Recombination_Map_and_Complex_Demographies_Scenario_1_ 1500 1501 0 1 0.02 GF_Model_IV
0.0133165321863518 911.362067729308 0.000900196081700235 2.49565111697759e-05 no_error _Recombination_Map_and_Complex_Demographies_Scenario_1_ 1500 1501 0 1 0.02 GF_Model_IV
0.0136786081797643 522.476571088338 0.011008888324273 0.0001861014015106 no_error _Recombination_Map_and_Complex_Demographies_Scenario_1_ 1500 1501 0 1 0.02 GF_Model_IV
0.0123955145539594 749.768986137259 0.00291990143237545 4.44668222819134e-05 no_error _Recombination_Map_and_Complex_Demographies_Scenario_1_ 1500 1501 0 1 0.02 GF_Model_IV
0.0129577574890893 642.93762242315 0.00940105928815483 0.000114662850086284 no_error _Recombination_Map_and_Complex_Demographies_Scenario_1_ 1500 1501 0 1 0.02 GF_Model_IV
0.0130520286693712 768.679584858699 0.00281535301081316 4.2665147912783e-05 no_error _Recombination_Map_and_Complex_Demographies_Scenario_1_ 1500 1501 0 1 0.02 GF_Model_IV
0.0146920002572525 776.891270344873 0.00205854451041555 4.17829705799334e-05 no_error _Recombination_Map_and_Complex_Demographies_Scenario_1_ 1500 1501 0 1 0.02 GF_Model_IV
0.0130520306605006 842.790639441023 0.00193639564255959 3.65854041331388e-05 no_error _Recombination_Map_and_Complex_Demographies_Scenario_1_ 1500 1501 0 1 0.02 GF_Model_IV
0.0119936034696215 790.977024413059 0.00233168131429363 4.27106788235984e-05 no_error _Recombination_Map_and_Complex_Demographies_Scenario_1_ 1500 1501 0 1 0.02 GF_Model_IV
0.01434724110748 752.308347395117 0.0030055934449943 8.74478790088613e-05 no_error _Recombination_Map_and_Complex_Demographies_Scenario_1_ 1500 1501 0 1 0.02 GF_Model_IV
0.0119961043669196 802.71106820689 0.00210787180569658 3.19312140415023e-05 no_error _Recombination_Map_and_Complex_Demographies_Scenario_1_ 1500 1501 0 1 0.02 GF_Model_IV
0.0116951713804137 849.412902266513 0.000806044982235914 3.79869561432886e-05 no_error _Recombination_Map_and_Complex_Demographies_Scenario_1_ 1500 1501 0 1 0.02 GF_Model_IV
0.0130340450000425 407.908286790721 0.00927900238765809 9.01975831237026e-05 no_error _Recombination_Map_and_Complex_Demographies_Scenario_1_ 1500 1501 0 1 0.02 GF_Model_IV
0.0143607453718506 747.080783094038 0.00278333182392834 3.22700177816569e-05 no_error _Recombination_Map_and_Complex_Demographies_Scenario_1_ 1500 1501 0 1 0.02 GF_Model_IV
0.0117334081608817 800.094255092091 0.00185016201974968 3.69148478286385e-05 no_error _Recombination_Map_and_Complex_Demographies_Scenario_1_ 1500 1501 0 1 0.02 GF_Model_IV
0.0147997486959228 754.970444610951 0.00176285685169684 5.93564718472958e-05 no_error _Recombination_Map_and_Complex_Demographies_Scenario_1_ 1500 1501 0 1 0.02 GF_Model_IV
0.0120726981159437 801.176206470422 0.00464036360892823 4.44946447853992e-05 no_error _Recombination_Map_and_Complex_Demographies_Scenario_1_ 1500 1501 0 1 0.02 GF_Model_IV
0.0131982468143663 828.803296842258 0.00199291090782629 3.03190721070653e-05 no_error _Recombination_Map_and_Complex_Demographies_Scenario_1_ 1500 1501 0 1 0.02 GF_Model_IV
0.0127116532545415 843.794584797393 0.00281219509187483 3.3578984310708e-05 no_error _Recombination_Map_and_Complex_Demographies_Scenario_1_ 1500 1501 0 1 0.02 GF_Model_IV
0.0130392533731181 753.119225954839 0.00522697212723711 6.38134384193889e-05 no_error _Recombination_Map_and_Complex_Demographies_Scenario_1_ 1500 1501 0 1 0.02 GF_Model_IV
0.0118488451113034 703.383158645874 0.0107024790180304 6.10605815367009e-05 no_error _Recombination_Map_and_Complex_Demographies_Scenario_1_ 1500 1501 0 1 0.02 GF_Model_IV
0.012330915200575 754.495498985667 0.00273120955918405 6.11120899057629e-05 no_error _Recombination_Map_and_Complex_Demographies_Scenario_1_ 1500 1501 0 1 0.02 GF_Model_IV
0.0113707784596194 862.726278039424 0.00206336625181058 3.55354817570154e-05 no_error _Recombination_Map_and_Complex_Demographies_Scenario_1_ 1500 1501 0 1 0.02 GF_Model_IV
0.0136740192814948 807.013557376852 0.00148071974097099 4.39909183308081e-05 no_error _Recombination_Map_and_Complex_Demographies_Scenario_1_ 1500 1501 0 1 0.02 GF_Model_IV
0.0127746848067858 968.765524335653 0.00170993645948965 2.33501323525219e-05 no_error _Recombination_Map_and_Complex_Demographies_Scenario_1_ 1500 1501 0 1 0.02 GF_Model_IV
0.0119898541249296 492.497596668475 0.0102360572400753 0.000164094774442715 no_error _Recombination_Map_and_Complex_Demographies_Scenario_1_ 1500 1501 0 1 0.02 GF_Model_IV
0.0145027956051359 742.559027742623 0.00670362451709199 4.80385906457371e-05 no_error _Recombination_Map_and_Complex_Demographies_Scenario_1_ 1500 1501 0 1 0.02 GF_Model_IV
0.0142066890318921 714.270006791278 0.00162620275293746 5.31967830416048e-05 no_error _Recombination_Map_and_Complex_Demographies_Scenario_1_ 1500 1501 0 1 0.02 GF_Model_IV
0.0147359903046232 542.149794032911 0.00414287448465686 0.000151268687943894 no_error _Recombination_Map_and_Complex_Demographies_Scenario_1_ 1500 1501 0 1 0.02 GF_Model_IV
0.0107878988326231 601.961233953495 0.0134991094692082 6.06408665371886e-05 no_error _Recombination_Map_and_Complex_Demographies_Scenario_1_ 1500 1501 0 1 0.02 GF_Model_IV
0.0131587934143496 763.953734595499 0.00119594689280849 3.8519845892735e-05 no_error _Recombination_Map_and_Complex_Demographies_Scenario_1_ 1500 1501 0 1 0.02 GF_Model_IV
0.0133257491492436 827.191293229441 0.00522547389031752 4.338491713578e-05 no_error _Recombination_Map_and_Complex_Demographies_Scenario_1_ 1500 1501 0 1 0.02 GF_Model_IV
0.0140428994532997 592.511565135428 0.00528493082749988 4.00000412778027e-05 no_error _Recombination_Map_and_Complex_Demographies_Scenario_1_ 1500 1501 0 1 0.02 GF_Model_IV
0.0137985211828357 814.638651433886 0.0018709884503061 4.95421739541146e-05 no_error _Recombination_Map_and_Complex_Demographies_Scenario_1_ 1500 1501 0 1 0.02 GF_Model_IV
0.0127414380922049 764.590387405615 0.00581700279880914 4.23854441587581e-05 no_error _Recombination_Map_and_Complex_Demographies_Scenario_1_ 1500 1501 0 1 0.02 GF_Model_IV
0.0116938372495201 734.716392256567 0.0041459847045878 5.12440546351705e-05 no_error _Recombination_Map_and_Complex_Demographies_Scenario_1_ 1500 1501 0 1 0.02 GF_Model_IV
0.0121471500672556 832.808049944267 0.000750565142357874 3.05482938547037e-05 no_error _Recombination_Map_and_Complex_Demographies_Scenario_1_ 1500 1501 0 1 0.02 GF_Model_IV
0.0133644510065348 767.357058491375 0.00303259479330962 5.50285191677767e-05 no_error _Recombination_Map_and_Complex_Demographies_Scenario_1_ 1500 1501 0 1 0.02 GF_Model_IV
0.0134761011889036 881.442696724121 0.00122775779163779 3.8600585511535e-05 no_error _Recombination_Map_and_Complex_Demographies_Scenario_1_ 1500 1501 0 1 0.02 GF_Model_IV
0.0122557239875163 855.365743001485 0.00468184223857611 3.97008681643002e-05 no_error _Recombination_Map_and_Complex_Demographies_Scenario_1_ 1500 1501 0 1 0.02 GF_Model_IV
0.0131017267244109 800.77632339106 0.00154753471391849 3.72039077948679e-05 no_error _Recombination_Map_and_Complex_Demographies_Scenario_1_ 1500 1501 0 1 0.02 GF_Model_IV
0.0121935241219933 690.661759914971 0.00903337966491032 9.91500344251768e-05 no_error _Recombination_Map_and_Complex_Demographies_Scenario_1_ 1500 1501 0 1 0.02 GF_Model_IV
0.0118890838751956 777.857408389529 0.00708458154830472 5.13323922165718e-05 no_error _Recombination_Map_and_Complex_Demographies_Scenario_1_ 1500 1501 0 1 0.02 GF_Model_IV
0.0151795285891891 809.460721665611 0.00226288971892335 2.92780061897631e-05 no_error _Recombination_Map_and_Complex_Demographies_Scenario_1_ 1500 1501 0 1 0.02 GF_Model_IV
0.0128586123317868 863.896327929434 0.00095915948921198 2.97081965506201e-05 no_error _Recombination_Map_and_Complex_Demographies_Scenario_1_ 1500 1501 0 1 0.02 GF_Model_IV
0.0133841053793546 820.215069138989 0.00217773179054406 2.92094371214584e-05 no_error _Recombination_Map_and_Complex_Demographies_Scenario_1_ 1500 1501 0 1 0.02 GF_Model_IV
0.0111006056275192 754.418472075397 0.0114284973217305 5.34742435021111e-05 no_error _Recombination_Map_and_Complex_Demographies_Scenario_1_ 1500 1501 0 1 0.02 GF_Model_IV
0.0141522544995086 452.502304177037 0.00620457580983605 0.000214143148594828 no_error _Recombination_Map_and_Complex_Demographies_Scenario_1_ 1500 1501 0 1 0.02 GF_Model_IV
0.0121766148231746 896.664577652028 0.00181309830627315 2.92086801574281e-05 no_error _Recombination_Map_and_Complex_Demographies_Scenario_1_ 1500 1501 0 1 0.02 GF_Model_IV
0.0140240248327853 869.949627445276 0.00209493585817221 3.96465008909985e-05 no_error _Recombination_Map_and_Complex_Demographies_Scenario_1_ 1500 1501 0 1 0.02 GF_Model_IV
0.0135275322856987 822.542114271742 0.00299459069654849 3.73307512804083e-05 no_error _Recombination_Map_and_Complex_Demographies_Scenario_1_ 1500 1501 0 1 0.02 GF_Model_IV
0.013465099325944 895.581002338742 0.00315316463470601 3.58775067879869e-05 no_error _Recombination_Map_and_Complex_Demographies_Scenario_1_ 1500 1501 0 1 0.02 GF_Model_IV
0.0119416721886132 507.039925768276 0.010718749122155 0.00013596380002606 no_error _Recombination_Map_and_Complex_Demographies_Scenario_1_ 1500 1501 0 1 0.02 GF_Model_IV
0.0116746856287042 852.090783540921 0.00423842862614739 3.75770115916123e-05 no_error _Recombination_Map_and_Complex_Demographies_Scenario_1_ 1500 1501 0 1 0.02 GF_Model_IV
0.01358959489169 767.856202784209 0.00609180070358454 4.52088356006697e-05 no_error _Recombination_Map_and_Complex_Demographies_Scenario_1_ 1500 1501 0 1 0.02 GF_Model_IV
0.0128917502322369 922.585543561688 0.00176152307655943 4.36378723250286e-05 no_error _Recombination_Map_and_Complex_Demographies_Scenario_1_ 1500 1501 0 1 0.02 GF_Model_IV
0.0134534871569978 838.862861503519 0.00177572413544274 4.70288358139432e-05 no_error _Recombination_Map_and_Complex_Demographies_Scenario_1_ 1500 1501 0 1 0.02 GF_Model_IV
0.0113237313639684 805.6403894623 0.00387789411582247 3.35566386981768e-05 no_error _Recombination_Map_and_Complex_Demographies_Scenario_1_ 1500 1501 0 1 0.02 GF_Model_IV
0.0121511025306145 835.770738295978 0.00203253053044176 3.73063146079381e-05 no_error _Recombination_Map_and_Complex_Demographies_Scenario_1_ 1500 1501 0 1 0.02 GF_Model_IV
0.0105407383058128 872.33772978745 0.00174580079791548 2.50698348921822e-05 no_error _Recombination_Map_and_Complex_Demographies_Scenario_1_ 1500 1501 0 1 0.02 GF_Model_IV
0.0126718462450392 776.229416230487 0.00242711412350465 4.5046987643388e-05 no_error _Recombination_Map_and_Complex_Demographies_Scenario_1_ 1500 1501 0 1 0.02 GF_Model_IV
0.0121491848635763 810.378753922384 0.00339373284338412 4.49704868924883e-05 no_error _Recombination_Map_and_Complex_Demographies_Scenario_1_ 1500 1501 0 1 0.02 GF_Model_IV
0.0134308518902016 796.031875268979 0.00200209014836663 5.06344621838914e-05 no_error _Recombination_Map_and_Complex_Demographies_Scenario_1_ 1500 1501 0 1 0.02 GF_Model_IV
0.0129633049416153 772.878163582894 0.0015437614694865 5.92892675656101e-05 no_error _Recombination_Map_and_Complex_Demographies_Scenario_1_ 1500 1501 0 1 0.02 GF_Model_IV
0.0118456924769907 820.735081170721 0.00401075626118001 5.44237359292106e-05 no_error _Recombination_Map_and_Complex_Demographies_Scenario_1_ 1500 1501 0 1 0.02 GF_Model_IV
0.0136000102104237 645.684518618316 0.00218992345342809 0.000107315407350835 no_error _Recombination_Map_and_Complex_Demographies_Scenario_1_ 1500 1501 0 1 0.02 GF_Model_IV
0.0132241348217582 775.236204985053 0.00929735931126923 4.97011019182314e-05 no_error _Recombination_Map_and_Complex_Demographies_Scenario_1_ 1500 1501 0 1 0.02 GF_Model_IV
0.0124422062345771 675.878483564531 0.0050707011132035 6.14917080657128e-05 no_error _Recombination_Map_and_Complex_Demographies_Scenario_1_ 1500 1501 0 1 0.02 GF_Model_IV
0.0134829614579779 821.097858081543 0.00317054775344399 4.55136435879439e-05 no_error _Recombination_Map_and_Complex_Demographies_Scenario_1_ 1500 1501 0 1 0.02 GF_Model_IV
0.0135155704009907 815.543948733302 0.00258188410816903 4.037845325413e-05 no_error _Recombination_Map_and_Complex_Demographies_Scenario_1_ 1500 1501 0 1 0.02 GF_Model_IV
0.0129475457611345 921.229232319745 0.00128506589234221 2.84838158902704e-05 no_error _Recombination_Map_and_Complex_Demographies_Scenario_1_ 1500 1501 0 1 0.02 GF_Model_IV
0.0111334593994555 723.226627377523 0.0072841196385558 3.7766040423262e-05 no_error _Recombination_Map_and_Complex_Demographies_Scenario_1_ 1500 1501 0 1 0.02 GF_Model_IV
0.0143786139736893 684.528455923216 0.00297927022150572 8.50090551593963e-05 no_error _Recombination_Map_and_Complex_Demographies_Scenario_1_ 1500 1501 0 1 0.02 GF_Model_IV
0.0140205207225198 826.054021995737 0.00220157189970566 5.40729960219602e-05 no_error _Recombination_Map_and_Complex_Demographies_Scenario_1_ 1500 1501 0 1 0.02 GF_Model_IV
0.012926409296941 896.323842773773 0.00236548955997991 3.0867047550139e-05 no_error _Recombination_Map_and_Complex_Demographies_Scenario_1_ 1500 1501 0 1 0.02 GF_Model_IV
0.0135271582834751 848.576798804651 0.000970456315931354 5.01744326180925e-05 no_error _Recombination_Map_and_Complex_Demographies_Scenario_1_ 1500 1501 0 1 0.02 GF_Model_IV
0.013431941260107 766.051920615423 0.00330980086095027 6.83183881048501e-05 no_error _Recombination_Map_and_Complex_Demographies_Scenario_2_ 750 2250 0 1 0.02 GF_Model_IV
0.0135144855159782 803.424624696447 0.00571851594115779 5.46483616106722e-05 no_error _Recombination_Map_and_Complex_Demographies_Scenario_2_ 750 2250 0 1 0.02 GF_Model_IV
0.0121323213140854 568.225313254422 0.00972385712750592 0.000113627709299729 no_error _Recombination_Map_and_Complex_Demographies_Scenario_2_ 750 2250 0 1 0.02 GF_Model_IV
0.012465908675813 745.90782239101 0.00403288126113953 4.1217824771201e-05 no_error _Recombination_Map_and_Complex_Demographies_Scenario_2_ 750 2250 0 1 0.02 GF_Model_IV
0.0126021226965412 745.906187679712 0.00470981082266189 5.56540578800653e-05 no_error _Recombination_Map_and_Complex_Demographies_Scenario_2_ 750 2250 0 1 0.02 GF_Model_IV
0.0122846137769929 849.008249300989 0.00172460808367325 3.67278570141015e-05 no_error _Recombination_Map_and_Complex_Demographies_Scenario_2_ 750 2250 0 1 0.02 GF_Model_IV
0.01304769521149 796.532252703008 0.00362215057593973 4.68065954027928e-05 no_error _Recombination_Map_and_Complex_Demographies_Scenario_2_ 750 2250 0 1 0.02 GF_Model_IV
0.01352225626781 656.728466737989 0.00648724658753424 7.06776675120258e-05 no_error _Recombination_Map_and_Complex_Demographies_Scenario_2_ 750 2250 0 1 0.02 GF_Model_IV
0.0138171362419182 860.09101503745 0.00224867838149627 4.73652326573306e-05 no_error _Recombination_Map_and_Complex_Demographies_Scenario_2_ 750 2250 0 1 0.02 GF_Model_IV
0.0113314278699595 798.409988307828 0.00201663765464948 2.24127270142933e-05 no_error _Recombination_Map_and_Complex_Demographies_Scenario_2_ 750 2250 0 1 0.02 GF_Model_IV
0.0122888210806597 825.635404606378 0.000270425257295304 2.61900525162685e-05 no_error _Recombination_Map_and_Complex_Demographies_Scenario_2_ 750 2250 0 1 0.02 GF_Model_IV
0.0129623855051218 778.401465927452 0.00524713272376433 4.01219714750247e-05 no_error _Recombination_Map_and_Complex_Demographies_Scenario_2_ 750 2250 0 1 0.02 GF_Model_IV
0.0108909778930886 283.737889820988 0.0693587100193354 0.000262757877686514 no_error _Recombination_Map_and_Complex_Demographies_Scenario_2_ 750 2250 0 1 0.02 GF_Model_IV
0.012294697904646 458.760015990927 0.0254231968340532 9.32023250554351e-05 no_error _Recombination_Map_and_Complex_Demographies_Scenario_2_ 750 2250 0 1 0.02 GF_Model_IV
0.0144146632990993 869.522834290887 0.00212722628834788 5.64887036960884e-05 no_error _Recombination_Map_and_Complex_Demographies_Scenario_2_ 750 2250 0 1 0.02 GF_Model_IV
0.0129393620285443 710.362497855734 0.00248710388439272 3.85620282420201e-05 no_error _Recombination_Map_and_Complex_Demographies_Scenario_2_ 750 2250 0 1 0.02 GF_Model_IV
0.0137770415428088 875.368187314604 0.00140584839811125 4.19728145208871e-05 no_error _Recombination_Map_and_Complex_Demographies_Scenario_2_ 750 2250 0 1 0.02 GF_Model_IV
0.0132236671290162 711.477985407527 0.00175167387043857 4.95811152864754e-05 no_error _Recombination_Map_and_Complex_Demographies_Scenario_2_ 750 2250 0 1 0.02 GF_Model_IV
0.0146395044895927 856.602066179448 0.000864848826629262 5.23830223989614e-05 no_error _Recombination_Map_and_Complex_Demographies_Scenario_2_ 750 2250 0 1 0.02 GF_Model_IV
0.012884851062792 791.649307093663 0.00170643247256344 5.31940384383915e-05 no_error _Recombination_Map_and_Complex_Demographies_Scenario_2_ 750 2250 0 1 0.02 GF_Model_IV
0.0129211445179206 635.080155883056 0.0050756296664465 7.32676005011155e-05 no_error _Recombination_Map_and_Complex_Demographies_Scenario_2_ 750 2250 0 1 0.02 GF_Model_IV
0.0114676262365187 675.185871626447 0.0108471654059843 5.71649330343091e-05 no_error _Recombination_Map_and_Complex_Demographies_Scenario_2_ 750 2250 0 1 0.02 GF_Model_IV
0.013409150989078 817.749973157141 0.00144453656065889 5.13291676731271e-05 no_error _Recombination_Map_and_Complex_Demographies_Scenario_2_ 750 2250 0 1 0.02 GF_Model_IV
0.0128686521897831 702.62916721402 0.00376500128290937 6.09870752358458e-05 no_error _Recombination_Map_and_Complex_Demographies_Scenario_2_ 750 2250 0 1 0.02 GF_Model_IV
0.0112593156417549 813.208942572461 0.00118081078424463 3.0001494921187e-05 no_error _Recombination_Map_and_Complex_Demographies_Scenario_2_ 750 2250 0 1 0.02 GF_Model_IV
0.0111791262463543 699.789568735573 0.00676664185416245 4.84927187707985e-05 no_error _Recombination_Map_and_Complex_Demographies_Scenario_2_ 750 2250 0 1 0.02 GF_Model_IV
0.014863717173322 762.667168089367 0.00801974035511251 5.27314774939216e-05 no_error _Recombination_Map_and_Complex_Demographies_Scenario_2_ 750 2250 0 1 0.02 GF_Model_IV
0.0127072272461507 805.717149212852 0.000611923994716411 5.48564898682361e-05 no_error _Recombination_Map_and_Complex_Demographies_Scenario_2_ 750 2250 0 1 0.02 GF_Model_IV
0.0147126423552522 765.159014443408 0.00327999722506086 5.09661138643163e-05 no_error _Recombination_Map_and_Complex_Demographies_Scenario_2_ 750 2250 0 1 0.02 GF_Model_IV
0.0129654873270779 750.606334613442 0.00540176558053166 5.48912591253612e-05 no_error _Recombination_Map_and_Complex_Demographies_Scenario_2_ 750 2250 0 1 0.02 GF_Model_IV
0.0122256957187036 799.215289300087 0.00183041351032578 3.92658025635871e-05 no_error _Recombination_Map_and_Complex_Demographies_Scenario_2_ 750 2250 0 1 0.02 GF_Model_IV
0.0128825938002 732.900318551229 0.00197602753974654 5.40560749498599e-05 no_error _Recombination_Map_and_Complex_Demographies_Scenario_2_ 750 2250 0 1 0.02 GF_Model_IV
0.0134905382303369 759.521168721355 0.00374759819618371 6.28382032799111e-05 no_error _Recombination_Map_and_Complex_Demographies_Scenario_2_ 750 2250 0 1 0.02 GF_Model_IV
0.012425789355868 776.081267831913 0.00589165407111234 4.63914277865777e-05 no_error _Recombination_Map_and_Complex_Demographies_Scenario_2_ 750 2250 0 1 0.02 GF_Model_IV
0.0129408755195933 898.217798513829 0.00210115837132163 3.2562510127615e-05 no_error _Recombination_Map_and_Complex_Demographies_Scenario_2_ 750 2250 0 1 0.02 GF_Model_IV
0.0140624926076715 766.079179648786 0.00323062376688794 5.04540299525408e-05 no_error _Recombination_Map_and_Complex_Demographies_Scenario_2_ 750 2250 0 1 0.02 GF_Model_IV
0.0121392786955098 804.183308688312 0.000369066136389018 2.83215195933974e-05 no_error _Recombination_Map_and_Complex_Demographies_Scenario_2_ 750 2250 0 1 0.02 GF_Model_IV
0.0132668572106095 719.911920649039 0.00279160147254803 6.45369248397122e-05 no_error _Recombination_Map_and_Complex_Demographies_Scenario_2_ 750 2250 0 1 0.02 GF_Model_IV
0.0142943501083477 831.506424836502 0.00234202293625759 4.71215473033222e-05 no_error _Recombination_Map_and_Complex_Demographies_Scenario_2_ 750 2250 0 1 0.02 GF_Model_IV
0.0119733702351932 793.365787437003 0.00163476343313058 3.07493795414987e-05 no_error _Recombination_Map_and_Complex_Demographies_Scenario_2_ 750 2250 0 1 0.02 GF_Model_IV
0.0135318127783803 803.434362218219 0.00121580923179677 3.8899167043453e-05 no_error _Recombination_Map_and_Complex_Demographies_Scenario_2_ 750 2250 0 1 0.02 GF_Model_IV
0.0127118857152646 780.705464441053 0.00524020814383077 5.24137710166135e-05 no_error _Recombination_Map_and_Complex_Demographies_Scenario_2_ 750 2250 0 1 0.02 GF_Model_IV
0.0131820761861293 726.008509485849 0.00513650655702996 4.71640584382928e-05 no_error _Recombination_Map_and_Complex_Demographies_Scenario_2_ 750 2250 0 1 0.02 GF_Model_IV
0.0127902145232188 716.833342940222 0.00437160405184322 4.80434444373837e-05 no_error _Recombination_Map_and_Complex_Demographies_Scenario_2_ 750 2250 0 1 0.02 GF_Model_IV
0.0128985677277644 830.743588383481 0.00172101389800684 2.92168266498569e-05 no_error _Recombination_Map_and_Complex_Demographies_Scenario_2_ 750 2250 0 1 0.02 GF_Model_IV
0.0113922016555153 725.18014687832 0.00552004378428152 5.41601049405246e-05 no_error _Recombination_Map_and_Complex_Demographies_Scenario_2_ 750 2250 0 1 0.02 GF_Model_IV
0.0138943621469239 780.968122119769 0.00204160657611078 4.32418749672508e-05 no_error _Recombination_Map_and_Complex_Demographies_Scenario_2_ 750 2250 0 1 0.02 GF_Model_IV
0.0126082444850981 582.357381579726 0.00744299731548758 0.000115273944148221 no_error _Recombination_Map_and_Complex_Demographies_Scenario_2_ 750 2250 0 1 0.02 GF_Model_IV
0.0117573427552625 761.312220269147 0.00232265517798679 3.20561572941252e-05 no_error _Recombination_Map_and_Complex_Demographies_Scenario_2_ 750 2250 0 1 0.02 GF_Model_IV
0.0129669026988812 683.109299317622 0.00471092269025661 4.22801368907897e-05 no_error _Recombination_Map_and_Complex_Demographies_Scenario_2_ 750 2250 0 1 0.02 GF_Model_IV
0.0136171854623896 808.261464822997 0.0014409168271779 3.7650637462617e-05 no_error _Recombination_Map_and_Complex_Demographies_Scenario_2_ 750 2250 0 1 0.02 GF_Model_IV
0.0132273778210766 687.471571373674 0.00331624321592098 5.37316981344795e-05 no_error _Recombination_Map_and_Complex_Demographies_Scenario_2_ 750 2250 0 1 0.02 GF_Model_IV
0.0142464187474901 556.534158473208 0.0090411581172912 0.000160548125759689 no_error _Recombination_Map_and_Complex_Demographies_Scenario_2_ 750 2250 0 1 0.02 GF_Model_IV
0.0126916927705197 823.841391779379 0.00190584027346776 4.34670126109101e-05 no_error _Recombination_Map_and_Complex_Demographies_Scenario_2_ 750 2250 0 1 0.02 GF_Model_IV
0.0116664430549928 808.378942017333 0.00425770362705651 4.60871328789865e-05 no_error _Recombination_Map_and_Complex_Demographies_Scenario_2_ 750 2250 0 1 0.02 GF_Model_IV
0.0140947156206359 799.248052420263 0.00202790042455457 4.21366917793364e-05 no_error _Recombination_Map_and_Complex_Demographies_Scenario_2_ 750 2250 0 1 0.02 GF_Model_IV
0.0122501866065424 590.716707593575 0.00974797138739537 6.82584464889797e-05 no_error _Recombination_Map_and_Complex_Demographies_Scenario_2_ 750 2250 0 1 0.02 GF_Model_IV
0.0128002092887907 839.445862569827 0.00153453010838031 3.0391056924209e-05 no_error _Recombination_Map_and_Complex_Demographies_Scenario_2_ 750 2250 0 1 0.02 GF_Model_IV
0.0130344962222599 825.48417964385 0.00145353136512745 4.00989431107857e-05 no_error _Recombination_Map_and_Complex_Demographies_Scenario_2_ 750 2250 0 1 0.02 GF_Model_IV
0.0125960777650767 710.512173183352 0.00221100640218502 5.39428536530846e-05 no_error _Recombination_Map_and_Complex_Demographies_Scenario_2_ 750 2250 0 1 0.02 GF_Model_IV
0.0140243116896407 761.636770482697 0.0032131181494014 4.14866571075359e-05 no_error _Recombination_Map_and_Complex_Demographies_Scenario_2_ 750 2250 0 1 0.02 GF_Model_IV
0.0123328726627849 725.8043489928 0.0022017356832882 3.56727716853553e-05 no_error _Recombination_Map_and_Complex_Demographies_Scenario_2_ 750 2250 0 1 0.02 GF_Model_IV
0.0137643130093383 806.983264541732 0.00144409438907607 5.77942194662993e-05 no_error _Recombination_Map_and_Complex_Demographies_Scenario_2_ 750 2250 0 1 0.02 GF_Model_IV
0.0136484907967615 784.834354061135 0.00197746534703843 5.79991621968076e-05 no_error _Recombination_Map_and_Complex_Demographies_Scenario_2_ 750 2250 0 1 0.02 GF_Model_IV
0.0133165065605885 803.069032074804 0.00147370306260942 3.98942499766835e-05 no_error _Recombination_Map_and_Complex_Demographies_Scenario_2_ 750 2250 0 1 0.02 GF_Model_IV
0.0134007379210318 741.66304000007 0.0023104836448184 3.94414932969874e-05 no_error _Recombination_Map_and_Complex_Demographies_Scenario_2_ 750 2250 0 1 0.02 GF_Model_IV
0.010136671026338 668.020892458663 0.0131688471082325 7.11384790420235e-05 no_error _Recombination_Map_and_Complex_Demographies_Scenario_2_ 750 2250 0 1 0.02 GF_Model_IV
0.0125365540130806 717.543940078576 0.00532700463549604 5.82089469451592e-05 no_error _Recombination_Map_and_Complex_Demographies_Scenario_2_ 750 2250 0 1 0.02 GF_Model_IV
0.0125926848930117 726.11350709792 0.00588884684373769 6.10250716171874e-05 no_error _Recombination_Map_and_Complex_Demographies_Scenario_2_ 750 2250 0 1 0.02 GF_Model_IV
0.0133403951087846 767.157490324772 0.00414575420859246 4.6830237801373e-05 no_error _Recombination_Map_and_Complex_Demographies_Scenario_2_ 750 2250 0 1 0.02 GF_Model_IV
0.0123754228656224 797.050352030976 0.0030782219345635 2.67376344877854e-05 no_error _Recombination_Map_and_Complex_Demographies_Scenario_2_ 750 2250 0 1 0.02 GF_Model_IV
0.0124676720726582 643.426130156729 0.00654985654996325 9.1638786529059e-05 no_error _Recombination_Map_and_Complex_Demographies_Scenario_2_ 750 2250 0 1 0.02 GF_Model_IV
0.011836472520881 748.085344668603 0.00443999425200925 3.11335445736451e-05 no_error _Recombination_Map_and_Complex_Demographies_Scenario_2_ 750 2250 0 1 0.02 GF_Model_IV
0.0138735669330372 831.648306358949 0.00184105116872332 5.53812401373549e-05 no_error _Recombination_Map_and_Complex_Demographies_Scenario_2_ 750 2250 0 1 0.02 GF_Model_IV
0.0145770827988407 781.945752243241 0.00268941085019072 3.4708192468004e-05 no_error _Recombination_Map_and_Complex_Demographies_Scenario_2_ 750 2250 0 1 0.02 GF_Model_IV
0.0127437801752344 627.739732820322 0.0177064981594015 0.000126167705609059 no_error _Recombination_Map_and_Complex_Demographies_Scenario_2_ 750 2250 0 1 0.02 GF_Model_IV
0.0135357323406201 775.614169641319 0.00188370853582697 3.77333157340393e-05 no_error _Recombination_Map_and_Complex_Demographies_Scenario_2_ 750 2250 0 1 0.02 GF_Model_IV
0.0130973650052511 791.322555337695 0.00143726145659601 4.3161087214352e-05 no_error _Recombination_Map_and_Complex_Demographies_Scenario_2_ 750 2250 0 1 0.02 GF_Model_IV
0.0118634091897436 788.352238209123 0.00181974507480678 3.42610540870017e-05 no_error _Recombination_Map_and_Complex_Demographies_Scenario_2_ 750 2250 0 1 0.02 GF_Model_IV
0.0131613362508604 824.389392207096 0.00198757395771589 3.43299781817069e-05 no_error _Recombination_Map_and_Complex_Demographies_Scenario_2_ 750 2250 0 1 0.02 GF_Model_IV
0.0131799990667593 732.661898238495 0.00199897921047299 5.89306932177181e-05 no_error _Recombination_Map_and_Complex_Demographies_Scenario_2_ 750 2250 0 1 0.02 GF_Model_IV
0.0125556637436022 791.351848385039 0.00196693726484104 4.75005349091072e-05 no_error _Recombination_Map_and_Complex_Demographies_Scenario_2_ 750 2250 0 1 0.02 GF_Model_IV
0.0137401710596611 714.720890435589 0.00245225939534954 4.34315198004529e-05 no_error _Recombination_Map_and_Complex_Demographies_Scenario_2_ 750 2250 0 1 0.02 GF_Model_IV
0.0121539080281374 639.701975716715 0.00782244587483644 6.71419299255836e-05 no_error _Recombination_Map_and_Complex_Demographies_Scenario_2_ 750 2250 0 1 0.02 GF_Model_IV
0.0113935172774325 619.506269643158 0.00873645028075013 7.99852897897862e-05 no_error _Recombination_Map_and_Complex_Demographies_Scenario_2_ 750 2250 0 1 0.02 GF_Model_IV
0.0127233843010067 772.259564467811 0.00101557692776973 2.86509847841907e-05 no_error _Recombination_Map_and_Complex_Demographies_Scenario_2_ 750 2250 0 1 0.02 GF_Model_IV
0.011307121899426 850.521390040825 0.00280708437750239 2.17376876840985e-05 no_error _Recombination_Map_and_Complex_Demographies_Scenario_2_ 750 2250 0 1 0.02 GF_Model_IV
0.0134660354197138 772.05338873607 0.00284890987982693 4.63460944810555e-05 no_error _Recombination_Map_and_Complex_Demographies_Scenario_2_ 750 2250 0 1 0.02 GF_Model_IV
0.0133937518899077 796.634262187682 0.00268145072540934 3.1867182650904e-05 no_error _Recombination_Map_and_Complex_Demographies_Scenario_2_ 750 2250 0 1 0.02 GF_Model_IV
0.013849459423367 798.036620422068 0.00124398090110556 1.6750362562698e-05 no_error _Recombination_Map_and_Complex_Demographies_Scenario_2_ 750 2250 0 1 0.02 GF_Model_IV
0.0123782141308017 725.795077629212 0.00884996974959716 5.39150198348964e-05 no_error _Recombination_Map_and_Complex_Demographies_Scenario_2_ 750 2250 0 1 0.02 GF_Model_IV
0.0127201017273228 687.919696766149 0.0077132656284159 6.22266118848255e-05 no_error _Recombination_Map_and_Complex_Demographies_Scenario_2_ 750 2250 0 1 0.02 GF_Model_IV
0.0144150923030623 808.334828878087 0.00153621461891197 6.84386436683617e-05 no_error _Recombination_Map_and_Complex_Demographies_Scenario_2_ 750 2250 0 1 0.02 GF_Model_IV
0.0120979811587805 793.682953548592 0.00310540860339129 4.4289259642916e-05 no_error _Recombination_Map_and_Complex_Demographies_Scenario_2_ 750 2250 0 1 0.02 GF_Model_IV
0.0131530081062938 781.510948454689 0.00228028558706134 3.06423886709757e-05 no_error _Recombination_Map_and_Complex_Demographies_Scenario_2_ 750 2250 0 1 0.02 GF_Model_IV
0.015183167750036 711.802483059316 0.00777341786188815 5.83972799463638e-05 no_error _Recombination_Map_and_Complex_Demographies_Scenario_2_ 750 2250 0 1 0.02 GF_Model_IV
0.0113780183832931 724.758619023741 0.00536012425714522 3.45685971266448e-05 no_error _Recombination_Map_and_Complex_Demographies_Scenario_2_ 750 2250 0 1 0.02 GF_Model_IV
0.0134522273918256 835.194618198969 0.0030708532950162 5.62140461108339e-05 no_error _Recombination_Map_and_Complex_Demographies_Scenario_2_ 750 2250 0 1 0.02 GF_Model_IV
0.0118015431682521 801.884966222549 0.00553045904970662 4.12379885373146e-05 no_error _Recombination_Map_and_Complex_Demographies_Scenario_2_ 750 2250 0 1 0.02 GF_Model_IV
0.0121357920632863 855.940865092543 0.00291923216207808 2.73087270159896e-05 no_error _Recombination_Map_and_Complex_Demographies_Scenario_2_ 750 2250 0 1 0.02 GF_Model_IV
