0.000707079365189656 854.358085652224 0.000238555916059581 5.67965165698886e-07 no_error _Recombination_Map_Scenario_1_ 1500 1501 0 1 0.02 GF_Model_IV
0.0009358721754535 1200.78741060579 0.000110274679939542 3.89304679679003e-07 no_error _Recombination_Map_Scenario_1_ 1500 1501 0 1 0.02 GF_Model_IV
0.000913585896416966 1263.3716831419 0.000304484031322743 2.82083407859312e-07 no_error _Recombination_Map_Scenario_1_ 1500 1501 0 1 0.02 GF_Model_IV
0.000794845093422973 907.30300327467 0.000281904640714437 6.26065644704714e-07 no_error _Recombination_Map_Scenario_1_ 1500 1501 0 1 0.02 GF_Model_IV
0.000935767170581453 1142.23090959605 0.000435058637438984 5.48543964763825e-07 no_error _Recombination_Map_Scenario_1_ 1500 1501 0 1 0.02 GF_Model_IV
0.000867962074840347 1124.16399049765 0.000239321684142697 2.59960680909464e-07 no_error _Recombination_Map_Scenario_1_ 1500 1501 0 1 0.02 GF_Model_IV
0.000845702227526073 946.517119645706 0.000467195158472914 5.06248072928367e-07 no_error _Recombination_Map_Scenario_1_ 1500 1501 0 1 0.02 GF_Model_IV
0.000922067991858003 887.803728592558 0.000518700159434643 8.36008036576434e-07 no_error _Recombination_Map_Scenario_1_ 1500 1501 0 1 0.02 GF_Model_IV
0.000820214421129345 1150.04557272615 7.38897961874842e-05 2.48551687690658e-07 no_error _Recombination_Map_Scenario_1_ 1500 1501 0 1 0.02 GF_Model_IV
0.000839752250273092 1158.28876945311 0.000124388236271671 2.41400652944154e-07 no_error _Recombination_Map_Scenario_1_ 1500 1501 0 1 0.02 GF_Model_IV
0.00079117360062781 1055.40172969353 0.000227378990488422 3.71388870843743e-07 no_error _Recombination_Map_Scenario_1_ 1500 1501 0 1 0.02 GF_Model_IV
0.000723743452564189 929.114662242657 0.00025865166592512 4.60427435327493e-07 no_error _Recombination_Map_Scenario_1_ 1500 1501 0 1 0.02 GF_Model_IV
0.000825986762203589 1182.26363091611 0.000137118060832652 2.30902502446385e-07 no_error _Recombination_Map_Scenario_1_ 1500 1501 0 1 0.02 GF_Model_IV
0.00080993903589849 1065.8209557592 0.000144248087533029 3.72732121840961e-07 no_error _Recombination_Map_Scenario_1_ 1500 1501 0 1 0.02 GF_Model_IV
0.000835565829740382 1195.74186488026 8.79994164042687e-05 2.2112188019752e-07 no_error _Recombination_Map_Scenario_1_ 1500 1501 0 1 0.02 GF_Model_IV
0.000834630969917055 899.652997572004 0.000442200162127666 5.63124358800518e-07 no_error _Recombination_Map_Scenario_1_ 1500 1501 0 1 0.02 GF_Model_IV
0.00087277608715179 1191.62189133076 0.000183555611460151 2.62761711373575e-07 no_error _Recombination_Map_Scenario_1_ 1500 1501 0 1 0.02 GF_Model_IV
0.000850712831015946 1166.33727673347 0.000132769270911896 4.01241449127193e-07 no_error _Recombination_Map_Scenario_1_ 1500 1501 0 1 0.02 GF_Model_IV
0.000769094876449386 659.226209342427 0.000626349034491038 9.50288671284327e-07 no_error _Recombination_Map_Scenario_1_ 1500 1501 0 1 0.02 GF_Model_IV
0.000742183435874398 1010.30688433118 0.000102810370968937 3.34189156841369e-07 no_error _Recombination_Map_Scenario_1_ 1500 1501 0 1 0.02 GF_Model_IV
0.000626118352369053 691.923863653379 0.000665002802633228 6.06485851522126e-07 no_error _Recombination_Map_Scenario_1_ 1500 1501 0 1 0.02 GF_Model_IV
0.000809323066836083 696.664251470962 0.000762409084743738 1.08666980158448e-06 no_error _Recombination_Map_Scenario_1_ 1500 1501 0 1 0.02 GF_Model_IV
0.00082338779959914 1041.27870776153 0.00014191758473914 3.30319039473947e-07 no_error _Recombination_Map_Scenario_1_ 1500 1501 0 1 0.02 GF_Model_IV
0.000818451901543022 811.013105011422 0.000655914131702032 6.2996716226504e-07 no_error _Recombination_Map_Scenario_1_ 1500 1501 0 1 0.02 GF_Model_IV
0.000768754480988638 492.434953593026 0.00045466104367298 1.25190553108712e-06 no_error _Recombination_Map_Scenario_1_ 1500 1501 0 1 0.02 GF_Model_IV
0.000788557944768114 589.992090119245 0.000736931195909463 1.17037965817126e-06 no_error _Recombination_Map_Scenario_1_ 1500 1501 0 1 0.02 GF_Model_IV
0.000880843288313256 1250.53084593264 8.09367022520043e-05 1.96447782231973e-07 no_error _Recombination_Map_Scenario_1_ 1500 1501 0 1 0.02 GF_Model_IV
0.000896254299635484 1166.50294198276 0.000204410547904324 2.83889593651277e-07 no_error _Recombination_Map_Scenario_1_ 1500 1501 0 1 0.02 GF_Model_IV
0.000795534402036526 964.001422549536 0.000218931149383085 5.72180217039863e-07 no_error _Recombination_Map_Scenario_1_ 1500 1501 0 1 0.02 GF_Model_IV
0.000807972172689317 1009.77593959723 0.000231135328261033 4.63267035039549e-07 no_error _Recombination_Map_Scenario_1_ 1500 1501 0 1 0.02 GF_Model_IV
0.000853542492730094 909.970180590291 0.000152458523971068 4.69866068475238e-07 no_error _Recombination_Map_Scenario_1_ 1500 1501 0 1 0.02 GF_Model_IV
0.000860684248215203 1200.01646353618 9.99906754814786e-05 2.56920104632114e-07 no_error _Recombination_Map_Scenario_1_ 1500 1501 0 1 0.02 GF_Model_IV
0.000714078667998769 501.045980224449 0.000975612318873312 1.15080498828139e-06 no_error _Recombination_Map_Scenario_1_ 1500 1501 0 1 0.02 GF_Model_IV
0.000918106178969294 1233.46505650744 0.000157445705344762 3.45712422920701e-07 no_error _Recombination_Map_Scenario_1_ 1500 1501 0 1 0.02 GF_Model_IV
0.000904262018045831 1165.86080043371 0.000119928955864188 3.49088939960397e-07 no_error _Recombination_Map_Scenario_1_ 1500 1501 0 1 0.02 GF_Model_IV
0.000766725414980513 826.139008250062 0.000419159601271104 5.41779946706306e-07 no_error _Recombination_Map_Scenario_1_ 1500 1501 0 1 0.02 GF_Model_IV
0.000774800590123591 1088.41280474464 0.000126322325782574 2.83727996287067e-07 no_error _Recombination_Map_Scenario_1_ 1500 1501 0 1 0.02 GF_Model_IV
0.000867543837473945 891.176622844491 0.000405685778523805 5.88678100122811e-07 no_error _Recombination_Map_Scenario_1_ 1500 1501 0 1 0.02 GF_Model_IV
0.000692130188539613 966.910284933274 0.000509673082694877 3.81885283322014e-07 no_error _Recombination_Map_Scenario_1_ 1500 1501 0 1 0.02 GF_Model_IV
0.000823026537393708 1109.95531160508 6.68431835750782e-05 3.28524076525459e-07 no_error _Recombination_Map_Scenario_1_ 1500 1501 0 1 0.02 GF_Model_IV
0.00078428003751724 930.32977689567 0.000590370709827201 5.63811087364825e-07 no_error _Recombination_Map_Scenario_1_ 1500 1501 0 1 0.02 GF_Model_IV
0.00080928488513609 1005.05132296601 0.000447841248916021 3.96540086994698e-07 no_error _Recombination_Map_Scenario_1_ 1500 1501 0 1 0.02 GF_Model_IV
0.000810677439155783 1049.7218014752 8.42372148390557e-05 3.05853967507383e-07 no_error _Recombination_Map_Scenario_1_ 1500 1501 0 1 0.02 GF_Model_IV
0.00080120254007499 1256.38968730083 0.000106791309355377 2.45376623081471e-07 no_error _Recombination_Map_Scenario_1_ 1500 1501 0 1 0.02 GF_Model_IV
0.000849682743982948 1108.34974429019 0.000190675835157464 3.21837402362171e-07 no_error _Recombination_Map_Scenario_1_ 1500 1501 0 1 0.02 GF_Model_IV
0.000739473792271279 832.339061644725 0.000726762068498592 6.37052707449521e-07 no_error _Recombination_Map_Scenario_1_ 1500 1501 0 1 0.02 GF_Model_IV
0.000831411955163844 1161.62663991199 9.82397278448146e-05 3.05196821622421e-07 no_error _Recombination_Map_Scenario_1_ 1500 1501 0 1 0.02 GF_Model_IV
0.000704732773168328 621.996494275649 0.000876228874063518 9.68149293845515e-07 no_error _Recombination_Map_Scenario_1_ 1500 1501 0 1 0.02 GF_Model_IV
0.000824387971903299 946.532082015854 9.72810273024069e-05 5.18257877659612e-07 no_error _Recombination_Map_Scenario_1_ 1500 1501 0 1 0.02 GF_Model_IV
0.000778045010000975 952.330451306908 0.000733546793502793 6.74448419985853e-07 no_error _Recombination_Map_Scenario_1_ 1500 1501 0 1 0.02 GF_Model_IV
0.000800331765830868 929.96844197551 0.000790449333380174 6.13669500430318e-07 no_error _Recombination_Map_Scenario_1_ 1500 1501 0 1 0.02 GF_Model_IV
0.00082882776061265 1134.04067548802 0.000207686255267081 3.33697641049159e-07 no_error _Recombination_Map_Scenario_1_ 1500 1501 0 1 0.02 GF_Model_IV
0.000822683063250684 918.490927008652 0.000129509656739674 4.09080627794824e-07 no_error _Recombination_Map_Scenario_1_ 1500 1501 0 1 0.02 GF_Model_IV
0.000798682431779805 1071.88110179182 0.000164690068852136 3.41592000291477e-07 no_error _Recombination_Map_Scenario_1_ 1500 1501 0 1 0.02 GF_Model_IV
0.000874831233432011 569.192176845228 0.000596806453943821 1.23971471507539e-06 no_error _Recombination_Map_Scenario_1_ 1500 1501 0 1 0.02 GF_Model_IV
0.000877043787444608 1091.2298528099 0.000306113053786501 4.46387185386104e-07 no_error _Recombination_Map_Scenario_1_ 1500 1501 0 1 0.02 GF_Model_IV
0.000771179575426165 1166.27786885981 0.000225648521751848 3.0581188024936e-07 no_error _Recombination_Map_Scenario_1_ 1500 1501 0 1 0.02 GF_Model_IV
0.000892059987147279 1134.35628702909 0.000229766017276464 3.85522884998556e-07 no_error _Recombination_Map_Scenario_1_ 1500 1501 0 1 0.02 GF_Model_IV
0.000790291267719042 681.661940436594 0.000918486727427086 1.04737524325716e-06 no_error _Recombination_Map_Scenario_1_ 1500 1501 0 1 0.02 GF_Model_IV
0.000872086124092547 1138.3107699398 0.000107762613338331 2.77607943229559e-07 no_error _Recombination_Map_Scenario_1_ 1500 1501 0 1 0.02 GF_Model_IV
0.000841228066295724 546.831147562274 0.00120561783570275 1.16238526191462e-06 no_error _Recombination_Map_Scenario_1_ 1500 1501 0 1 0.02 GF_Model_IV
0.00098042683045879 1264.950627486 0.000160771051982584 2.86928606214591e-07 no_error _Recombination_Map_Scenario_1_ 1500 1501 0 1 0.02 GF_Model_IV
0.000843003875025467 1128.80894421376 7.58354565604344e-05 3.08869702652454e-07 no_error _Recombination_Map_Scenario_1_ 1500 1501 0 1 0.02 GF_Model_IV
0.000843628912468746 1061.61156002636 9.28442496988551e-05 2.99490609452019e-07 no_error _Recombination_Map_Scenario_1_ 1500 1501 0 1 0.02 GF_Model_IV
0.00073256154099891 904.552526084171 0.00043157976793814 6.20235565510435e-07 no_error _Recombination_Map_Scenario_1_ 1500 1501 0 1 0.02 GF_Model_IV
0.000895887735667755 1122.32114973904 0.000127306001829822 3.36042435352386e-07 no_error _Recombination_Map_Scenario_1_ 1500 1501 0 1 0.02 GF_Model_IV
0.000803893553922094 827.645510608164 0.000262981742057556 7.81300431181877e-07 no_error _Recombination_Map_Scenario_1_ 1500 1501 0 1 0.02 GF_Model_IV
0.000735684532780517 1034.93694285566 7.56038550266278e-05 2.82268292583259e-07 no_error _Recombination_Map_Scenario_1_ 1500 1501 0 1 0.02 GF_Model_IV
0.000827557297071156 1065.77550639137 0.0003329789608082 3.89576317791817e-07 no_error _Recombination_Map_Scenario_1_ 1500 1501 0 1 0.02 GF_Model_IV
0.000878173626839138 952.01631973561 0.000317673417209334 4.08697385236509e-07 no_error _Recombination_Map_Scenario_1_ 1500 1501 0 1 0.02 GF_Model_IV
0.000865568636916448 1010.01869496736 0.000186158463520294 2.25473005777056e-07 no_error _Recombination_Map_Scenario_1_ 1500 1501 0 1 0.02 GF_Model_IV
0.000852478997425561 1049.67363203431 0.000330430880539215 3.59301672647891e-07 no_error _Recombination_Map_Scenario_1_ 1500 1501 0 1 0.02 GF_Model_IV
0.000704513645429217 640.7457052292 0.00115871307152942 8.9793061891263e-07 no_error _Recombination_Map_Scenario_1_ 1500 1501 0 1 0.02 GF_Model_IV
0.000803533814322721 953.196635041608 0.000361040836740588 6.29692458811156e-07 no_error _Recombination_Map_Scenario_1_ 1500 1501 0 1 0.02 GF_Model_IV
0.000746224947425265 508.216823045784 0.000910310702359424 1.2992430574118e-06 no_error _Recombination_Map_Scenario_1_ 1500 1501 0 1 0.02 GF_Model_IV
0.000852473000259632 742.526887587399 0.00134195215267119 1.03744430063905e-06 no_error _Recombination_Map_Scenario_1_ 1500 1501 0 1 0.02 GF_Model_IV
0.000841485692390543 1229.86238096622 0.000186029579241577 2.109377971476e-07 no_error _Recombination_Map_Scenario_1_ 1500 1501 0 1 0.02 GF_Model_IV
0.000932984044379372 1215.97154063584 0.000187090736464813 3.72105194616591e-07 no_error _Recombination_Map_Scenario_1_ 1500 1501 0 1 0.02 GF_Model_IV
0.000767826021601706 1086.26805809971 0.000252952533683958 3.41372099504587e-07 no_error _Recombination_Map_Scenario_1_ 1500 1501 0 1 0.02 GF_Model_IV
0.000997247450625907 755.960309131465 0.00044509316046824 7.95948066185967e-07 no_error _Recombination_Map_Scenario_1_ 1500 1501 0 1 0.02 GF_Model_IV
0.000866467520976634 1138.49105205221 0.00032226393333707 3.81812932621234e-07 no_error _Recombination_Map_Scenario_1_ 1500 1501 0 1 0.02 GF_Model_IV
0.000786588094410194 1100.30094220924 0.000130520787984986 2.54134438388473e-07 no_error _Recombination_Map_Scenario_1_ 1500 1501 0 1 0.02 GF_Model_IV
0.000820499072387311 1173.61225087339 0.000281182273266674 3.93703226499681e-07 no_error _Recombination_Map_Scenario_1_ 1500 1501 0 1 0.02 GF_Model_IV
0.000781421923293025 786.743960638513 0.000915762535083764 7.73146926238588e-07 no_error _Recombination_Map_Scenario_1_ 1500 1501 0 1 0.02 GF_Model_IV
0.000887506326734337 922.648945119531 0.000434409629135199 6.46971787944895e-07 no_error _Recombination_Map_Scenario_1_ 1500 1501 0 1 0.02 GF_Model_IV
0.000789060958787936 1094.40159013946 0.000221798854461602 3.48718686867453e-07 no_error _Recombination_Map_Scenario_1_ 1500 1501 0 1 0.02 GF_Model_IV
0.000791251225349478 782.251229836294 0.000795682868796019 6.8609332190522e-07 no_error _Recombination_Map_Scenario_1_ 1500 1501 0 1 0.02 GF_Model_IV
0.000877372020317834 1145.56288234114 0.000273390237963385 3.82816316307808e-07 no_error _Recombination_Map_Scenario_1_ 1500 1501 0 1 0.02 GF_Model_IV
0.000870837715740683 1084.49668871025 0.000147485138337892 4.50431883045624e-07 no_error _Recombination_Map_Scenario_1_ 1500 1501 0 1 0.02 GF_Model_IV
0.000945041944058393 1100.15270534073 0.000137389597633201 2.60973064981896e-07 no_error _Recombination_Map_Scenario_1_ 1500 1501 0 1 0.02 GF_Model_IV
0.000746926974742521 919.366556391364 9.04359086515572e-05 4.23793823317957e-07 no_error _Recombination_Map_Scenario_1_ 1500 1501 0 1 0.02 GF_Model_IV
0.000778308461421988 1071.60954899614 0.000195973994503235 3.78398442950659e-07 no_error _Recombination_Map_Scenario_1_ 1500 1501 0 1 0.02 GF_Model_IV
0.00081490317751028 1203.52162821707 0.000167915964474548 2.85455748809263e-07 no_error _Recombination_Map_Scenario_1_ 1500 1501 0 1 0.02 GF_Model_IV
0.000887130036804021 596.031094801882 0.000720245857352251 1.69425296645369e-06 no_error _Recombination_Map_Scenario_1_ 1500 1501 0 1 0.02 GF_Model_IV
0.000763006403335047 1142.5750377971 9.20925046923989e-05 2.48580165934648e-07 no_error _Recombination_Map_Scenario_1_ 1500 1501 0 1 0.02 GF_Model_IV
0.000795794272382015 857.640667320738 0.000647639530376196 5.45720824264443e-07 no_error _Recombination_Map_Scenario_1_ 1500 1501 0 1 0.02 GF_Model_IV
0.000785502182001333 842.237521678972 0.000271168238558893 5.53773695715566e-07 no_error _Recombination_Map_Scenario_1_ 1500 1501 0 1 0.02 GF_Model_IV
0.000914851340472404 1309.1736721611 5.68672711056461e-05 2.02053212433177e-07 no_error _Recombination_Map_Scenario_1_ 1500 1501 0 1 0.02 GF_Model_IV
0.000924330285530964 1115.98272031077 0.00010477655547444 4.42542538196931e-07 no_error _Recombination_Map_Scenario_1_ 1500 1501 0 1 0.02 GF_Model_IV
0.000782816626641918 723.718441955855 0.00051145085105565 8.77126401239103e-07 no_error _Recombination_Map_Scenario_1_ 1500 1501 0 1 0.02 GF_Model_IV
0.00080937937528777 998.603148789543 0.000337529221325452 4.54683170495074e-07 no_error _Recombination_Map_Scenario_2_ 750 2250 0 1 0.02 GF_Model_IV
0.000835968438743533 1283.31797901984 0.000114909262050909 2.71389567058072e-07 no_error _Recombination_Map_Scenario_2_ 750 2250 0 1 0.02 GF_Model_IV
0.000814654059693475 825.223797784487 0.000492881757102379 6.05957309128584e-07 no_error _Recombination_Map_Scenario_2_ 750 2250 0 1 0.02 GF_Model_IV
0.000809784255366791 1181.58931524374 0.000312458455251388 3.22254984867946e-07 no_error _Recombination_Map_Scenario_2_ 750 2250 0 1 0.02 GF_Model_IV
0.000867001275245549 1147.97567023696 0.000148211384238118 2.81732107423262e-07 no_error _Recombination_Map_Scenario_2_ 750 2250 0 1 0.02 GF_Model_IV
0.000707227584287651 718.429239050499 0.00097224958414149 6.32410332685293e-07 no_error _Recombination_Map_Scenario_2_ 750 2250 0 1 0.02 GF_Model_IV
0.000870005249976739 1109.00538844353 0.000116693083726111 3.77668638304102e-07 no_error _Recombination_Map_Scenario_2_ 750 2250 0 1 0.02 GF_Model_IV
0.000725119854890786 929.72000989812 0.000236105082176259 4.14363366731047e-07 no_error _Recombination_Map_Scenario_2_ 750 2250 0 1 0.02 GF_Model_IV
0.000975325627363913 1198.72259490126 0.000249772159942749 2.68530092658407e-07 no_error _Recombination_Map_Scenario_2_ 750 2250 0 1 0.02 GF_Model_IV
0.000914796416748731 414.724621417441 0.00141503146603508 1.13213135918108e-06 no_error _Recombination_Map_Scenario_2_ 750 2250 0 1 0.02 GF_Model_IV
0.000821528497291508 1136.70712158466 8.99850906591433e-05 2.76875113527397e-07 no_error _Recombination_Map_Scenario_2_ 750 2250 0 1 0.02 GF_Model_IV
0.00072315556266045 887.491909928327 5.56256747247738e-05 4.41852084623959e-07 no_error _Recombination_Map_Scenario_2_ 750 2250 0 1 0.02 GF_Model_IV
0.000825564240535566 1031.41266813651 0.000118588273998 3.46834269032792e-07 no_error _Recombination_Map_Scenario_2_ 750 2250 0 1 0.02 GF_Model_IV
0.000749446271820007 1136.18252652293 0.000171747894278418 2.41963208807123e-07 no_error _Recombination_Map_Scenario_2_ 750 2250 0 1 0.02 GF_Model_IV
0.000775960763411649 1061.83036426828 0.000379924929715334 2.96125688282775e-07 no_error _Recombination_Map_Scenario_2_ 750 2250 0 1 0.02 GF_Model_IV
0.000785394338871353 1012.6000231788 0.000132881980139067 2.5998966149025e-07 no_error _Recombination_Map_Scenario_2_ 750 2250 0 1 0.02 GF_Model_IV
0.000846081499989155 1148.76737854144 9.48116157738541e-05 3.54129976202948e-07 no_error _Recombination_Map_Scenario_2_ 750 2250 0 1 0.02 GF_Model_IV
0.000916548375168763 1085.97656600119 0.00018284056069896 4.66610249607677e-07 no_error _Recombination_Map_Scenario_2_ 750 2250 0 1 0.02 GF_Model_IV
0.000760067135913407 1121.97545709321 0.000119561379260218 2.76335915623489e-07 no_error _Recombination_Map_Scenario_2_ 750 2250 0 1 0.02 GF_Model_IV
0.000959036360194073 792.326810547572 0.000276507525735313 1.03955778634404e-06 no_error _Recombination_Map_Scenario_2_ 750 2250 0 1 0.02 GF_Model_IV
0.000795088134442763 1215.89832975565 6.58384950621788e-05 1.783255574242e-07 no_error _Recombination_Map_Scenario_2_ 750 2250 0 1 0.02 GF_Model_IV
0.000854374462923895 1181.08636782305 5.90002228823202e-05 2.6929663472987e-07 no_error _Recombination_Map_Scenario_2_ 750 2250 0 1 0.02 GF_Model_IV
0.00081244190153337 1039.90161459128 0.00029573353355428 4.79570156586119e-07 no_error _Recombination_Map_Scenario_2_ 750 2250 0 1 0.02 GF_Model_IV
0.000799720757214926 1163.75107174673 3.35879695648409e-05 2.35552411225459e-07 no_error _Recombination_Map_Scenario_2_ 750 2250 0 1 0.02 GF_Model_IV
0.000810302810936336 1101.19506472499 0.000141444281886599 2.77341157402166e-07 no_error _Recombination_Map_Scenario_2_ 750 2250 0 1 0.02 GF_Model_IV
0.000769137440854134 1142.50454030295 0.000163073835843783 3.14664762044881e-07 no_error _Recombination_Map_Scenario_2_ 750 2250 0 1 0.02 GF_Model_IV
0.000871630442656346 1285.20949670103 0.00022078103697548 2.62880191659262e-07 no_error _Recombination_Map_Scenario_2_ 750 2250 0 1 0.02 GF_Model_IV
0.000872187403984439 1204.69646659578 4.54445800268735e-05 3.10564187993603e-07 no_error _Recombination_Map_Scenario_2_ 750 2250 0 1 0.02 GF_Model_IV
0.000776636436327265 875.358401105537 0.000288621671030203 5.27555068743167e-07 no_error _Recombination_Map_Scenario_2_ 750 2250 0 1 0.02 GF_Model_IV
0.00085364346106589 824.824632343668 0.000155434370589396 3.84198396380539e-07 no_error _Recombination_Map_Scenario_2_ 750 2250 0 1 0.02 GF_Model_IV
0.000819018354320856 954.686828622718 0.000256606786312863 4.41647953922742e-07 no_error _Recombination_Map_Scenario_2_ 750 2250 0 1 0.02 GF_Model_IV
0.000774059839038202 1047.83884427464 0.00026457197062292 2.41859263691021e-07 no_error _Recombination_Map_Scenario_2_ 750 2250 0 1 0.02 GF_Model_IV
0.000746888009927223 996.185705363975 0.000227100986701231 9.10770984118963e-07 no_error _Recombination_Map_Scenario_2_ 750 2250 0 1 0.02 GF_Model_IV
0.000933442081460929 647.152212446224 0.000367476073264011 6.8128847954829e-07 no_error _Recombination_Map_Scenario_2_ 750 2250 0 1 0.02 GF_Model_IV
0.000840116453136625 1023.84133635694 0.00025164324259693 3.21753399733912e-07 no_error _Recombination_Map_Scenario_2_ 750 2250 0 1 0.02 GF_Model_IV
0.000799174979724125 1223.62067077744 7.84842325755233e-05 2.02744981566402e-07 no_error _Recombination_Map_Scenario_2_ 750 2250 0 1 0.02 GF_Model_IV
0.000675312666076419 1160.47497564443 0.000293530791426804 2.09610065389258e-07 no_error _Recombination_Map_Scenario_2_ 750 2250 0 1 0.02 GF_Model_IV
0.000781759815688314 1132.74571606665 0.000183135724559495 3.1587619845193e-07 no_error _Recombination_Map_Scenario_2_ 750 2250 0 1 0.02 GF_Model_IV
0.000753786001766826 717.605797880321 0.000607482089846169 6.64371353607146e-07 no_error _Recombination_Map_Scenario_2_ 750 2250 0 1 0.02 GF_Model_IV
0.000783100228721681 711.13112006005 0.000135717548819352 8.2933053973935e-07 no_error _Recombination_Map_Scenario_2_ 750 2250 0 1 0.02 GF_Model_IV
0.000774520967243819 1062.4693757712 0.000165767930116715 3.88948092838598e-07 no_error _Recombination_Map_Scenario_2_ 750 2250 0 1 0.02 GF_Model_IV
0.000824339179938071 1079.53580360108 0.000129563723648837 3.07726540526863e-07 no_error _Recombination_Map_Scenario_2_ 750 2250 0 1 0.02 GF_Model_IV
0.000772160140868757 1072.05113520393 0.000358315373552263 3.50418780972983e-07 no_error _Recombination_Map_Scenario_2_ 750 2250 0 1 0.02 GF_Model_IV
0.000768826191212385 902.075121907867 0.000525227079672505 6.2372048598402e-07 no_error _Recombination_Map_Scenario_2_ 750 2250 0 1 0.02 GF_Model_IV
0.000803558915063383 946.902014638664 0.000207145531913809 4.12925311651662e-07 no_error _Recombination_Map_Scenario_2_ 750 2250 0 1 0.02 GF_Model_IV
0.000818312362199455 1141.08170758191 0.000191404403295405 2.13385783951208e-07 no_error _Recombination_Map_Scenario_2_ 750 2250 0 1 0.02 GF_Model_IV
0.000794475794714891 958.585063530214 0.000241824332193269 2.83536778963545e-07 no_error _Recombination_Map_Scenario_2_ 750 2250 0 1 0.02 GF_Model_IV
0.000847048555220264 903.420566285191 0.000130904026768602 5.77540143453278e-07 no_error _Recombination_Map_Scenario_2_ 750 2250 0 1 0.02 GF_Model_IV
0.000893935779977242 1342.04186935647 0.000163016201544923 2.33673211747164e-07 no_error _Recombination_Map_Scenario_2_ 750 2250 0 1 0.02 GF_Model_IV
0.000737883639243043 903.915873663283 0.000303469892672643 4.27014701608612e-07 no_error _Recombination_Map_Scenario_2_ 750 2250 0 1 0.02 GF_Model_IV
0.00082856226973732 1071.69094323291 0.000382945704521508 3.54792228783047e-07 no_error _Recombination_Map_Scenario_2_ 750 2250 0 1 0.02 GF_Model_IV
0.00103917279149412 241.89012969396 0.00260331344023518 1.41550043889506e-06 no_error _Recombination_Map_Scenario_2_ 750 2250 0 1 0.02 GF_Model_IV
0.000771101270013975 1144.3649756675 0.000354794184421254 3.45794899682159e-07 no_error _Recombination_Map_Scenario_2_ 750 2250 0 1 0.02 GF_Model_IV
0.000821112068749708 840.138995782383 0.000496709689703294 6.97936224692225e-07 no_error _Recombination_Map_Scenario_2_ 750 2250 0 1 0.02 GF_Model_IV
0.000802739561604613 866.35082624749 0.00035027826164954 7.18730725346623e-07 no_error _Recombination_Map_Scenario_2_ 750 2250 0 1 0.02 GF_Model_IV
0.00081709595569345 917.197191025907 0.000852562169926039 6.94716278897951e-07 no_error _Recombination_Map_Scenario_2_ 750 2250 0 1 0.02 GF_Model_IV
0.000810813024309498 1023.61488807796 0.000305826895512328 4.78981544907901e-07 no_error _Recombination_Map_Scenario_2_ 750 2250 0 1 0.02 GF_Model_IV
0.000886075067502211 1170.70881561411 0.000203365447967217 2.62184574588695e-07 no_error _Recombination_Map_Scenario_2_ 750 2250 0 1 0.02 GF_Model_IV
0.000755198036620555 1124.18998498041 0.000113722061541899 3.14603564126421e-07 no_error _Recombination_Map_Scenario_2_ 750 2250 0 1 0.02 GF_Model_IV
0.000738971667649297 871.667875477027 0.000557227179696054 4.42089990080808e-07 no_error _Recombination_Map_Scenario_2_ 750 2250 0 1 0.02 GF_Model_IV
0.000800863048796861 761.482189831018 0.000577119856699209 1.10825211061586e-06 no_error _Recombination_Map_Scenario_2_ 750 2250 0 1 0.02 GF_Model_IV
0.000837844772115298 1087.2533444151 0.000168104905662844 3.58096241737071e-07 no_error _Recombination_Map_Scenario_2_ 750 2250 0 1 0.02 GF_Model_IV
0.000741198356677882 959.746688395303 0.000501708065466572 3.77850370956647e-07 no_error _Recombination_Map_Scenario_2_ 750 2250 0 1 0.02 GF_Model_IV
0.000734988964568256 801.438449294588 0.000469426540284924 8.13746717118089e-07 no_error _Recombination_Map_Scenario_2_ 750 2250 0 1 0.02 GF_Model_IV
0.000712099311815052 1061.47896143892 0.000212704274473726 3.50876474161333e-07 no_error _Recombination_Map_Scenario_2_ 750 2250 0 1 0.02 GF_Model_IV
0.000739960775122386 583.732082575354 0.0010378626339678 1.25634857025606e-06 no_error _Recombination_Map_Scenario_2_ 750 2250 0 1 0.02 GF_Model_IV
0.000883850614634485 1017.60522437666 0.000122793781139097 3.35769959563588e-07 no_error _Recombination_Map_Scenario_2_ 750 2250 0 1 0.02 GF_Model_IV
0.000854383401903163 1046.18630258587 0.000157304476192373 4.8030217055003e-07 no_error _Recombination_Map_Scenario_2_ 750 2250 0 1 0.02 GF_Model_IV
0.0008158741429634 1005.47753875813 0.000295033378741788 4.78477603085485e-07 no_error _Recombination_Map_Scenario_2_ 750 2250 0 1 0.02 GF_Model_IV
0.000708085640775144 818.709561295139 0.000328947973449396 6.90480839548142e-07 no_error _Recombination_Map_Scenario_2_ 750 2250 0 1 0.02 GF_Model_IV
0.000731339620429507 979.982552045193 0.000284291582083767 3.12583045955453e-07 no_error _Recombination_Map_Scenario_2_ 750 2250 0 1 0.02 GF_Model_IV
0.000800026694054581 1095.06725842686 0.000263172293547135 3.11531867661898e-07 no_error _Recombination_Map_Scenario_2_ 750 2250 0 1 0.02 GF_Model_IV
0.000904428359851688 1130.43501428663 0.000152653938507994 2.91315815725506e-07 no_error _Recombination_Map_Scenario_2_ 750 2250 0 1 0.02 GF_Model_IV
0.000834781704273037 1108.32679089283 5.34386157294603e-05 3.23111460623463e-07 no_error _Recombination_Map_Scenario_2_ 750 2250 0 1 0.02 GF_Model_IV
0.000749308493625259 847.692741112415 0.000220535362425877 3.46575887440293e-07 no_error _Recombination_Map_Scenario_2_ 750 2250 0 1 0.02 GF_Model_IV
0.000806019404984374 1025.66399465692 0.000427280481181312 4.98049298988969e-07 no_error _Recombination_Map_Scenario_2_ 750 2250 0 1 0.02 GF_Model_IV
0.000678754889249674 660.310002495333 0.00163360902636341 1.06956977613618e-06 no_error _Recombination_Map_Scenario_2_ 750 2250 0 1 0.02 GF_Model_IV
0.000756272236907855 1089.19861032499 0.000354954363653581 3.48738962641652e-07 no_error _Recombination_Map_Scenario_2_ 750 2250 0 1 0.02 GF_Model_IV
0.000877414974419829 1193.53556544998 8.14377050455021e-05 2.33103730611878e-07 no_error _Recombination_Map_Scenario_2_ 750 2250 0 1 0.02 GF_Model_IV
0.000767956960377368 1112.40842371988 0.000243337984131449 3.02707611846335e-07 no_error _Recombination_Map_Scenario_2_ 750 2250 0 1 0.02 GF_Model_IV
0.000797206538758928 913.323285005396 0.000167424824620966 3.48915619659044e-07 no_error _Recombination_Map_Scenario_2_ 750 2250 0 1 0.02 GF_Model_IV
0.000808743126684008 1250.06046106385 6.53497775584652e-05 2.06535053837362e-07 no_error _Recombination_Map_Scenario_2_ 750 2250 0 1 0.02 GF_Model_IV
0.000865615703103628 1220.26717607841 4.50476817087498e-05 1.62169921684118e-07 no_error _Recombination_Map_Scenario_2_ 750 2250 0 1 0.02 GF_Model_IV
0.000912496977341307 1003.15903851119 0.000278002222704588 3.02087428942177e-07 no_error _Recombination_Map_Scenario_2_ 750 2250 0 1 0.02 GF_Model_IV
0.000897553543800377 854.986335498389 0.000515434262018766 4.72741677250918e-07 no_error _Recombination_Map_Scenario_2_ 750 2250 0 1 0.02 GF_Model_IV
0.0009044191504913 1277.98895269274 0.00026810177516635 3.23893032904337e-07 no_error _Recombination_Map_Scenario_2_ 750 2250 0 1 0.02 GF_Model_IV
0.000844092879151245 1256.30594927582 5.13839352645266e-05 2.38597056766407e-07 no_error _Recombination_Map_Scenario_2_ 750 2250 0 1 0.02 GF_Model_IV
0.000792378588613158 1103.66826139015 0.000481875525311886 3.08739991874118e-07 no_error _Recombination_Map_Scenario_2_ 750 2250 0 1 0.02 GF_Model_IV
0.000790707223617874 916.128877597763 0.000376214393329742 5.47293708243622e-07 no_error _Recombination_Map_Scenario_2_ 750 2250 0 1 0.02 GF_Model_IV
0.000781333014101466 980.478630101153 0.000272048416726895 4.0082828691961e-07 no_error _Recombination_Map_Scenario_2_ 750 2250 0 1 0.02 GF_Model_IV
0.000927362423149154 1173.93589179176 0.000102782887848722 4.02809976588751e-07 no_error _Recombination_Map_Scenario_2_ 750 2250 0 1 0.02 GF_Model_IV
0.000811980889017416 1104.73703335247 0.000270393582911211 3.06699359783385e-07 no_error _Recombination_Map_Scenario_2_ 750 2250 0 1 0.02 GF_Model_IV
0.000897980650945436 1218.8120367841 7.33771765029088e-05 3.14423251244596e-07 no_error _Recombination_Map_Scenario_2_ 750 2250 0 1 0.02 GF_Model_IV
0.000738991170618223 1042.59666560014 0.000312406329889663 4.07818984038566e-07 no_error _Recombination_Map_Scenario_2_ 750 2250 0 1 0.02 GF_Model_IV
0.000943934200085469 983.507097485776 0.000350268657919352 4.68872253785726e-07 no_error _Recombination_Map_Scenario_2_ 750 2250 0 1 0.02 GF_Model_IV
0.000738709973119353 1137.12375586336 0.000136903278007088 1.8769243122186e-07 no_error _Recombination_Map_Scenario_2_ 750 2250 0 1 0.02 GF_Model_IV
0.000683644571478898 815.036073279157 0.000282457819164682 6.65305350660815e-07 no_error _Recombination_Map_Scenario_2_ 750 2250 0 1 0.02 GF_Model_IV
0.000820095431571813 1107.42672593232 0.000124512962923186 2.99666175706026e-07 no_error _Recombination_Map_Scenario_2_ 750 2250 0 1 0.02 GF_Model_IV
0.000828898886816395 999.312383691225 0.000343247870562969 4.39263460074399e-07 no_error _Recombination_Map_Scenario_2_ 750 2250 0 1 0.02 GF_Model_IV
0.000645428042125237 504.296537435257 0.00105983817865239 1.12732682796453e-06 no_error _Recombination_Map_Scenario_2_ 750 2250 0 1 0.02 GF_Model_IV
