0.000627235130140967 0.0189033829306194 9.66845680377832e-05 NA NA NA NA NA     Close_to_End_recent_GF_0_Recomb_Map 50 51 0 0.05 GF_Model_IV
0.000789972829435034 0.0208020911314467 7.2691658185216e-05 NA NA NA NA NA     Close_to_End_recent_GF_0_Recomb_Map 50 51 0 0.05 GF_Model_IV
0.000906515007394429 0.02854949334081 6.30206385055671e-05 NA NA NA NA NA     Close_to_End_recent_GF_0_Recomb_Map 50 51 0 0.05 GF_Model_IV
0.000771875231480655 0.025713578326079 0.00010243937939911 NA NA NA NA NA     Close_to_End_recent_GF_0_Recomb_Map 50 51 0 0.05 GF_Model_IV
0.000683661095257624 0.01974167550902 0.000104609527259272 NA NA NA NA NA     Close_to_End_recent_GF_0_Recomb_Map 50 51 0 0.05 GF_Model_IV
0.00107002157103008 0.0202815675653482 0.000129914115436904 NA NA NA NA NA     Close_to_End_recent_GF_0_Recomb_Map 50 51 0 0.05 GF_Model_IV
0.000642386916271412 0.0193188695255078 6.76879546143061e-05 NA NA NA NA NA     Close_to_End_recent_GF_0_Recomb_Map 50 51 0 0.05 GF_Model_IV
0.000606189306482615 0.0181013220508571 7.24622248909297e-05 NA NA NA NA NA     Close_to_End_recent_GF_0_Recomb_Map 50 51 0 0.05 GF_Model_IV
0.000836362366295112 0.0255348161722306 0.000134888271956018 NA NA NA NA NA     Close_to_End_recent_GF_0_Recomb_Map 50 51 0 0.05 GF_Model_IV
0.00084165364367044 0.02166520778618 0.000121150517286813 NA NA 0.000878337029282767 6.61194046500259 0.133873995836989 0.000101393860559409 NA NA NA Close_to_End_recent_GF_0_Recomb_Map 50 51 0 0.05 GF_Model_IV
0.00108098960476549 0.0210255169600892 0.000151145751604709 NA NA 0.00115280639214071 4.29358927727911 0.0818349414250469 0.000110839154083294 NA NA NA Close_to_End_recent_GF_0_Recomb_Map 50 51 0 0.05 GF_Model_IV
0.000590737746014413 0.0205034597265934 9.46768655590953e-05 NA NA NA NA NA     Close_to_End_recent_GF_0_Recomb_Map 50 51 0 0.05 GF_Model_IV
0.00278625285342749 0.0759485999477417 -0.000495958869988954 NA NA 0.00598372721704938 0.305727805854507 0.0328637685613906 -0.00355019759100192 NA NA NA Close_to_End_recent_GF_0_Recomb_Map 50 51 0 0.05 GF_Model_IV
0.00102301941994226 0.028031817658409 8.17874396910681e-05 NA NA NA NA NA     Close_to_End_recent_GF_0_Recomb_Map 50 51 0 0.05 GF_Model_IV
0.00111333368351815 0.0364258691952145 7.33656848907746e-05 NA NA NA NA NA     Close_to_End_recent_GF_0_Recomb_Map 50 51 0 0.05 GF_Model_IV
0.000616672928617696 0.0189230413098148 7.56414448897627e-05 NA NA NA NA NA     Close_to_End_recent_GF_0_Recomb_Map 50 51 0 0.05 GF_Model_IV
0.000765016816774072 0.0205188924944604 0.000121338056151999 NA NA NA NA NA     Close_to_End_recent_GF_0_Recomb_Map 50 51 0 0.05 GF_Model_IV
0.000587143601179195 0.018973276154884 8.84021833699323e-05 NA NA NA NA NA     Close_to_End_recent_GF_0_Recomb_Map 50 51 0 0.05 GF_Model_IV
0.000606404269541996 0.0188876203994238 7.52831457966065e-05 NA NA NA NA NA     Close_to_End_recent_GF_0_Recomb_Map 50 51 0 0.05 GF_Model_IV
0.000762943687331152 0.0259729579596761 4.61782377796132e-05 NA NA NA NA NA     Close_to_End_recent_GF_0_Recomb_Map 50 51 0 0.05 GF_Model_IV
0.000865636590249414 0.0293619489381885 8.97470657705332e-05 NA NA NA NA NA     Close_to_End_recent_GF_0_Recomb_Map 50 51 0 0.05 GF_Model_IV
0.000733686429107187 0.0200145352923106 7.35546932416779e-05 NA NA NA NA NA     Close_to_End_recent_GF_0_Recomb_Map 50 51 0 0.05 GF_Model_IV
0.000688315566204267 0.0191864732855738 8.29905388829601e-05 NA NA NA NA NA NA NA NA NA Close_to_End_recent_GF_0_Recomb_Map 50 51 0 0.05 GF_Model_IV
0.000898659765070219 0.0215671057984381 7.62232800301435e-05 NA NA NA NA NA     Close_to_End_recent_GF_0_Recomb_Map 50 51 0 0.05 GF_Model_IV
0.000770025067978857 0.0243966499411334 0.000114762471792524 NA NA NA NA NA     Close_to_End_recent_GF_0_Recomb_Map 50 51 0 0.05 GF_Model_IV
0.000687866109397715 0.021105425583487 9.34053625735529e-05 NA NA NA NA NA     Close_to_End_recent_GF_0_Recomb_Map 50 51 0 0.05 GF_Model_IV
0.000677423158618625 0.0204992085518903 7.96959307009629e-05 NA NA NA NA NA     Close_to_End_recent_GF_0_Recomb_Map 50 51 0 0.05 GF_Model_IV
0.000804738938719344 0.0217801949438047 0.000149282578379379 NA NA NA NA NA     Close_to_End_recent_GF_0_Recomb_Map 50 51 0 0.05 GF_Model_IV
0.000590499981546515 0.0199144117378703 6.36881137364995e-05 NA NA NA NA NA     Close_to_End_recent_GF_0_Recomb_Map 50 51 0 0.05 GF_Model_IV
0.00075786916671738 0.0208703439886811 0.000122078193505094 NA NA NA NA NA     Close_to_End_recent_GF_0_Recomb_Map 50 51 0 0.05 GF_Model_IV
0.000725875216107683 0.0183509386160929 7.58628912891293e-05 NA NA NA NA NA     Close_to_End_recent_GF_0_Recomb_Map 50 51 0 0.05 GF_Model_IV
0.000736861793294358 0.0214883136877698 9.91076238364731e-05 NA NA NA NA NA     Close_to_End_recent_GF_0_Recomb_Map 50 51 0 0.05 GF_Model_IV
0.00104612824703109 0.0190398806804526 0.000198162743015285 NA NA NA NA NA     Close_to_End_recent_GF_0_Recomb_Map 50 51 0 0.05 GF_Model_IV
0.00064694179648041 0.0199163880533865 8.62203032324823e-05 NA NA NA NA NA     Close_to_End_recent_GF_0_Recomb_Map 50 51 0 0.05 GF_Model_IV
0.000662218863700687 0.0192467330324408 6.42993722761949e-05 NA NA NA NA NA     Close_to_End_recent_GF_0_Recomb_Map 50 51 0 0.05 GF_Model_IV
0.000674626673354429 0.0205407416155056 0.000100247618701782 NA NA NA NA NA     Close_to_End_recent_GF_0_Recomb_Map 50 51 0 0.05 GF_Model_IV
0.000838231984794445 0.02164858616684 0.000119456012383792 NA NA NA NA NA     Close_to_End_recent_GF_0_Recomb_Map 50 51 0 0.05 GF_Model_IV
0.00057437556287841 0.0182664345295962 6.12828986977626e-05 NA NA NA NA NA     Close_to_End_recent_GF_0_Recomb_Map 50 51 0 0.05 GF_Model_IV
0.0010630940271674 0.0214150649819096 7.1336263933874e-05 NA NA 0.00110101127935184 8.00794042259673 0.162013158150835 5.117202985085e-05 NA NA NA Close_to_End_recent_GF_0_Recomb_Map 50 51 0 0.05 GF_Model_IV
0.000783524512904459 0.0208915038077246 6.42987140361955e-05 NA NA NA NA NA     Close_to_End_recent_GF_0_Recomb_Map 50 51 0 0.05 GF_Model_IV
0.000679847767117772 0.0179743087525518 6.74905124644636e-05 NA NA NA NA NA     Close_to_End_recent_GF_0_Recomb_Map 50 51 0 0.05 GF_Model_IV
0.000573563291837863 0.0191962067133161 7.60450242116343e-05 NA NA NA NA NA     Close_to_End_recent_GF_0_Recomb_Map 50 51 0 0.05 GF_Model_IV
0.000688185932379225 0.0225335756070881 9.19245911518479e-05 NA NA NA NA NA     Close_to_End_recent_GF_0_Recomb_Map 50 51 0 0.05 GF_Model_IV
0.000873851985509724 0.0307256566946152 0.000124875956989987 NA NA NA NA NA     Close_to_End_recent_GF_0_Recomb_Map 50 51 0 0.05 GF_Model_IV
0.000635662857983305 0.0195945536644326 9.2405828676053e-05 NA NA NA NA NA     Close_to_End_recent_GF_0_Recomb_Map 50 51 0 0.05 GF_Model_IV
0.000623006485872501 0.0202557597428653 8.17209969997572e-05 NA NA NA NA NA     Close_to_End_recent_GF_0_Recomb_Map 50 51 0 0.05 GF_Model_IV
0.000896704751241134 0.0287313786654928 8.61388455248477e-05 NA NA NA NA NA     Close_to_End_recent_GF_0_Recomb_Map 50 51 0 0.05 GF_Model_IV
0.000729881755346046 0.0182972662221707 9.78039673089951e-05 NA NA NA NA NA     Close_to_End_recent_GF_0_Recomb_Map 50 51 0 0.05 GF_Model_IV
0.000670172849475174 0.0224530490746784 0.000103181374521369 NA NA NA NA NA     Close_to_End_recent_GF_0_Recomb_Map 50 51 0 0.05 GF_Model_IV
0.000805746079480405 0.0209615840890021 0.00015832168951407 NA NA NA NA NA     Close_to_End_recent_GF_0_Recomb_Map 50 51 0 0.05 GF_Model_IV
0.00159557811502664 0.0223275645207747 9.63889686724026e-05 NA NA 0.0015955704565157 -41014.5353500092 -915.769218463891 9.63924435559606e-05 NA NA NA Close_to_End_recent_GF_0_Recomb_Map 50 51 0 0.05 GF_Model_IV
0.000610831001799417 0.019476647250357 8.45888518271353e-05 NA NA NA NA NA     Close_to_End_recent_GF_0_Recomb_Map 50 51 0 0.05 GF_Model_IV
0.000667568010936412 0.0208985295377283 8.03933309087245e-05 NA NA NA NA NA     Close_to_End_recent_GF_0_Recomb_Map 50 51 0 0.05 GF_Model_IV
0.000779917632276514 0.02464401316978 0.000117912621450041 NA NA NA NA NA     Close_to_End_recent_GF_0_Recomb_Map 50 51 0 0.05 GF_Model_IV
0.000602813766599304 0.0205123556810309 9.43787484879041e-05 NA NA NA NA NA     Close_to_End_recent_GF_0_Recomb_Map 50 51 0 0.05 GF_Model_IV
0.000742699058668427 0.0204833883168902 0.000117455386994999 NA NA NA NA NA     Close_to_End_recent_GF_0_Recomb_Map 50 51 0 0.05 GF_Model_IV
0.000820440464146927 0.0186024416510361 8.65578335901281e-05 NA NA NA NA NA     Close_to_End_recent_GF_0_Recomb_Map 50 51 0 0.05 GF_Model_IV
0.000747561515736547 0.0205152663131243 0.000115292902616993 NA NA NA NA NA     Close_to_End_recent_GF_0_Recomb_Map 50 51 0 0.05 GF_Model_IV
0.00115790471814886 0.023236066484743 0.000164026647505129 NA NA NA NA NA     Close_to_End_recent_GF_0_Recomb_Map 50 51 0 0.05 GF_Model_IV
0.000744056840516101 0.0224896310658252 0.000101562647191608 NA NA NA NA NA     Close_to_End_recent_GF_0_Recomb_Map 50 51 0 0.05 GF_Model_IV
0.000643648858487538 0.019638880469628 0.000102646985538423 NA NA NA NA NA     Close_to_End_recent_GF_0_Recomb_Map 50 51 0 0.05 GF_Model_IV
0.000931177446398372 0.0178097803428716 0.000140773503953312 NA NA 0.000960809687347299 8.7175711833966 0.145463863501796 0.000128183703115397 NA NA NA Close_to_End_recent_GF_0_Recomb_Map 50 51 0 0.05 GF_Model_IV
0.000896489590493706 0.0199943155023881 0.00010321745721391 NA NA NA NA NA     Close_to_End_recent_GF_0_Recomb_Map 50 51 0 0.05 GF_Model_IV
0.000861819395361837 0.0221905997785045 0.00015327321840943 NA NA NA NA NA     Close_to_End_recent_GF_0_Recomb_Map 50 51 0 0.05 GF_Model_IV
0.000866480658251606 0.0228575285290318 0.000132984036489607 NA NA NA NA NA NA NA NA NA Close_to_End_recent_GF_0_Recomb_Map 50 51 0 0.05 GF_Model_IV
0.000676796534967124 0.0231378709105305 0.000111937292862776 NA NA NA NA NA     Close_to_End_recent_GF_0_Recomb_Map 50 51 0 0.05 GF_Model_IV
0.00106181174294141 0.0157128164260599 0.000155170015816745 NA NA NA NA NA     Close_to_End_recent_GF_0_Recomb_Map 50 51 0 0.05 GF_Model_IV
0.00112592138218232 0.0185417297296484 0.00015096789666037 NA NA 0.00108921266998996 -8.13095908555448 -0.162754693714099 0.000164563152815871 NA NA NA Close_to_End_recent_GF_0_Recomb_Map 50 51 0 0.05 GF_Model_IV
0.000885614101829003 0.0275052208220896 0.000102096290915561 NA NA NA NA NA     Close_to_End_recent_GF_0_Recomb_Map 50 51 0 0.05 GF_Model_IV
0.00070941424553655 0.022227959944675 0.000160202473589821 NA NA NA NA NA     Close_to_End_recent_GF_0_Recomb_Map 50 51 0 0.05 GF_Model_IV
0.00068604145939629 0.019216578495674 0.000109073920018137 NA NA NA NA NA     Close_to_End_recent_GF_0_Recomb_Map 50 51 0 0.05 GF_Model_IV
0.000621765869539092 0.0190762990590418 7.08960982915425e-05 NA NA NA NA NA     Close_to_End_recent_GF_0_Recomb_Map 50 51 0 0.05 GF_Model_IV
0.000690176027504078 0.0201673667942307 0.000118601945671776 NA NA NA NA NA     Close_to_End_recent_GF_0_Recomb_Map 50 51 0 0.05 GF_Model_IV
0.000665064689423155 0.0219689004543174 6.31860132699586e-05 NA NA NA NA NA NA NA NA NA Close_to_End_recent_GF_0_Recomb_Map 50 51 0 0.05 GF_Model_IV
0.000661000592965586 0.0211582976511839 7.74505166595635e-05 NA NA NA NA NA     Close_to_End_recent_GF_0_Recomb_Map 50 51 0 0.05 GF_Model_IV
0.00100206709105707 0.0223173091138395 0.000167906250666823 NA NA NA NA NA     Close_to_End_recent_GF_0_Recomb_Map 50 51 0 0.05 GF_Model_IV
0.000665249083284583 0.0230324713908532 8.72873186853078e-05 NA NA NA NA NA     Close_to_End_recent_GF_0_Recomb_Map 50 51 0 0.05 GF_Model_IV
0.000709538169458285 0.0225794746643687 8.96010411824392e-05 NA NA NA NA NA     Close_to_End_recent_GF_0_Recomb_Map 50 51 0 0.05 GF_Model_IV
0.000707754040420656 0.0227074019532485 8.12154237168544e-05 NA NA NA NA NA     Close_to_End_recent_GF_0_Recomb_Map 50 51 0 0.05 GF_Model_IV
0.000983116340946601 0.0300960877849576 0.000152312335348315 NA NA NA NA NA     Close_to_End_recent_GF_0_Recomb_Map 50 51 0 0.05 GF_Model_IV
0.00114800096001866 0.0225161853684256 0.000143394206925955 NA NA NA NA NA     Close_to_End_recent_GF_0_Recomb_Map 50 51 0 0.05 GF_Model_IV
0.000811461507745214 0.0157395560882902 8.4404220867789e-05 NA NA NA NA NA     Close_to_End_recent_GF_0_Recomb_Map 50 51 0 0.05 GF_Model_IV
0.00119954542671397 0.0300787920495554 0.000137403806808776 NA NA 0.0012226571241372 16.3040289858879 0.48437794150835 0.000120171036786269 NA NA NA Close_to_End_recent_GF_0_Recomb_Map 50 51 0 0.05 GF_Model_IV
0.000816617110484231 0.0289677663897223 6.56851483179657e-05 NA NA NA NA NA     Close_to_End_recent_GF_0_Recomb_Map 50 51 0 0.05 GF_Model_IV
0.000694525029910242 0.0190336081479743 0.000104311915195256 NA NA NA NA NA     Close_to_End_recent_GF_0_Recomb_Map 50 51 0 0.05 GF_Model_IV
0.000686496791420325 0.0219086077657109 7.5932720024916e-05 NA NA NA NA NA     Close_to_End_recent_GF_0_Recomb_Map 50 51 0 0.05 GF_Model_IV
0.000918181350000248 0.0192050155840931 8.14798464952541e-05 NA NA 0.000950504128130495 7.94217334809174 0.1429108269749 6.61812961366033e-05 NA NA NA Close_to_End_recent_GF_0_Recomb_Map 50 51 0 0.05 GF_Model_IV
0.000857893976879809 0.0194296834267135 9.88967400379844e-05 NA NA NA NA NA     Close_to_End_recent_GF_0_Recomb_Map 50 51 0 0.05 GF_Model_IV
0.000980353635075787 0.0236029883952503 0.000102272876124835 NA NA 0.000986024473086388 49.5082064537088 1.15888485828217 9.90166818544274e-05 NA NA NA Close_to_End_recent_GF_0_Recomb_Map 50 51 0 0.05 GF_Model_IV
0.00086319763557199 0.0190319408651669 0.000119506560866455 NA NA NA NA NA     Close_to_End_recent_GF_0_Recomb_Map 50 51 0 0.05 GF_Model_IV
0.00108179066829758 0.0199690431942634 0.000133027296711773 NA NA NA NA NA     Close_to_End_recent_GF_0_Recomb_Map 50 51 0 0.05 GF_Model_IV
0.000862999712655599 0.0185111928453619 0.000123871230402606 NA NA NA NA NA     Close_to_End_recent_GF_0_Recomb_Map 50 51 0 0.05 GF_Model_IV
0.000628991372679212 0.0194222347113793 7.71959876543772e-05 NA NA NA NA NA     Close_to_End_recent_GF_0_Recomb_Map 50 51 0 0.05 GF_Model_IV
0.000579589407481166 0.0204341562967454 5.69258407731492e-05 NA NA NA NA NA     Close_to_End_recent_GF_0_Recomb_Map 50 51 0 0.05 GF_Model_IV
0.000604878899708354 0.0185455049668129 6.33162994500901e-05 NA NA NA NA NA     Close_to_End_recent_GF_0_Recomb_Map 50 51 0 0.05 GF_Model_IV
0.000858510087978889 0.0190493698694316 0.000130143385055951 NA NA 0.000892920645964807 7.09975029736792 0.125345039751483 0.000114549377706528 NA NA NA Close_to_End_recent_GF_0_Recomb_Map 50 51 0 0.05 GF_Model_IV
0.000787775958659998 0.0261932021860798 8.82107198754124e-05 NA NA NA NA NA     Close_to_End_recent_GF_0_Recomb_Map 50 51 0 0.05 GF_Model_IV
0.000772955057941035 0.0187064875902427 7.07949945255757e-05 NA NA NA NA NA     Close_to_End_recent_GF_0_Recomb_Map 50 51 0 0.05 GF_Model_IV
0.000688239074483387 0.0187552686362981 6.77883914064229e-05 NA NA NA NA NA     Close_to_End_recent_GF_0_Recomb_Map 50 51 0 0.05 GF_Model_IV
0.000655090167121794 0.0195950501894307 0.000101176617740043 NA NA NA NA NA     Close_to_End_recent_GF_0_Recomb_Map 50 51 0 0.05 GF_Model_IV
0.000996748552873686 0.0114473168912005 0.000388147426699774 NA NA NA NA NA     Close_to_End_recent_GF_1_Recomb_Map 50 250 0 0.05 GF_Model_IV
0.000777968735928276 0.012909735811353 0.000240128279034222 NA NA NA NA NA     Close_to_End_recent_GF_1_Recomb_Map 50 250 0 0.05 GF_Model_IV
0.000663951962157561 0.00765022158420106 0.000129685922833026 NA NA NA NA NA     Close_to_End_recent_GF_1_Recomb_Map 50 250 0 0.05 GF_Model_IV
0.000816715600160687 0.0105094884759522 0.000289355020357599 NA NA 0.00937059527802513 0.0286310931181359 0.000314169992403626 -0.00788303254447556 NA NA NA Close_to_End_recent_GF_1_Recomb_Map 50 250 0 0.05 GF_Model_IV
0.000624173946295469 0.00894453689715731 0.000206468245490085 NA NA NA NA NA     Close_to_End_recent_GF_1_Recomb_Map 50 250 0 0.05 GF_Model_IV
0.000691541986979164 0.00875437089977161 0.000101270140019506 NA NA 0.000900099017286058 1.09111591134571 0.00613281894689588 -4.10685953438677e-07 NA NA NA Close_to_End_recent_GF_1_Recomb_Map 50 250 0 0.05 GF_Model_IV
0.000638834520876396 0.00724795871724561 0.000111357328552117 NA NA 0.000831065681130069 1.1178250904986 0.00505204857157275 2.56105827082606e-05 NA NA NA Close_to_End_recent_GF_1_Recomb_Map 50 250 0 0.05 GF_Model_IV
0.000534848353616614 0.0070752446305009 8.57778472451318e-05 NA NA 0.000761586788331665 0.842355147792739 0.00302177836112227 -7.60132140365374e-06 NA NA NA Close_to_End_recent_GF_1_Recomb_Map 50 250 0 0.05 GF_Model_IV
0.000710643229969866 0.0122452394270554 0.000410548480607224 NA NA NA NA NA     Close_to_End_recent_GF_1_Recomb_Map 50 250 0 0.05 GF_Model_IV
0.000662537676067418 0.0110901741264068 0.000140656876728677 NA NA NA NA NA     Close_to_End_recent_GF_1_Recomb_Map 50 250 0 0.05 GF_Model_IV
0.000746972528544401 0.0101075403805206 0.000164976285181747 NA NA NA NA NA     Close_to_End_recent_GF_1_Recomb_Map 50 250 0 0.05 GF_Model_IV
0.000672110952820774 0.00915208372409046 0.000149794501005738 NA NA NA NA NA     Close_to_End_recent_GF_1_Recomb_Map 50 250 0 0.05 GF_Model_IV
0.000579933385555263 0.00730910801932191 0.00011530404264978 NA NA NA NA NA     Close_to_End_recent_GF_1_Recomb_Map 50 250 0 0.05 GF_Model_IV
0.000639071178227603 0.00727576319282183 0.000133109282700084 NA NA NA NA NA     Close_to_End_recent_GF_1_Recomb_Map 50 250 0 0.05 GF_Model_IV
0.000898664457495322 0.0110829518117867 0.000303978723285395 NA NA NA NA NA     Close_to_End_recent_GF_1_Recomb_Map 50 250 0 0.05 GF_Model_IV
0.00103667344184596 0.0129443651775341 0.000239640554574346 NA NA NA NA NA     Close_to_End_recent_GF_1_Recomb_Map 50 250 0 0.05 GF_Model_IV
0.000709426509001483 0.0105505111323951 0.000221545697757403 NA NA NA NA NA     Close_to_End_recent_GF_1_Recomb_Map 50 250 0 0.05 GF_Model_IV
0.00113593095933652 0.00985791739303239 0.0002041604925848 NA NA 0.00116633484195517 11.3131712062055 0.107939442143604 0.000186044445568037 NA NA NA Close_to_End_recent_GF_1_Recomb_Map 50 250 0 0.05 GF_Model_IV
0.000696475746579992 0.00765965234567923 0.000179047401401396 NA NA NA NA NA     Close_to_End_recent_GF_1_Recomb_Map 50 250 0 0.05 GF_Model_IV
0.000691760429903216 0.00876777693984829 0.000147950469082914 NA NA NA NA NA     Close_to_End_recent_GF_1_Recomb_Map 50 250 0 0.05 GF_Model_IV
0.000629763784719726 0.00852662534413534 9.10769317187268e-05 NA NA NA NA NA     Close_to_End_recent_GF_1_Recomb_Map 50 250 0 0.05 GF_Model_IV
0.000724465706958411 0.0107920013196628 0.000102355415640895 NA NA NA NA NA     Close_to_End_recent_GF_1_Recomb_Map 50 250 0 0.05 GF_Model_IV
0.000706447956621034 0.00815669528042601 0.000153684682866638 NA NA NA NA NA     Close_to_End_recent_GF_1_Recomb_Map 50 250 0 0.05 GF_Model_IV
0.000753523348751408 0.00893115741796239 0.000178022352565829 NA NA NA NA NA     Close_to_End_recent_GF_1_Recomb_Map 50 250 0 0.05 GF_Model_IV
0.000670269920001731 0.00824654217697784 0.000145914818836269 NA NA NA NA NA     Close_to_End_recent_GF_1_Recomb_Map 50 250 0 0.05 GF_Model_IV
0.000690791504585758 0.0103925221499247 0.000259343321798896 NA NA 0.0591519726325572 0.00350764635619059 0.000256731710581756 -0.057870598596921 NA NA NA Close_to_End_recent_GF_1_Recomb_Map 50 250 0 0.05 GF_Model_IV
0.000566415807307629 0.00772721947921334 0.000115322706400785 NA NA NA NA NA     Close_to_End_recent_GF_1_Recomb_Map 50 250 0 0.05 GF_Model_IV
0.000596088578851433 0.00720392237328706 0.000112287632299707 NA NA 0.000806286320954854 0.998115022424935 0.0040100769871588 2.73892196678682e-05 NA NA NA Close_to_End_recent_GF_1_Recomb_Map 50 250 0 0.05 GF_Model_IV
0.000686563805009645 0.00862865032029275 0.000125943981316108 NA NA 0.00176298941568057 0.206150842537018 0.000628957828241172 -0.00064534571140062 NA NA NA Close_to_End_recent_GF_1_Recomb_Map 50 250 0 0.05 GF_Model_IV
0.000746705368596189 0.00811521192854345 0.000177933292956432 NA NA NA NA NA     Close_to_End_recent_GF_1_Recomb_Map 50 250 0 0.05 GF_Model_IV
0.000747418808430263 0.00971545685764361 0.000136232922806382 NA NA NA NA NA     Close_to_End_recent_GF_1_Recomb_Map 50 250 0 0.05 GF_Model_IV
0.000636398907756595 0.00724313469677193 0.000125754128091656 NA NA NA NA NA     Close_to_End_recent_GF_1_Recomb_Map 50 250 0 0.05 GF_Model_IV
0.00114021705146383 0.0107425853102053 0.000303013181680788 NA NA NA NA NA     Close_to_End_recent_GF_1_Recomb_Map 50 250 0 0.05 GF_Model_IV
0.00203485039298373 0.0101790210226062 0.00138104622884921 NA NA 0.00198763020587015 395403.792469485 2810.16378761472 0.0015996847369234 NA NA NA Close_to_End_recent_GF_1_Recomb_Map 50 250 0 0.05 GF_Model_IV
0.000647162938849004 0.00884132899180256 0.000107300564369488 NA NA 0.00470336939248203 0.0497998896823022 6.80459166296664e-05 -0.00335178037141122 NA NA NA Close_to_End_recent_GF_1_Recomb_Map 50 250 0 0.05 GF_Model_IV
0.00073115196716483 0.00951509780760284 0.000338331469251502 NA NA 0.00293763821947089 0.106150429432288 0.000947173397140959 -0.0016732260274294 NA NA NA Close_to_End_recent_GF_1_Recomb_Map 50 250 0 0.05 GF_Model_IV
0.00066465072528855 0.00984662637680855 0.000241554717866355 NA NA NA NA NA     Close_to_End_recent_GF_1_Recomb_Map 50 250 0 0.05 GF_Model_IV
0.000672009239096477 0.00839476493793861 0.000166051642138115 NA NA 0.00250869026916083 0.11516879413597 0.000425582750205109 -0.0013638740874911 NA NA NA Close_to_End_recent_GF_1_Recomb_Map 50 250 0 0.05 GF_Model_IV
0.000585602942436177 0.00711313405822848 9.57482768746755e-05 NA NA NA NA NA     Close_to_End_recent_GF_1_Recomb_Map 50 250 0 0.05 GF_Model_IV
0.00104027815842179 0.0143174891620656 0.000508624420983738 NA NA NA NA NA     Close_to_End_recent_GF_1_Recomb_Map 50 250 0 0.05 GF_Model_IV
0.000635472010827232 0.00778073740790153 0.000142998645975329 NA NA NA NA NA     Close_to_End_recent_GF_1_Recomb_Map 50 250 0 0.05 GF_Model_IV
0.000705810380530464 0.0107387848904975 0.000243611456006676 NA NA NA NA NA     Close_to_End_recent_GF_1_Recomb_Map 50 250 0 0.05 GF_Model_IV
0.000598194939726891 0.00761230502791454 0.000119376577407621 NA NA NA NA NA     Close_to_End_recent_GF_1_Recomb_Map 50 250 0 0.05 GF_Model_IV
0.000794345670764523 0.0128392691250573 0.000144921412553515 NA NA NA NA NA     Close_to_End_recent_GF_1_Recomb_Map 50 250 0 0.05 GF_Model_IV
0.000787641289794542 0.00993574006586897 0.00017400346800174 NA NA 0.0125077636674157 0.0206695466412767 0.000407465351852921 -0.0112393071521854 NA NA NA Close_to_End_recent_GF_1_Recomb_Map 50 250 0 0.05 GF_Model_IV
0.000707129190427558 0.0103752775868847 0.000216439359575937 NA NA NA NA NA     Close_to_End_recent_GF_1_Recomb_Map 50 250 0 0.05 GF_Model_IV
0.000680232288535381 0.00790544659627685 0.000166391347724878 NA NA NA NA NA     Close_to_End_recent_GF_1_Recomb_Map 50 250 0 0.05 GF_Model_IV
0.000973030244706461 0.0161841798120177 0.000192246372375689 NA NA NA NA NA     Close_to_End_recent_GF_1_Recomb_Map 50 250 0 0.05 GF_Model_IV
0.000644388974865913 0.00771045219944415 0.000117764151196444 NA NA NA NA NA     Close_to_End_recent_GF_1_Recomb_Map 50 250 0 0.05 GF_Model_IV
0.000705417774539112 0.00894492170072587 0.000258730589889702 NA NA NA NA NA     Close_to_End_recent_GF_1_Recomb_Map 50 250 0 0.05 GF_Model_IV
0.000842004677027093 0.00989585781995773 0.00015800437106163 NA NA 0.00344245441809463 0.100133530999183 0.000621169271326821 -0.00213263239771607 NA NA NA Close_to_End_recent_GF_1_Recomb_Map 50 250 0 0.05 GF_Model_IV
0.000643296638107551 0.00810181360149304 0.000189539537213353 NA NA NA NA NA     Close_to_End_recent_GF_1_Recomb_Map 50 250 0 0.05 GF_Model_IV
0.00114958698039643 0.0133004560930933 0.000526123184379443 NA NA NA NA NA     Close_to_End_recent_GF_1_Recomb_Map 50 250 0 0.05 GF_Model_IV
0.000619757976345647 0.00696738491947806 0.00014023369104324 NA NA NA NA NA     Close_to_End_recent_GF_1_Recomb_Map 50 250 0 0.05 GF_Model_IV
0.00103628383034399 0.00801443317927631 0.000196407014550772 NA NA 0.00100968985291599 -11.2297713976903 -0.0947783648614891 0.000207073333470961 NA NA NA Close_to_End_recent_GF_1_Recomb_Map 50 250 0 0.05 GF_Model_IV
0.00058714697295955 0.00740879288677901 8.21811750651711e-05 NA NA NA NA NA     Close_to_End_recent_GF_1_Recomb_Map 50 250 0 0.05 GF_Model_IV
0.000657441725122413 0.00799704429434811 9.70526662308791e-05 NA NA NA NA NA     Close_to_End_recent_GF_1_Recomb_Map 50 250 0 0.05 GF_Model_IV
0.000641128476286554 0.00771079571078248 0.000134006185884214 NA NA NA NA NA     Close_to_End_recent_GF_1_Recomb_Map 50 250 0 0.05 GF_Model_IV
0.000713667042331081 0.00808181432820834 0.000186721953548581 NA NA NA NA NA     Close_to_End_recent_GF_1_Recomb_Map 50 250 0 0.05 GF_Model_IV
0.000800633934394777 0.00893607679848323 0.000162009235188515 NA NA NA NA NA     Close_to_End_recent_GF_1_Recomb_Map 50 250 0 0.05 GF_Model_IV
0.000557425436487513 0.0073325347030951 9.61710211506069e-05 NA NA NA NA NA     Close_to_End_recent_GF_1_Recomb_Map 50 250 0 0.05 GF_Model_IV
0.000664679653406702 0.00773345748052966 0.000148957251896572 NA NA 0.00122316489897618 0.393082977769796 0.00142248938544479 -0.000207152892033458 NA NA NA Close_to_End_recent_GF_1_Recomb_Map 50 250 0 0.05 GF_Model_IV
0.000733676291415795 0.0123145368573844 0.000146015375960743 NA NA NA NA NA     Close_to_End_recent_GF_1_Recomb_Map 50 250 0 0.05 GF_Model_IV
0.000606842591765159 0.00712326136800312 0.000105354389615481 NA NA 0.00112461533304604 0.404752043656809 0.00112859517346515 -0.000187615335807303 NA NA NA Close_to_End_recent_GF_1_Recomb_Map 50 250 0 0.05 GF_Model_IV
0.00135398539616947 0.00702150429095206 0.000226420221044984 NA NA 0.00134143733618745 -31.2559395781489 -0.223987061890563 0.000230745102999511 NA NA NA Close_to_End_recent_GF_1_Recomb_Map 50 250 0 0.05 GF_Model_IV
0.000599579166056939 0.00706217335888416 0.000134987612715436 NA NA NA NA NA     Close_to_End_recent_GF_1_Recomb_Map 50 250 0 0.05 GF_Model_IV
0.000726760732303342 0.0108735464426868 0.000191445815597294 NA NA NA NA NA     Close_to_End_recent_GF_1_Recomb_Map 50 250 0 0.05 GF_Model_IV
0.000686940582074389 0.00759468328198277 0.000201087019574966 NA NA 0.00157272721738783 0.263865778306403 0.000640084562614988 -0.000361416678081788 NA NA NA Close_to_End_recent_GF_1_Recomb_Map 50 250 0 0.05 GF_Model_IV
0.00065064043241443 0.00846648524195729 0.000112997020337115 NA NA 0.00132972196666365 0.324633573442109 0.000954206975079082 -0.000294769883582978 NA NA NA Close_to_End_recent_GF_1_Recomb_Map 50 250 0 0.05 GF_Model_IV
0.0010750763849665 0.0111762873172948 0.0004890657638053 NA NA NA NA NA     Close_to_End_recent_GF_1_Recomb_Map 50 250 0 0.05 GF_Model_IV
0.00106301369400329 0.0111298403241475 0.000392721717922294 NA NA 0.0010602220346206 -118.284773518548 -1.3200725301511 0.000394503729387147 NA NA NA Close_to_End_recent_GF_1_Recomb_Map 50 250 0 0.05 GF_Model_IV
0.000752649409400596 0.0100046755895295 8.15505404136444e-05 NA NA NA NA NA     Close_to_End_recent_GF_1_Recomb_Map 50 250 0 0.05 GF_Model_IV
0.000667019975670959 0.00758900077506403 0.000208399160092279 NA NA NA NA NA     Close_to_End_recent_GF_1_Recomb_Map 50 250 0 0.05 GF_Model_IV
0.000759989761818148 0.00902969510307185 0.000252584181560658 NA NA NA NA NA     Close_to_End_recent_GF_1_Recomb_Map 50 250 0 0.05 GF_Model_IV
0.000708264156186855 0.0108252993584464 0.000139095534806714 NA NA NA NA NA     Close_to_End_recent_GF_1_Recomb_Map 50 250 0 0.05 GF_Model_IV
0.000667189245934019 0.00937101648506536 0.000128591024951307 NA NA NA NA NA     Close_to_End_recent_GF_1_Recomb_Map 50 250 0 0.05 GF_Model_IV
0.000677076620102639 0.00930807668564276 0.000129978817300611 NA NA NA NA NA     Close_to_End_recent_GF_1_Recomb_Map 50 250 0 0.05 GF_Model_IV
0.000893579332476752 0.0106231115495517 0.000169964794785769 NA NA NA NA NA     Close_to_End_recent_GF_1_Recomb_Map 50 250 0 0.05 GF_Model_IV
0.000837234924030749 0.00757643543950586 0.000252583318853175 NA NA NA NA NA     Close_to_End_recent_GF_1_Recomb_Map 50 250 0 0.05 GF_Model_IV
0.000592923081058617 0.00745465939967082 0.000134699208133487 NA NA 0.000915911824075047 0.642226080213603 0.00221456720101484 -1.80663371124143e-05 NA NA NA Close_to_End_recent_GF_1_Recomb_Map 50 250 0 0.05 GF_Model_IV
0.000584601113087741 0.00716257707442707 9.45385705470047e-05 NA NA NA NA NA     Close_to_End_recent_GF_1_Recomb_Map 50 250 0 0.05 GF_Model_IV
0.000575154564818394 0.0063981683041038 9.74252510204721e-05 NA NA 0.000847983365178858 0.821794063784891 0.00231964932473465 4.7620458991039e-06 NA NA NA Close_to_End_recent_GF_1_Recomb_Map 50 250 0 0.05 GF_Model_IV
0.000666222516415618 0.0104349370033534 0.000126955389248682 NA NA 0.0114979235839349 0.0179059792976727 0.000233678004349294 -0.010361313510633 NA NA NA Close_to_End_recent_GF_1_Recomb_Map 50 250 0 0.05 GF_Model_IV
0.000689756179991844 0.00634964156811933 0.000102899549318032 NA NA 0.00113476529626122 0.574985780923592 0.00144588425803418 -9.28641686247104e-05 NA NA NA Close_to_End_recent_GF_1_Recomb_Map 50 250 0 0.05 GF_Model_IV
0.000597403924512818 0.00830191285387247 0.000125316108447605 NA NA NA NA NA     Close_to_End_recent_GF_1_Recomb_Map 50 250 0 0.05 GF_Model_IV
0.000635454424335345 0.00692476991617521 0.000109645376264411 NA NA NA NA NA     Close_to_End_recent_GF_1_Recomb_Map 50 250 0 0.05 GF_Model_IV
0.000665966241209004 0.0100711004420399 0.000138438458774822 NA NA NA NA NA     Close_to_End_recent_GF_1_Recomb_Map 50 250 0 0.05 GF_Model_IV
0.000613636914378753 0.00781485652545423 0.000225724715435669 NA NA NA NA NA     Close_to_End_recent_GF_1_Recomb_Map 50 250 0 0.05 GF_Model_IV
0.000676987730198871 0.00809562724362397 0.00019539513071452 NA NA NA NA NA     Close_to_End_recent_GF_1_Recomb_Map 50 250 0 0.05 GF_Model_IV
0.000694340962894075 0.00995117181259355 0.000255927891441235 NA NA 0.00422130311505578 0.0599409298758855 0.00034659573001059 -0.00293955209532874 NA NA NA Close_to_End_recent_GF_1_Recomb_Map 50 250 0 0.05 GF_Model_IV
0.000663839309668928 0.00867228059334467 0.000189514716029557 NA NA 0.00226141131882993 0.131049416597112 0.000463496780362423 -0.00110472391035527 NA NA NA Close_to_End_recent_GF_1_Recomb_Map 50 250 0 0.05 GF_Model_IV
0.000710739200308451 0.00906676690857185 0.000239698894725812 NA NA NA NA NA     Close_to_End_recent_GF_1_Recomb_Map 50 250 0 0.05 GF_Model_IV
0.000592160289808167 0.00738250348764476 7.04597169745507e-05 NA NA NA NA NA     Close_to_End_recent_GF_1_Recomb_Map 50 250 0 0.05 GF_Model_IV
0.000702562095695822 0.00814144852019608 0.000150777757728487 NA NA NA NA NA     Close_to_End_recent_GF_1_Recomb_Map 50 250 0 0.05 GF_Model_IV
0.000612797948859983 0.00884850771785214 0.000212983321914779 NA NA 0.000964349784439442 0.563526517347031 0.00284791815907088 -7.41050927907088e-06 NA NA NA Close_to_End_recent_GF_1_Recomb_Map 50 250 0 0.05 GF_Model_IV
0.000608078275010264 0.00719101150865252 0.000125058968807065 NA NA 0.000946008089385738 0.647481602501586 0.00204264643060222 -2.44008171010745e-05 NA NA NA Close_to_End_recent_GF_1_Recomb_Map 50 250 0 0.05 GF_Model_IV
0.000602386434250684 0.00743817643574413 0.000183767737634627 NA NA NA NA NA     Close_to_End_recent_GF_1_Recomb_Map 50 250 0 0.05 GF_Model_IV
0.000654928968902679 0.00866032033834246 0.000261729546365539 NA NA NA NA NA     Close_to_End_recent_GF_1_Recomb_Map 50 250 0 0.05 GF_Model_IV
0.000600345416873582 0.00747347709436206 8.87469982950884e-05 NA NA NA NA NA     Close_to_End_recent_GF_1_Recomb_Map 50 250 0 0.05 GF_Model_IV
0.000591049795952759 0.00698526662678994 9.64516974655934e-05 NA NA NA NA NA     Close_to_End_recent_GF_1_Recomb_Map 50 250 0 0.05 GF_Model_IV
0.000598475888208288 0.00577420712185511 0.000261290105683879 NA NA 0.00214760593914578 0.174595582571195 6.02261831713172e-05 -0.000497531656477024 NA NA NA Close_to_End_recent_GF_2_Recomb_Map 50 450 0 0.05 GF_Model_IV
0.000552116123284184 0.00444266866644833 9.12041958464515e-05 NA NA NA NA NA     Close_to_End_recent_GF_2_Recomb_Map 50 450 0 0.05 GF_Model_IV
0.000633256766642712 0.00705062707557271 0.000200303639598599 NA NA 0.00381882067957782 0.0671230655701351 3.97960497473992e-05 -0.00227132803987605 NA NA NA Close_to_End_recent_GF_2_Recomb_Map 50 450 0 0.05 GF_Model_IV
0.000595173565420143 0.00561083268954318 0.000107560112274699 NA NA 0.00362509398908513 0.123468238248842 2.04675792155804e-06 -0.00104802619155194 NA NA NA Close_to_End_recent_GF_2_Recomb_Map 50 450 0 0.05 GF_Model_IV
0.000582588671785646 0.00569552436850609 0.000119199621326447 NA NA NA NA NA     Close_to_End_recent_GF_2_Recomb_Map 50 450 0 0.05 GF_Model_IV
0.00062572703844394 0.00491044088741776 0.000117818652338345 NA NA NA NA NA     Close_to_End_recent_GF_2_Recomb_Map 50 450 0 0.05 GF_Model_IV
0.000649197538124338 0.00712917773050458 0.000177611362378747 NA NA NA NA NA     Close_to_End_recent_GF_2_Recomb_Map 50 450 0 0.05 GF_Model_IV
0.000586945417708659 0.00487080378147142 0.000113358999990745 NA NA NA NA NA     Close_to_End_recent_GF_2_Recomb_Map 50 450 0 0.05 GF_Model_IV
0.000615650319531027 0.00541304043194435 0.000131480041129153 NA NA NA NA NA     Close_to_End_recent_GF_2_Recomb_Map 50 450 0 0.05 GF_Model_IV
0.00061279869780456 0.00466724221401334 0.000119186734126596 NA NA NA NA NA     Close_to_End_recent_GF_2_Recomb_Map 50 450 0 0.05 GF_Model_IV
0.000592081926328237 0.00642553459878251 0.000175452371739146 NA NA 0.00207939749697613 0.162836124101757 8.3467638566228e-05 -0.00064155780080398 NA NA NA Close_to_End_recent_GF_2_Recomb_Map 50 450 0 0.05 GF_Model_IV
0.000695225435821928 0.00704075841039936 0.000163810945309023 NA NA NA NA NA     Close_to_End_recent_GF_2_Recomb_Map 50 450 0 0.05 GF_Model_IV
0.000585938174086346 0.00515566604162587 0.000131307999273959 NA NA NA NA NA     Close_to_End_recent_GF_2_Recomb_Map 50 450 0 0.05 GF_Model_IV
0.000684673931022774 0.00520988637142184 0.000137526408726766 NA NA 0.00329903218550126 0.237721815130273 9.1492300085146e-06 -0.000380049052286497 NA NA NA Close_to_End_recent_GF_2_Recomb_Map 50 450 0 0.05 GF_Model_IV
0.000603222968369461 0.00541899065042047 0.000169955681170952 NA NA NA NA NA     Close_to_End_recent_GF_2_Recomb_Map 50 450 0 0.05 GF_Model_IV
0.00102294485594592 0.016140106805009 0.000527975802706611 NA NA NA NA NA     Close_to_End_recent_GF_2_Recomb_Map 50 450 0 0.05 GF_Model_IV
0.000597350165326547 0.0053540515135631 0.000161935014428621 NA NA NA NA NA     Close_to_End_recent_GF_2_Recomb_Map 50 450 0 0.05 GF_Model_IV
0.000896352475135584 0.00462882604199925 0.00014357889820842 NA NA NA NA NA     Close_to_End_recent_GF_2_Recomb_Map 50 450 0 0.05 GF_Model_IV
0.000678456732353296 0.00683954115595339 0.000146239134353379 NA NA NA NA NA     Close_to_End_recent_GF_2_Recomb_Map 50 450 0 0.05 GF_Model_IV
0.000610700285781484 0.00542243885898033 0.000146075581614795 NA NA NA NA NA     Close_to_End_recent_GF_2_Recomb_Map 50 450 0 0.05 GF_Model_IV
0.000709899350132036 0.00685034499449083 0.000370547905737059 NA NA 0.00449949685637471 0.0676478487511844 8.94311356199839e-06 -0.00225293981686554 NA NA NA Close_to_End_recent_GF_2_Recomb_Map 50 450 0 0.05 GF_Model_IV
0.000908788649766197 0.011582723814573 0.000245451715944221 NA NA NA NA NA     Close_to_End_recent_GF_2_Recomb_Map 50 450 0 0.05 GF_Model_IV
0.000613591363984915 0.0050395344095905 0.000118940918586493 NA NA NA NA NA     Close_to_End_recent_GF_2_Recomb_Map 50 450 0 0.05 GF_Model_IV
0.000610971990806209 0.00581740881574738 0.000150525848279984 NA NA 0.000615553950762072 -1916753.71451222 -8947.55884836278 0.000185705362234047 NA NA NA Close_to_End_recent_GF_2_Recomb_Map 50 450 0 0.05 GF_Model_IV
0.000762292767141022 0.00724406197534006 0.000269431008423578 NA NA NA NA NA     Close_to_End_recent_GF_2_Recomb_Map 50 450 0 0.05 GF_Model_IV
0.000576468017483102 0.00546108250560357 0.000193359994106738 NA NA NA NA NA     Close_to_End_recent_GF_2_Recomb_Map 50 450 0 0.05 GF_Model_IV
0.000580264406040564 0.00563708707467829 0.00016494562845654 NA NA NA NA NA     Close_to_End_recent_GF_2_Recomb_Map 50 450 0 0.05 GF_Model_IV
0.000576176353997867 0.00473759073223552 0.000133140069876828 NA NA 0.00120797065378149 0.399611218767306 0.00044090340770471 -0.000122453212330328 NA NA NA Close_to_End_recent_GF_2_Recomb_Map 50 450 0 0.05 GF_Model_IV
0.000647119499400142 0.00637758021544448 0.000137664330445414 NA NA 0.00347011866893992 0.111935928735878 5.4288734758667e-06 -0.00121391267328943 NA NA NA Close_to_End_recent_GF_2_Recomb_Map 50 450 0 0.05 GF_Model_IV
0.000545966773718591 0.00536455214659053 0.000217546795348407 NA NA NA NA NA     Close_to_End_recent_GF_2_Recomb_Map 50 450 0 0.05 GF_Model_IV
0.000596430747402886 0.0053128881298207 0.000179624615651532 NA NA NA NA NA     Close_to_End_recent_GF_2_Recomb_Map 50 450 0 0.05 GF_Model_IV
0.000935889671161476 0.00600098574595622 0.000292436064039857 NA NA NA NA NA     Close_to_End_recent_GF_2_Recomb_Map 50 450 0 0.05 GF_Model_IV
0.00055402808747962 0.00520506736304978 0.000189631136067093 NA NA NA NA NA     Close_to_End_recent_GF_2_Recomb_Map 50 450 0 0.05 GF_Model_IV
0.000647111869933673 0.00506093102297419 0.000165547672269855 NA NA 0.00092534479529895 0.905411900407904 0.00226437693889418 6.61949743928008e-05 NA NA NA Close_to_End_recent_GF_2_Recomb_Map 50 450 0 0.05 GF_Model_IV
0.000660150903492924 0.00724053890962044 0.00024714669030712 NA NA NA NA NA     Close_to_End_recent_GF_2_Recomb_Map 50 450 0 0.05 GF_Model_IV
0.000700534422192031 0.00559475449643845 0.000216449475660525 NA NA NA NA NA     Close_to_End_recent_GF_2_Recomb_Map 50 450 0 0.05 GF_Model_IV
0.000673335456003954 0.00658842741208627 0.000242332673243038 NA NA NA NA NA     Close_to_End_recent_GF_2_Recomb_Map 50 450 0 0.05 GF_Model_IV
0.000638533539620028 0.00512397775097198 0.000143720386956194 NA NA 0.00145949277065427 0.316656342523347 0.00036355425415107 -0.000254863014936713 NA NA NA Close_to_End_recent_GF_2_Recomb_Map 50 450 0 0.05 GF_Model_IV
0.000600731834408744 0.00446511484804849 7.6447629733923e-05 NA NA 0.00081615145929869 1.19891655622091 0.00275598498463639 2.19415712631913e-05 NA NA NA Close_to_End_recent_GF_2_Recomb_Map 50 450 0 0.05 GF_Model_IV
0.000644496273724546 0.00659841513835324 0.00018508827530042 NA NA NA NA NA     Close_to_End_recent_GF_2_Recomb_Map 50 450 0 0.05 GF_Model_IV
0.000671090197043922 0.00596922218763221 0.000125144782566134 NA NA 0.00122900291861281 0.443284219171536 0.000956174172011621 -0.000155519093508278 NA NA NA Close_to_End_recent_GF_2_Recomb_Map 50 450 0 0.05 GF_Model_IV
0.000589533798273465 0.00459256800259658 0.000117805842040579 NA NA 0.00105971379286212 0.602148261752627 0.000781422430790476 -1.79915652780985e-05 NA NA NA Close_to_End_recent_GF_2_Recomb_Map 50 450 0 0.05 GF_Model_IV
0.000685977150722183 0.00463708619745849 0.000110911668228491 NA NA NA NA NA     Close_to_End_recent_GF_2_Recomb_Map 50 450 0 0.05 GF_Model_IV
0.000644648201312615 0.00710962746252092 0.000260411754933701 NA NA 0.00117172281138641 0.415628148021112 0.00133728413318064 -6.03091020272044e-05 NA NA NA Close_to_End_recent_GF_2_Recomb_Map 50 450 0 0.05 GF_Model_IV
0.000707031234393949 0.00829118619386622 0.000358509529894126 NA NA NA NA NA     Close_to_End_recent_GF_2_Recomb_Map 50 450 0 0.05 GF_Model_IV
0.000819038784012688 0.0108687338258321 0.000129550209992877 NA NA NA NA NA     Close_to_End_recent_GF_2_Recomb_Map 50 450 0 0.05 GF_Model_IV
0.000773317588277587 0.00906111088687111 0.000227227034922094 NA NA NA NA NA     Close_to_End_recent_GF_2_Recomb_Map 50 450 0 0.05 GF_Model_IV
0.000631455618533025 0.00710613151671203 0.000117482480236009 NA NA NA NA NA     Close_to_End_recent_GF_2_Recomb_Map 50 450 0 0.05 GF_Model_IV
0.000568994940306936 0.00533417622209496 0.000131586451980153 NA NA NA NA NA     Close_to_End_recent_GF_2_Recomb_Map 50 450 0 0.05 GF_Model_IV
0.000625191447029155 0.00619496753729223 0.000122723671375157 NA NA NA NA NA     Close_to_End_recent_GF_2_Recomb_Map 50 450 0 0.05 GF_Model_IV
0.00058079774518965 0.00466788926126328 0.000109273401315562 NA NA NA NA NA     Close_to_End_recent_GF_2_Recomb_Map 50 450 0 0.05 GF_Model_IV
0.000613867750039625 0.00515983062735408 0.00013807428361539 NA NA NA NA NA     Close_to_End_recent_GF_2_Recomb_Map 50 450 0 0.05 GF_Model_IV
0.000559309898107033 0.0045680388414306 8.42648183904001e-05 NA NA NA NA NA     Close_to_End_recent_GF_2_Recomb_Map 50 450 0 0.05 GF_Model_IV
0.000598148300824927 0.00584085089934058 0.000187649895220962 NA NA 0.00122612461798871 0.356352681092557 0.000619175422446145 -0.000138172609521454 NA NA NA Close_to_End_recent_GF_2_Recomb_Map 50 450 0 0.05 GF_Model_IV
0.000730637946894118 0.0061118326095965 0.00031377826450951 NA NA NA NA NA     Close_to_End_recent_GF_2_Recomb_Map 50 450 0 0.05 GF_Model_IV
0.000603598319428773 0.00549594991442376 0.000209080133366865 NA NA NA NA NA     Close_to_End_recent_GF_2_Recomb_Map 50 450 0 0.05 GF_Model_IV
0.000841612551111346 0.00717506667858638 0.000136752080660666 NA NA NA NA NA     Close_to_End_recent_GF_2_Recomb_Map 50 450 0 0.05 GF_Model_IV
0.00232572005938638 0.0213260554099734 -0.000256553937540461 NA NA 0.00935282433326308 0.154974907039314 0.0100065407294023 -0.0072066965096061 NA NA NA Close_to_End_recent_GF_2_Recomb_Map 50 450 0 0.05 GF_Model_IV
0.000712155998820725 0.00657551149008452 0.0002581734737535 NA NA 0.00143768081933419 0.324905808669003 0.00122148043874617 -0.000276244591254069 NA NA NA Close_to_End_recent_GF_2_Recomb_Map 50 450 0 0.05 GF_Model_IV
0.000761344109797298 0.00768786256240707 0.00024797285760881 NA NA NA NA NA     Close_to_End_recent_GF_2_Recomb_Map 50 450 0 0.05 GF_Model_IV
0.000578044857018929 0.00575884475864498 7.56255912156058e-05 NA NA NA NA NA     Close_to_End_recent_GF_2_Recomb_Map 50 450 0 0.05 GF_Model_IV
0.000665201569836197 0.00543000780017791 0.00017463833015231 NA NA 0.00127594742389665 0.394731981305692 0.000808171843181182 -0.000164262416099507 NA NA NA Close_to_End_recent_GF_2_Recomb_Map 50 450 0 0.05 GF_Model_IV
0.000602337196261427 0.00528667310825441 0.000110876563247054 NA NA 0.000996027670371041 0.610296549985996 0.00122405670148378 -4.42393546673441e-05 NA NA NA Close_to_End_recent_GF_2_Recomb_Map 50 450 0 0.05 GF_Model_IV
0.000545459101057133 0.00457003560783088 0.000112732544057322 NA NA 0.000873421817189069 0.770912144706461 0.00127892569158407 2.35793216034965e-05 NA NA NA Close_to_End_recent_GF_2_Recomb_Map 50 450 0 0.05 GF_Model_IV
0.000563803463328944 0.00526171632670874 0.000124900212788451 NA NA NA NA NA     Close_to_End_recent_GF_2_Recomb_Map 50 450 0 0.05 GF_Model_IV
0.000623312504310088 0.00596378925144901 0.00016151681573797 NA NA NA NA NA     Close_to_End_recent_GF_2_Recomb_Map 50 450 0 0.05 GF_Model_IV
0.00060722186057709 0.00598034138487129 0.000134256397577684 NA NA NA NA NA     Close_to_End_recent_GF_2_Recomb_Map 50 450 0 0.05 GF_Model_IV
0.000629180729173019 0.00454881952737722 0.000103310937427768 NA NA 0.00211398734445502 0.30990220277307 6.66268540717859e-05 -0.000253532772361319 NA NA NA Close_to_End_recent_GF_2_Recomb_Map 50 450 0 0.05 GF_Model_IV
0.000871364343428866 0.00874476390152534 0.000182564062478412 NA NA NA NA NA     Close_to_End_recent_GF_2_Recomb_Map 50 450 0 0.05 GF_Model_IV
0.000560244156354518 0.00519324060350025 0.000103462263989242 NA NA 0.00194043777844575 0.225980940391654 5.60506865797669e-05 -0.000400178192366687 NA NA NA Close_to_End_recent_GF_2_Recomb_Map 50 450 0 0.05 GF_Model_IV
0.000562019869109328 0.00499481954056238 0.000105866256076439 NA NA 0.00116758014402325 0.378512641907588 0.000495211955311822 -0.000171574188920436 NA NA NA Close_to_End_recent_GF_2_Recomb_Map 50 450 0 0.05 GF_Model_IV
0.000776681253280785 0.00548847215177022 0.00025296571622759 NA NA NA NA NA     Close_to_End_recent_GF_2_Recomb_Map 50 450 0 0.05 GF_Model_IV
0.000716402225562539 0.00905610017523101 0.000678714882783048 NA NA NA NA NA     Close_to_End_recent_GF_2_Recomb_Map 50 450 0 0.05 GF_Model_IV
0.000571263113772548 0.00526485933796098 0.000140129124933527 NA NA NA NA NA     Close_to_End_recent_GF_2_Recomb_Map 50 450 0 0.05 GF_Model_IV
0.000760833191223633 0.00560073521408533 0.000166910581006249 NA NA NA NA NA     Close_to_End_recent_GF_2_Recomb_Map 50 450 0 0.05 GF_Model_IV
0.000679523501436781 0.00642627115316847 0.000164213839347577 NA NA NA NA NA     Close_to_End_recent_GF_2_Recomb_Map 50 450 0 0.05 GF_Model_IV
0.000841991375819802 0.00752731061989715 0.000173883840922622 NA NA NA NA NA     Close_to_End_recent_GF_2_Recomb_Map 50 450 0 0.05 GF_Model_IV
0.00067322919488026 0.00525698313946286 0.000362067568464862 NA NA 0.00195580952255613 0.23800706358899 0.000135046524410426 -0.000219622900584363 NA NA NA Close_to_End_recent_GF_2_Recomb_Map 50 450 0 0.05 GF_Model_IV
0.000568062206088665 0.00458557803420837 0.000108538921497854 NA NA 0.00111137994736711 0.44763574226731 0.000566931446159584 -0.000112083854663448 NA NA NA Close_to_End_recent_GF_2_Recomb_Map 50 450 0 0.05 GF_Model_IV
0.000734798911434869 0.00670475703394323 0.000242203236139788 NA NA NA NA NA     Close_to_End_recent_GF_2_Recomb_Map 50 450 0 0.05 GF_Model_IV
0.000587137108082603 0.00568434722794564 0.000127285358492255 NA NA NA NA NA     Close_to_End_recent_GF_2_Recomb_Map 50 450 0 0.05 GF_Model_IV
0.00101291083011274 0.00920007032892847 0.000328050620701111 NA NA NA NA NA     Close_to_End_recent_GF_2_Recomb_Map 50 450 0 0.05 GF_Model_IV
0.000631005537344751 0.00578328930490777 0.000189193554235448 NA NA NA NA NA     Close_to_End_recent_GF_2_Recomb_Map 50 450 0 0.05 GF_Model_IV
0.000665316568572258 0.00751112573917294 0.000106401662072793 NA NA NA NA NA     Close_to_End_recent_GF_2_Recomb_Map 50 450 0 0.05 GF_Model_IV
0.000558177953732932 0.004892950197987 0.000101230889617681 NA NA NA NA NA     Close_to_End_recent_GF_2_Recomb_Map 50 450 0 0.05 GF_Model_IV
0.000569023403694846 0.00556729585660845 0.000201217733207831 NA NA 0.00220387086641295 0.18186374234483 3.51761816199841e-05 -0.000478486691535454 NA NA NA Close_to_End_recent_GF_2_Recomb_Map 50 450 0 0.05 GF_Model_IV
0.00102623428726209 0.00889911233420379 0.000218505142403439 NA NA NA NA NA     Close_to_End_recent_GF_2_Recomb_Map 50 450 0 0.05 GF_Model_IV
0.00103651163199692 0.0146075367896982 0.000290022051415346 NA NA NA NA NA     Close_to_End_recent_GF_2_Recomb_Map 50 450 0 0.05 GF_Model_IV
0.000691617767504677 0.00502623762164749 0.000191491136992953 NA NA 0.00116439536958973 0.589411495709259 0.00108050671585395 6.55524551004456e-06 NA NA NA Close_to_End_recent_GF_2_Recomb_Map 50 450 0 0.05 GF_Model_IV
0.000612425104247918 0.00535431084604878 0.000144295158355831 NA NA 0.000916197006575741 0.796002933607447 0.00192435762395392 3.37175256137654e-05 NA NA NA Close_to_End_recent_GF_2_Recomb_Map 50 450 0 0.05 GF_Model_IV
0.000613113896555883 0.0050031142517572 0.000130419948124598 NA NA 0.000875719723469875 0.946904264688895 0.00228036166994285 4.6081149585593e-05 NA NA NA Close_to_End_recent_GF_2_Recomb_Map 50 450 0 0.05 GF_Model_IV
0.00125606719901227 0.00623290080754518 0.0002626218248313 NA NA 0.00123772110483083 -20.498370902473 -0.131231487801484 0.000270428305735006 NA NA NA Close_to_End_recent_GF_2_Recomb_Map 50 450 0 0.05 GF_Model_IV
0.000822850854817878 0.00693208352637605 0.00010605923829056 NA NA 0.0115265793561541 0.023685266794201 0.000257894451852654 -0.0102400907355492 NA NA NA Close_to_End_recent_GF_2_Recomb_Map 50 450 0 0.05 GF_Model_IV
0.000606544220212686 0.00506182406833811 0.000167221732169319 NA NA 0.000869040509966107 0.929984032896128 0.00225985035157801 8.1111639515899e-05 NA NA NA Close_to_End_recent_GF_2_Recomb_Map 50 450 0 0.05 GF_Model_IV
0.000622968735957156 0.00522289076043845 0.00010882107704499 NA NA 0.000852023848282672 1.05471438582665 0.00293630503996792 3.09963277694679e-05 NA NA NA Close_to_End_recent_GF_2_Recomb_Map 50 450 0 0.05 GF_Model_IV
0.00064578633657166 0.0054894677028845 0.000191523168194619 NA NA NA NA NA     Close_to_End_recent_GF_2_Recomb_Map 50 450 0 0.05 GF_Model_IV
0.000699813306201519 0.00776549663317124 0.000391810775515634 NA NA NA NA NA     Close_to_End_recent_GF_2_Recomb_Map 50 450 0 0.05 GF_Model_IV
0.000631444577329626 0.00705665218312587 0.000248828679208919 NA NA NA NA NA     Close_to_End_recent_GF_2_Recomb_Map 50 450 0 0.05 GF_Model_IV
0.00070276715360552 0.00799043132331448 0.000150279528267993 NA NA NA NA NA     Close_to_End_recent_GF_2_Recomb_Map 50 450 0 0.05 GF_Model_IV
0.00060991463241779 0.00624639669821054 0.000224183899520671 NA NA NA NA NA     Close_to_End_recent_GF_2_Recomb_Map 50 450 0 0.05 GF_Model_IV
0.000771764322521418 0.00545526377520263 0.000320787553357507 NA NA NA NA NA     Close_to_End_recent_GF_3_Recomb_Map 50 850 0 0.05 GF_Model_IV
0.000547130594058247 0.00318959741985695 0.000182112219352817 NA NA 0.00472856566587175 0.326817769739968 2.83036124812758e-06 -0.000112810255921315 NA NA NA Close_to_End_recent_GF_3_Recomb_Map 50 850 0 0.05 GF_Model_IV
0.000548089004964567 0.00312011631596207 0.000193963504082998 NA NA NA NA NA     Close_to_End_recent_GF_3_Recomb_Map 50 850 0 0.05 GF_Model_IV
0.000610003547579559 0.00340759465125048 0.00026757883684292 NA NA 0.00300607256229024 0.243838470271484 9.17883968486794e-06 -0.000237477958033968 NA NA NA Close_to_End_recent_GF_3_Recomb_Map 50 850 0 0.05 GF_Model_IV
0.000674511832127911 0.00338885917380181 0.000211240889568259 NA NA NA NA NA     Close_to_End_recent_GF_3_Recomb_Map 50 850 0 0.05 GF_Model_IV
0.000634018864898905 0.00453608870243051 0.000299911434848638 NA NA NA NA NA     Close_to_End_recent_GF_3_Recomb_Map 50 850 0 0.05 GF_Model_IV
0.000566004039570166 0.00340227931905374 0.000184852373593834 NA NA 0.00556897400495288 0.308466310156342 1.55819356318266e-06 -0.000146652095809642 NA NA NA Close_to_End_recent_GF_3_Recomb_Map 50 850 0 0.05 GF_Model_IV
0.000607601785491016 0.00342018018132924 0.000194862609371733 NA NA 0.00152660419769645 0.371395750346272 0.00018335915604644 -0.000103635166607684 NA NA NA Close_to_End_recent_GF_3_Recomb_Map 50 850 0 0.05 GF_Model_IV
0.000739559760865322 0.00565761642796209 0.000328240361992591 NA NA NA NA NA     Close_to_End_recent_GF_3_Recomb_Map 50 850 0 0.05 GF_Model_IV
0.000562737162650034 0.00327165011279444 0.000221423656927099 NA NA NA NA NA     Close_to_End_recent_GF_3_Recomb_Map 50 850 0 0.05 GF_Model_IV
0.000884606262995356 0.00741808450152353 0.000289269518938281 NA NA NA NA NA     Close_to_End_recent_GF_3_Recomb_Map 50 850 0 0.05 GF_Model_IV
0.000645980821123623 0.00318783571141436 0.000234882148720977 NA NA NA NA NA     Close_to_End_recent_GF_3_Recomb_Map 50 850 0 0.05 GF_Model_IV
0.000592248832218904 0.00487948533803728 0.000332156636360561 NA NA 0.00239266438484971 0.19600644014023 1.7530783188626e-05 -0.00025555624220394 NA NA NA Close_to_End_recent_GF_3_Recomb_Map 50 850 0 0.05 GF_Model_IV
0.000605804292063807 0.00288387279705715 0.000198116814490479 NA NA 0.00158080449580683 0.474777900800119 0.000168115724435519 1.55663807665647e-06 NA NA NA Close_to_End_recent_GF_3_Recomb_Map 50 850 0 0.05 GF_Model_IV
0.000665544583838678 0.00453045327120113 0.000309776082477952 NA NA 0.00324042226835377 0.201587631931396 8.11980280962655e-06 -0.000368029096430024 NA NA NA Close_to_End_recent_GF_3_Recomb_Map 50 850 0 0.05 GF_Model_IV
0.000661919741978846 0.00431003749136383 0.000212004857681759 NA NA NA NA NA     Close_to_End_recent_GF_3_Recomb_Map 50 850 0 0.05 GF_Model_IV
0.000780060607444881 0.00736626347907235 0.000427137270707919 NA NA NA NA NA     Close_to_End_recent_GF_3_Recomb_Map 50 850 0 0.05 GF_Model_IV
0.000531912509926637 0.00297319443028979 0.000141682906634325 NA NA NA NA NA     Close_to_End_recent_GF_3_Recomb_Map 50 850 0 0.05 GF_Model_IV
0.000550522763825329 0.00322809912164891 0.000130925876900948 NA NA NA NA NA     Close_to_End_recent_GF_3_Recomb_Map 50 850 0 0.05 GF_Model_IV
0.000968373076919563 0.00858803756339053 0.00138375657637459 NA NA NA NA NA     Close_to_End_recent_GF_3_Recomb_Map 50 850 0 0.05 GF_Model_IV
0.000598059924990855 0.00338932122280438 0.000325170688661403 NA NA 0.00429028307340684 0.366522577058249 6.99339331588922e-06 7.48358850974323e-05 NA NA NA Close_to_End_recent_GF_3_Recomb_Map 50 850 0 0.05 GF_Model_IV
0.000685180489361858 0.00378980541935606 9.03094608822674e-05 NA NA 0.00156254178110377 0.422836723583355 0.00026959268660731 -0.000174010023946376 NA NA NA Close_to_End_recent_GF_3_Recomb_Map 50 850 0 0.05 GF_Model_IV
0.000836247051307678 0.00390308884563352 0.000193919086350665 NA NA 0.00493232031020586 0.0692534534733208 0.000158745355556829 -0.00344610844712561 NA NA NA Close_to_End_recent_GF_3_Recomb_Map 50 850 0 0.05 GF_Model_IV
0.000552492150592864 0.00349728835862134 0.0001568623905113 NA NA 0.003498657070115 0.242650499552567 3.4535906283245e-06 -0.000309155565700372 NA NA NA Close_to_End_recent_GF_3_Recomb_Map 50 850 0 0.05 GF_Model_IV
0.000675320720779538 0.00377117321009577 0.000126015857942791 NA NA NA NA NA     Close_to_End_recent_GF_3_Recomb_Map 50 850 0 0.05 GF_Model_IV
0.000736603248845196 0.00396542101951788 0.000294491425589474 NA NA NA NA NA     Close_to_End_recent_GF_3_Recomb_Map 50 850 0 0.05 GF_Model_IV
0.000596302879414243 0.00490431814804001 0.000261736146055663 NA NA 0.00236235306476466 0.21402157194367 1.94618827388543e-05 -0.000255116341491923 NA NA NA Close_to_End_recent_GF_3_Recomb_Map 50 850 0 0.05 GF_Model_IV
0.000617028904350787 0.00270269347950977 8.73721534133542e-05 NA NA 0.00145110380414199 0.581376593520767 0.000252861023325315 -5.53835301526796e-05 NA NA NA Close_to_End_recent_GF_3_Recomb_Map 50 850 0 0.05 GF_Model_IV
0.000584963869811814 0.0034652989850169 0.000226380447738401 NA NA 0.00189798134434644 0.356830285181978 7.36030975346952e-05 -5.29266795962894e-05 NA NA NA Close_to_End_recent_GF_3_Recomb_Map 50 850 0 0.05 GF_Model_IV
0.000562906702268914 0.00313300139080997 0.000160705907647213 NA NA NA NA NA     Close_to_End_recent_GF_3_Recomb_Map 50 850 0 0.05 GF_Model_IV
0.000577606242982352 0.00320372667023984 0.000193711763262517 NA NA 0.00281362967797464 0.355054610608246 2.08056100682267e-05 -8.18013932567313e-05 NA NA NA Close_to_End_recent_GF_3_Recomb_Map 50 850 0 0.05 GF_Model_IV
0.000569379380730468 0.00371477683681058 0.000279820393291748 NA NA NA NA NA     Close_to_End_recent_GF_3_Recomb_Map 50 850 0 0.05 GF_Model_IV
0.000825972267983916 0.00576619496244564 0.000405229868303714 NA NA NA NA NA     Close_to_End_recent_GF_3_Recomb_Map 50 850 0 0.05 GF_Model_IV
0.000575772065407552 0.00312550504763465 0.000157926173726397 NA NA 0.00097867279498312 0.771622240106448 0.000808999390907176 6.19164536904472e-05 NA NA NA Close_to_End_recent_GF_3_Recomb_Map 50 850 0 0.05 GF_Model_IV
0.00136490111084219 0.0092170120741552 0.000627928927731294 NA NA NA NA NA     Close_to_End_recent_GF_3_Recomb_Map 50 850 0 0.05 GF_Model_IV
0.000627058077689546 0.00300671379224488 0.000126452184567112 NA NA NA NA NA     Close_to_End_recent_GF_3_Recomb_Map 50 850 0 0.05 GF_Model_IV
0.000639861799724369 0.00308014360570048 0.000234553540478008 NA NA 0.00137947312780414 0.483940935061169 0.000315970382847245 1.39906008555954e-05 NA NA NA Close_to_End_recent_GF_3_Recomb_Map 50 850 0 0.05 GF_Model_IV
0.000588150618386808 0.00391975345457091 0.000184964550178217 NA NA 0.00267081458832007 0.23259523845823 1.18658973454676e-05 -0.000309966590940963 NA NA NA Close_to_End_recent_GF_3_Recomb_Map 50 850 0 0.05 GF_Model_IV
0.000571427859388187 0.00333917019860257 0.00011492796615482 NA NA 0.00488796571374402 0.33761102757224 3.28296077205426e-06 -0.000169450916578933 NA NA NA Close_to_End_recent_GF_3_Recomb_Map 50 850 0 0.05 GF_Model_IV
0.000678432582947838 0.00420849154312632 0.000216800814821603 NA NA 0.00240286539454821 0.175610656359062 6.2176308827159e-05 -0.000689188592994716 NA NA NA Close_to_End_recent_GF_3_Recomb_Map 50 850 0 0.05 GF_Model_IV
0.00212502477919539 0.00741350513577325 0.000688496919779715 NA NA 0.00199300245060067 -5.63133633737374 -0.0428674894783013 0.000788282705847823 NA NA NA Close_to_End_recent_GF_3_Recomb_Map 50 850 0 0.05 GF_Model_IV
0.000941724703462929 0.00629885467496796 0.000323844923797918 NA NA NA NA NA     Close_to_End_recent_GF_3_Recomb_Map 50 850 0 0.05 GF_Model_IV
0.000583007796240238 0.0039808496663899 0.000285635046343365 NA NA 0.00178768273722011 0.243165378028578 9.20836177056619e-05 -0.000224492646721803 NA NA NA Close_to_End_recent_GF_3_Recomb_Map 50 850 0 0.05 GF_Model_IV
0.000567413944967968 0.00325986845812916 0.000191227572921269 NA NA NA NA NA     Close_to_End_recent_GF_3_Recomb_Map 50 850 0 0.05 GF_Model_IV
0.000563555774258346 0.00313312447503202 0.00014416296352256 NA NA 0.00305122913739503 0.342800940634785 1.223371835754e-05 -0.000127768235809396 NA NA NA Close_to_End_recent_GF_3_Recomb_Map 50 850 0 0.05 GF_Model_IV
0.000582071227817521 0.00336495040994693 0.00013367687034646 NA NA 0.00195165790010425 0.294106583038544 5.80298559466085e-05 -0.00025587967076787 NA NA NA Close_to_End_recent_GF_3_Recomb_Map 50 850 0 0.05 GF_Model_IV
0.000675609988222414 0.00582705362122861 0.000630825883377712 NA NA NA NA NA     Close_to_End_recent_GF_3_Recomb_Map 50 850 0 0.05 GF_Model_IV
0.000634498337982256 0.00337638744581266 0.000270160981714931 NA NA 0.00129327197342523 0.512381071347322 0.000400404479638297 7.49405701634726e-05 NA NA NA Close_to_End_recent_GF_3_Recomb_Map 50 850 0 0.05 GF_Model_IV
0.000729469245958451 0.00419406390953441 0.000623355366514278 NA NA NA NA NA     Close_to_End_recent_GF_3_Recomb_Map 50 850 0 0.05 GF_Model_IV
0.000622156881227751 0.00396313162675628 0.000120623060156778 NA NA 0.003879745412604 0.187690883634197 2.20169834586477e-06 -0.000616543960273902 NA NA NA Close_to_End_recent_GF_3_Recomb_Map 50 850 0 0.05 GF_Model_IV
0.000559187106927656 0.00275736711820419 9.72938602702499e-05 NA NA NA NA NA     Close_to_End_recent_GF_3_Recomb_Map 50 850 0 0.05 GF_Model_IV
0.000556153564086319 0.00290035462668939 0.000105447002464358 NA NA NA NA NA     Close_to_End_recent_GF_3_Recomb_Map 50 850 0 0.05 GF_Model_IV
0.000597673340421596 0.0034884526197341 0.000197154992627823 NA NA 0.00110831076475228 0.615021672872971 0.000600117531749985 5.67124913799111e-05 NA NA NA Close_to_End_recent_GF_3_Recomb_Map 50 850 0 0.05 GF_Model_IV
0.000701066781326859 0.00448704962705334 0.0003878928639405 NA NA 0.00238812366204275 0.172985817298948 9.04047439338619e-05 -0.00057903776883573 NA NA NA Close_to_End_recent_GF_3_Recomb_Map 50 850 0 0.05 GF_Model_IV
0.000582121442330307 0.00297299872092216 9.85497706827032e-05 NA NA NA NA NA     Close_to_End_recent_GF_3_Recomb_Map 50 850 0 0.05 GF_Model_IV
0.000623797210440236 0.00423616121731877 0.000738708519575979 NA NA NA NA NA     Close_to_End_recent_GF_3_Recomb_Map 50 850 0 0.05 GF_Model_IV
0.000815105554022502 0.00564333772072819 0.000277487734120466 NA NA NA NA NA     Close_to_End_recent_GF_3_Recomb_Map 50 850 0 0.05 GF_Model_IV
0.00058532808757488 0.00334038542899235 0.00016275745433058 NA NA 0.00200117401850918 0.318388152869694 5.59914220353369e-05 -0.00017973942656829 NA NA NA Close_to_End_recent_GF_3_Recomb_Map 50 850 0 0.05 GF_Model_IV
0.000645959727778473 0.00378156690151558 0.000207022145770787 NA NA NA NA NA     Close_to_End_recent_GF_3_Recomb_Map 50 850 0 0.05 GF_Model_IV
0.000568464361724318 0.00300532406670342 0.000144335848513302 NA NA NA NA NA     Close_to_End_recent_GF_3_Recomb_Map 50 850 0 0.05 GF_Model_IV
0.000634643643097923 0.00505476291214691 0.000548980430920333 NA NA NA NA NA     Close_to_End_recent_GF_3_Recomb_Map 50 850 0 0.05 GF_Model_IV
0.000550828446873425 0.00326895497537659 0.00032552276858213 NA NA 0.00139746546525467 0.430974666612845 0.000181363340980082 0.000117974150553783 NA NA NA Close_to_End_recent_GF_3_Recomb_Map 50 850 0 0.05 GF_Model_IV
0.000550597966258345 0.00375474432749713 0.000291306917284832 NA NA NA NA NA     Close_to_End_recent_GF_3_Recomb_Map 50 850 0 0.05 GF_Model_IV
0.000584636826317207 0.00324930012412635 0.000159000534896373 NA NA NA NA NA     Close_to_End_recent_GF_3_Recomb_Map 50 850 0 0.05 GF_Model_IV
0.000582991258567858 0.00521141965384781 0.000312843715744616 NA NA NA NA NA     Close_to_End_recent_GF_3_Recomb_Map 50 850 0 0.05 GF_Model_IV
0.000561381457898885 0.00319874237336732 0.000246206046566524 NA NA 0.00155785986887951 0.408716554006898 0.000131546818826201 1.90308875121847e-05 NA NA NA Close_to_End_recent_GF_3_Recomb_Map 50 850 0 0.05 GF_Model_IV
0.000597744590856806 0.00438941659051174 0.000250542916120259 NA NA NA NA NA     Close_to_End_recent_GF_3_Recomb_Map 50 850 0 0.05 GF_Model_IV
0.000691649880692954 0.00393205945521993 0.000174928801027774 NA NA NA NA NA     Close_to_End_recent_GF_3_Recomb_Map 50 850 0 0.05 GF_Model_IV
0.000571167602341598 0.00343642456015175 0.000145969664608005 NA NA 0.00137031059179993 0.387522516997067 0.000217993356282784 -0.000119273718314176 NA NA NA Close_to_End_recent_GF_3_Recomb_Map 50 850 0 0.05 GF_Model_IV
0.00074951717252439 0.00443534720110335 0.000272745792887655 NA NA NA NA NA     Close_to_End_recent_GF_3_Recomb_Map 50 850 0 0.05 GF_Model_IV
0.000560192689959009 0.00323274414997179 0.000129681981122272 NA NA NA NA NA     Close_to_End_recent_GF_3_Recomb_Map 50 850 0 0.05 GF_Model_IV
0.00056092673035293 0.00292649814141516 0.000165386233134402 NA NA NA NA NA     Close_to_End_recent_GF_3_Recomb_Map 50 850 0 0.05 GF_Model_IV
0.000622572947274326 0.00374243042223155 0.000145382094173334 NA NA NA NA NA     Close_to_End_recent_GF_3_Recomb_Map 50 850 0 0.05 GF_Model_IV
0.000684578631236907 0.00445759109575308 0.00033642456877045 NA NA NA NA NA     Close_to_End_recent_GF_3_Recomb_Map 50 850 0 0.05 GF_Model_IV
0.000618326475167276 0.00348709317941334 0.000202822285972799 NA NA 0.00348128164857094 0.279454507784863 7.25724569919902e-06 -0.000211235329661465 NA NA NA Close_to_End_recent_GF_3_Recomb_Map 50 850 0 0.05 GF_Model_IV
0.000565210349681644 0.00309328505364392 0.000180576086703713 NA NA NA NA NA     Close_to_End_recent_GF_3_Recomb_Map 50 850 0 0.05 GF_Model_IV
0.00122963008098523 0.0104586129274945 0.000243446186602069 NA NA NA NA NA     Close_to_End_recent_GF_3_Recomb_Map 50 850 0 0.05 GF_Model_IV
0.000548393122328824 0.00261539151459762 8.2436633891058e-05 NA NA 0.00125402757161161 0.601478539244877 0.000274317446539015 -3.95876464641926e-05 NA NA NA Close_to_End_recent_GF_3_Recomb_Map 50 850 0 0.05 GF_Model_IV
0.000557940589204463 0.00311340167975921 0.000111097491304096 NA NA 0.00188111393910793 0.333615258809487 5.95308710526424e-05 -0.000198656768821291 NA NA NA Close_to_End_recent_GF_3_Recomb_Map 50 850 0 0.05 GF_Model_IV
0.000605780361632491 0.00333602789218005 0.000323971882414808 NA NA NA NA NA     Close_to_End_recent_GF_3_Recomb_Map 50 850 0 0.05 GF_Model_IV
0.000631190582134034 0.00314341248901807 0.000201632953662495 NA NA 0.00139765497668031 0.578915897220822 0.000323900290075633 5.55972632894703e-05 NA NA NA Close_to_End_recent_GF_3_Recomb_Map 50 850 0 0.05 GF_Model_IV
0.000581688533082254 0.00367818056783611 0.000233253419144756 NA NA 0.00235495551913795 0.319286255724627 3.23830351070578e-05 -8.83757700621884e-05 NA NA NA Close_to_End_recent_GF_3_Recomb_Map 50 850 0 0.05 GF_Model_IV
0.000628720751471142 0.00511264568790485 0.000207584384038096 NA NA 0.00258826079571692 0.199018843933445 1.65908037226767e-05 -0.000401066180229888 NA NA NA Close_to_End_recent_GF_3_Recomb_Map 50 850 0 0.05 GF_Model_IV
0.000608889814486165 0.00305945757398739 0.000271658024006199 NA NA 0.00150607957066245 0.451646477354414 0.000195892879726882 5.31685550289215e-05 NA NA NA Close_to_End_recent_GF_3_Recomb_Map 50 850 0 0.05 GF_Model_IV
0.000615604631407675 0.00340426974007249 0.000187721733650961 NA NA 0.00276416892110545 0.3786108806856 3.01109527621258e-05 -6.6477471073053e-05 NA NA NA Close_to_End_recent_GF_3_Recomb_Map 50 850 0 0.05 GF_Model_IV
0.000547345532327616 0.00372451400591944 0.000253598365774138 NA NA NA NA NA     Close_to_End_recent_GF_3_Recomb_Map 50 850 0 0.05 GF_Model_IV
0.000576621431849595 0.00343613286883476 0.000182006871085968 NA NA 0.00416548582027302 0.24842370959571 2.17763936812612e-06 -0.000292131633892995 NA NA NA Close_to_End_recent_GF_3_Recomb_Map 50 850 0 0.05 GF_Model_IV
0.000662177609414616 0.00352893017034244 0.00020242041013723 NA NA 0.00422486131223223 0.136029082938842 1.41909842532134e-06 -0.00102561159383256 NA NA NA Close_to_End_recent_GF_3_Recomb_Map 50 850 0 0.05 GF_Model_IV
0.000652201006324392 0.00452217467226459 0.00023503766083874 NA NA NA NA NA     Close_to_End_recent_GF_3_Recomb_Map 50 850 0 0.05 GF_Model_IV
0.000825575813157705 0.00503048560053429 0.000548119199897052 NA NA NA NA NA     Close_to_End_recent_GF_3_Recomb_Map 50 850 0 0.05 GF_Model_IV
0.00061432208281561 0.00338260932214862 0.00017409922308964 NA NA NA NA NA     Close_to_End_recent_GF_3_Recomb_Map 50 850 0 0.05 GF_Model_IV
0.000602048523096733 0.00434584885566465 0.000265407263194549 NA NA 0.0016752386925193 0.288475102284053 0.000129754296638495 -0.000130778014598473 NA NA NA Close_to_End_recent_GF_3_Recomb_Map 50 850 0 0.05 GF_Model_IV
0.000882550420310342 0.00581673070825513 0.000363962138695956 NA NA NA NA NA     Close_to_End_recent_GF_3_Recomb_Map 50 850 0 0.05 GF_Model_IV
0.000568830026606737 0.00302481640598047 0.000135580352236457 NA NA NA NA NA     Close_to_End_recent_GF_3_Recomb_Map 50 850 0 0.05 GF_Model_IV
0.000621072663887702 0.0049416985005642 0.000435551994222305 NA NA 0.00289164863479171 0.222494612014111 1.02153328234269e-05 -8.18103381946082e-05 NA NA NA Close_to_End_recent_GF_3_Recomb_Map 50 850 0 0.05 GF_Model_IV
0.000648351454674935 0.0040979588608923 0.000128631197933923 NA NA NA NA NA     Close_to_End_recent_GF_3_Recomb_Map 50 850 0 0.05 GF_Model_IV
0.000594612510335747 0.00391201780403512 0.000270551292841315 NA NA NA NA NA     Close_to_End_recent_GF_3_Recomb_Map 50 850 0 0.05 GF_Model_IV
0.00069396266483295 0.00493376508752609 0.000374447479159063 NA NA 0.00314966407366322 0.183638010806447 1.02616064671788e-05 -0.000399066744946752 NA NA NA Close_to_End_recent_GF_3_Recomb_Map 50 850 0 0.05 GF_Model_IV
0.00060511296575536 0.00381253112870681 0.000213807651919045 NA NA NA NA NA     Close_to_End_recent_GF_3_Recomb_Map 50 850 0 0.05 GF_Model_IV
0.000545273622712564 0.00335218348977158 8.37701466160849e-05 NA NA NA NA NA     Close_to_End_recent_GF_3_Recomb_Map 50 850 0 0.05 GF_Model_IV
0.000569900819637847 0.00273672229261965 0.000149344081836752 NA NA NA NA NA NA NA NA NA Close_to_End_recent_GF_4_Recomb_Map 50 1050 0 0.05 GF_Model_IV
0.000631906139313186 0.0026908798320743 0.000394070799805197 NA NA NA NA NA     Close_to_End_recent_GF_4_Recomb_Map 50 1050 0 0.05 GF_Model_IV
0.000603067185618582 0.00185474623748464 0.000254139417465005 NA NA NA NA NA     Close_to_End_recent_GF_4_Recomb_Map 50 1050 0 0.05 GF_Model_IV
0.000608123320793234 0.00247305867178275 0.000249743827832663 NA NA NA NA NA     Close_to_End_recent_GF_4_Recomb_Map 50 1050 0 0.05 GF_Model_IV
0.00061114061040182 0.00205088948481412 0.000188661077565541 NA NA NA NA NA     Close_to_End_recent_GF_4_Recomb_Map 50 1050 0 0.05 GF_Model_IV
0.0005995729998565 0.0020326763387659 0.000212762023831043 NA NA NA NA NA     Close_to_End_recent_GF_4_Recomb_Map 50 1050 0 0.05 GF_Model_IV
0.000616335875689632 0.00219313462971851 0.000250144068397307 NA NA NA NA NA     Close_to_End_recent_GF_4_Recomb_Map 50 1050 0 0.05 GF_Model_IV
0.000629664125705621 0.00270565476847041 0.000357688699165896 NA NA NA NA NA     Close_to_End_recent_GF_4_Recomb_Map 50 1050 0 0.05 GF_Model_IV
0.00060919164989216 0.00206884868216756 0.000147219523681675 NA NA NA NA NA     Close_to_End_recent_GF_4_Recomb_Map 50 1050 0 0.05 GF_Model_IV
0.000678955243287611 0.00196633434203241 0.000348314262285397 NA NA NA NA NA     Close_to_End_recent_GF_4_Recomb_Map 50 1050 0 0.05 GF_Model_IV
0.000681352260729525 0.00210254932038884 0.000527205744442221 NA NA NA NA NA     Close_to_End_recent_GF_4_Recomb_Map 50 1050 0 0.05 GF_Model_IV
0.000720557188985578 0.00245179485580692 0.000242062192716732 NA NA NA NA NA     Close_to_End_recent_GF_4_Recomb_Map 50 1050 0 0.05 GF_Model_IV
0.00058575337762592 0.00202163082691684 0.000187922599969278 NA NA NA NA NA     Close_to_End_recent_GF_4_Recomb_Map 50 1050 0 0.05 GF_Model_IV
0.000680967251628744 0.0018599440199668 0.000279044163485152 NA NA NA NA NA     Close_to_End_recent_GF_4_Recomb_Map 50 1050 0 0.05 GF_Model_IV
0.000605497871675288 0.00219879506921656 0.000321292899311108 NA NA NA NA NA     Close_to_End_recent_GF_4_Recomb_Map 50 1050 0 0.05 GF_Model_IV
0.000636677058384608 0.0021831344710459 0.000250461461020679 NA NA NA NA NA     Close_to_End_recent_GF_4_Recomb_Map 50 1050 0 0.05 GF_Model_IV
0.000651946914232654 0.00189308710576722 0.000122390262362166 NA NA NA NA NA     Close_to_End_recent_GF_4_Recomb_Map 50 1050 0 0.05 GF_Model_IV
0.000651479372475759 0.00249517687216709 0.00100865785046898 NA NA NA NA NA     Close_to_End_recent_GF_4_Recomb_Map 50 1050 0 0.05 GF_Model_IV
0.000568899001955291 0.00203101387473905 0.000198213982681064 NA NA NA NA NA     Close_to_End_recent_GF_4_Recomb_Map 50 1050 0 0.05 GF_Model_IV
0.000635692841346568 0.00212731309438602 0.000310363797728404 NA NA NA NA NA     Close_to_End_recent_GF_4_Recomb_Map 50 1050 0 0.05 GF_Model_IV
0.000619530351078817 0.00253203506018617 0.000308726076590667 NA NA NA NA NA     Close_to_End_recent_GF_4_Recomb_Map 50 1050 0 0.05 GF_Model_IV
0.000659943020249622 0.00278719373284518 0.000437623302945495 NA NA NA NA NA     Close_to_End_recent_GF_4_Recomb_Map 50 1050 0 0.05 GF_Model_IV
0.000592635005976028 0.00226748345582241 0.000182353339090238 NA NA NA NA NA     Close_to_End_recent_GF_4_Recomb_Map 50 1050 0 0.05 GF_Model_IV
0.000610718819674346 0.00221231638732454 0.000233630890785952 NA NA NA NA NA     Close_to_End_recent_GF_4_Recomb_Map 50 1050 0 0.05 GF_Model_IV
0.000646696711817617 0.0018354652331675 0.000240093574733035 NA NA NA NA NA     Close_to_End_recent_GF_4_Recomb_Map 50 1050 0 0.05 GF_Model_IV
0.000575208430530286 0.00204730313362488 0.000195844013157206 NA NA NA NA NA     Close_to_End_recent_GF_4_Recomb_Map 50 1050 0 0.05 GF_Model_IV
0.000797599993405882 0.00199086360059355 0.000199433418223314 NA NA NA NA NA     Close_to_End_recent_GF_4_Recomb_Map 50 1050 0 0.05 GF_Model_IV
0.000656250594279449 0.00268894924950967 0.000545839285102404 NA NA NA NA NA     Close_to_End_recent_GF_4_Recomb_Map 50 1050 0 0.05 GF_Model_IV
0.000528048631595595 0.00268073708672385 0.000107948293696273 NA NA NA NA NA     Close_to_End_recent_GF_4_Recomb_Map 50 1050 0 0.05 GF_Model_IV
0.000653266689091228 0.00279623184708906 0.000524993157779437 NA NA NA NA NA     Close_to_End_recent_GF_4_Recomb_Map 50 1050 0 0.05 GF_Model_IV
0.000690680115316367 0.00269141766301889 0.000383562037164511 NA NA NA NA NA     Close_to_End_recent_GF_4_Recomb_Map 50 1050 0 0.05 GF_Model_IV
0.000633369251946711 0.00256068234644143 0.000620838843137799 NA NA NA NA NA     Close_to_End_recent_GF_4_Recomb_Map 50 1050 0 0.05 GF_Model_IV
0.000701038403350678 0.00325096819953249 0.000205877489853507 NA NA NA NA NA     Close_to_End_recent_GF_4_Recomb_Map 50 1050 0 0.05 GF_Model_IV
0.000568482606837871 0.00223000901626993 0.000287058088390678 NA NA NA NA NA     Close_to_End_recent_GF_4_Recomb_Map 50 1050 0 0.05 GF_Model_IV
0.000618498251653407 0.00203785805954685 0.000416803212356329 NA NA NA NA NA     Close_to_End_recent_GF_4_Recomb_Map 50 1050 0 0.05 GF_Model_IV
0.000604994196038983 0.00215877638160388 0.000375816626491792 NA NA NA NA NA     Close_to_End_recent_GF_4_Recomb_Map 50 1050 0 0.05 GF_Model_IV
0.000568155922986344 0.00215466916879191 0.000206278630011888 NA NA NA NA NA     Close_to_End_recent_GF_4_Recomb_Map 50 1050 0 0.05 GF_Model_IV
0.000733210590649849 0.00177425444543975 0.000327775005059634 NA NA NA NA NA     Close_to_End_recent_GF_4_Recomb_Map 50 1050 0 0.05 GF_Model_IV
0.000619953509317783 0.00217991584001662 0.00018332417672394 NA NA NA NA NA     Close_to_End_recent_GF_4_Recomb_Map 50 1050 0 0.05 GF_Model_IV
0.000557006592257554 0.00252966166140778 0.000158117260698 NA NA NA NA NA     Close_to_End_recent_GF_4_Recomb_Map 50 1050 0 0.05 GF_Model_IV
0.000637853877770945 0.002497576279339 0.000250998512978607 NA NA NA NA NA     Close_to_End_recent_GF_4_Recomb_Map 50 1050 0 0.05 GF_Model_IV
0.000713022967371601 0.00240282730103387 0.000532588107170634 NA NA NA NA NA     Close_to_End_recent_GF_4_Recomb_Map 50 1050 0 0.05 GF_Model_IV
0.000672387035677394 0.00249791330674464 0.000276764011665997 NA NA NA NA NA     Close_to_End_recent_GF_4_Recomb_Map 50 1050 0 0.05 GF_Model_IV
0.00058450810798677 0.00259231147245095 0.000255654604253382 NA NA NA NA NA     Close_to_End_recent_GF_4_Recomb_Map 50 1050 0 0.05 GF_Model_IV
0.000624586454530882 0.00247704008909105 0.000275676199037171 NA NA NA NA NA     Close_to_End_recent_GF_4_Recomb_Map 50 1050 0 0.05 GF_Model_IV
0.000639653539896563 0.00234586990341366 0.000235314917614919 NA NA NA NA NA     Close_to_End_recent_GF_4_Recomb_Map 50 1050 0 0.05 GF_Model_IV
0.000607160064845804 0.00209478581501509 0.000350250584184891 NA NA NA NA NA     Close_to_End_recent_GF_4_Recomb_Map 50 1050 0 0.05 GF_Model_IV
0.000625562024219585 0.00184027032134228 0.000173077738007147 NA NA NA NA NA     Close_to_End_recent_GF_4_Recomb_Map 50 1050 0 0.05 GF_Model_IV
0.000573619973430136 0.00350818362379616 0.000196453269983953 NA NA NA NA NA NA NA NA NA Close_to_End_recent_GF_4_Recomb_Map 50 1050 0 0.05 GF_Model_IV
0.000619091330465906 0.00214331582976248 0.000144368691918711 NA NA NA NA NA     Close_to_End_recent_GF_4_Recomb_Map 50 1050 0 0.05 GF_Model_IV
0.00062007082237562 0.00184131996071537 0.000110849930077001 NA NA NA NA NA     Close_to_End_recent_GF_4_Recomb_Map 50 1050 0 0.05 GF_Model_IV
0.000666105347880923 0.00194470770444954 0.000203444207806502 NA NA NA NA NA     Close_to_End_recent_GF_4_Recomb_Map 50 1050 0 0.05 GF_Model_IV
0.000688934703447556 0.00249604070178964 0.000386381618548586 NA NA NA NA NA     Close_to_End_recent_GF_4_Recomb_Map 50 1050 0 0.05 GF_Model_IV
0.00059149934187812 0.00214521052311543 0.000266769547131317 NA NA NA NA NA     Close_to_End_recent_GF_4_Recomb_Map 50 1050 0 0.05 GF_Model_IV
0.00083528609652455 0.00450773493635695 0.00056990749985441 NA NA NA NA NA     Close_to_End_recent_GF_4_Recomb_Map 50 1050 0 0.05 GF_Model_IV
0.000610403093398959 0.00249605115359481 0.000386623573733548 NA NA NA NA NA     Close_to_End_recent_GF_4_Recomb_Map 50 1050 0 0.05 GF_Model_IV
0.000656979333395436 0.00281923262824935 0.000228817609661213 NA NA NA NA NA     Close_to_End_recent_GF_4_Recomb_Map 50 1050 0 0.05 GF_Model_IV
0.000597876180126115 0.00190068628839073 0.000129966705739012 NA NA NA NA NA     Close_to_End_recent_GF_4_Recomb_Map 50 1050 0 0.05 GF_Model_IV
0.000584021734634058 0.00205289948873949 0.000159050606300074 NA NA NA NA NA     Close_to_End_recent_GF_4_Recomb_Map 50 1050 0 0.05 GF_Model_IV
0.000597529904755114 0.00207350844425167 0.000204069899113788 NA NA NA NA NA     Close_to_End_recent_GF_4_Recomb_Map 50 1050 0 0.05 GF_Model_IV
0.000614780585728175 0.00225098279976812 0.000245109171073388 NA NA NA NA NA     Close_to_End_recent_GF_4_Recomb_Map 50 1050 0 0.05 GF_Model_IV
0.000657666415856994 0.00264314668602023 0.000444650758512393 NA NA NA NA NA     Close_to_End_recent_GF_4_Recomb_Map 50 1050 0 0.05 GF_Model_IV
0.000556532410129059 0.00230659605758194 0.000235609527551613 NA NA NA NA NA     Close_to_End_recent_GF_4_Recomb_Map 50 1050 0 0.05 GF_Model_IV
0.000650101650371759 0.00215725712821038 0.000233387817823771 NA NA NA NA NA     Close_to_End_recent_GF_4_Recomb_Map 50 1050 0 0.05 GF_Model_IV
0.000586254196048693 0.0022565160053784 0.000298232997864786 NA NA NA NA NA     Close_to_End_recent_GF_4_Recomb_Map 50 1050 0 0.05 GF_Model_IV
0.000623251393035019 0.00187763034510377 0.000183492820039001 NA NA NA NA NA     Close_to_End_recent_GF_4_Recomb_Map 50 1050 0 0.05 GF_Model_IV
0.000627018215202276 0.00178728229916804 0.000111898167038002 NA NA NA NA NA     Close_to_End_recent_GF_4_Recomb_Map 50 1050 0 0.05 GF_Model_IV
0.000563189682260194 0.00244438979920958 0.00043785389057039 NA NA NA NA NA     Close_to_End_recent_GF_4_Recomb_Map 50 1050 0 0.05 GF_Model_IV
0.000666449032152204 0.00276474502486086 0.000449445441313919 NA NA NA NA NA     Close_to_End_recent_GF_4_Recomb_Map 50 1050 0 0.05 GF_Model_IV
0.000633839368997594 0.00221304702568398 0.000333344989606387 NA NA NA NA NA     Close_to_End_recent_GF_4_Recomb_Map 50 1050 0 0.05 GF_Model_IV
0.000620038595890394 0.00193418519100642 0.000167676658826002 NA NA NA NA NA     Close_to_End_recent_GF_4_Recomb_Map 50 1050 0 0.05 GF_Model_IV
0.000567693495453891 0.00266528933403888 0.000323460592360435 NA NA NA NA NA     Close_to_End_recent_GF_4_Recomb_Map 50 1050 0 0.05 GF_Model_IV
0.000552391523682222 0.00206338319243833 0.000205747131713553 NA NA NA NA NA     Close_to_End_recent_GF_4_Recomb_Map 50 1050 0 0.05 GF_Model_IV
0.000623304676276678 0.00289209670565085 0.000429934179678133 NA NA NA NA NA     Close_to_End_recent_GF_4_Recomb_Map 50 1050 0 0.05 GF_Model_IV
0.000625495024191294 0.00239262492147582 0.00030996812222473 NA NA NA NA NA     Close_to_End_recent_GF_4_Recomb_Map 50 1050 0 0.05 GF_Model_IV
0.000624657371928448 0.0022049085496819 0.000209828646221463 NA NA NA NA NA     Close_to_End_recent_GF_4_Recomb_Map 50 1050 0 0.05 GF_Model_IV
0.000672812423858913 0.00236910487284305 0.000338827574384315 NA NA NA NA NA     Close_to_End_recent_GF_4_Recomb_Map 50 1050 0 0.05 GF_Model_IV
0.000609654194515663 0.00211558983296151 0.00017538458434754 NA NA NA NA NA     Close_to_End_recent_GF_4_Recomb_Map 50 1050 0 0.05 GF_Model_IV
0.000617001018282347 0.00202235417795087 0.000241568717751213 NA NA NA NA NA     Close_to_End_recent_GF_4_Recomb_Map 50 1050 0 0.05 GF_Model_IV
0.000575789156472835 0.00211634966064599 0.000200277224357255 NA NA NA NA NA     Close_to_End_recent_GF_4_Recomb_Map 50 1050 0 0.05 GF_Model_IV
0.000793047699930113 0.00336081671296078 0.000505645589120428 NA NA NA NA NA     Close_to_End_recent_GF_4_Recomb_Map 50 1050 0 0.05 GF_Model_IV
0.000781332348365627 0.00278583830940964 0.000298992987794238 NA NA NA NA NA     Close_to_End_recent_GF_4_Recomb_Map 50 1050 0 0.05 GF_Model_IV
0.000667563318735432 0.00272171002887792 0.00080864828109201 NA NA NA NA NA     Close_to_End_recent_GF_4_Recomb_Map 50 1050 0 0.05 GF_Model_IV
0.000547451992624167 0.00275892049478057 0.000139882750275079 NA NA NA NA NA     Close_to_End_recent_GF_4_Recomb_Map 50 1050 0 0.05 GF_Model_IV
0.00060080568598339 0.00209185414904512 0.000153025912888703 NA NA NA NA NA     Close_to_End_recent_GF_4_Recomb_Map 50 1050 0 0.05 GF_Model_IV
0.000715508346718366 0.00252543989820822 0.000289338914853459 NA NA NA NA NA     Close_to_End_recent_GF_4_Recomb_Map 50 1050 0 0.05 GF_Model_IV
0.000620693191138044 0.00184585621557261 0.00015407661028899 NA NA NA NA NA     Close_to_End_recent_GF_4_Recomb_Map 50 1050 0 0.05 GF_Model_IV
0.000614431356303496 0.00217785735416199 0.000139897578714137 NA NA NA NA NA     Close_to_End_recent_GF_4_Recomb_Map 50 1050 0 0.05 GF_Model_IV
0.000612576393662794 0.00192055055936304 0.00018128639874982 NA NA NA NA NA     Close_to_End_recent_GF_4_Recomb_Map 50 1050 0 0.05 GF_Model_IV
0.000563118180567653 0.00228988487936799 0.000203039528649101 NA NA NA NA NA     Close_to_End_recent_GF_4_Recomb_Map 50 1050 0 0.05 GF_Model_IV
0.00065310426994371 0.00241175336870576 0.000188859917722905 NA NA NA NA NA     Close_to_End_recent_GF_4_Recomb_Map 50 1050 0 0.05 GF_Model_IV
0.000773464073132185 0.00330595297632258 0.00037823647563091 NA NA NA NA NA     Close_to_End_recent_GF_4_Recomb_Map 50 1050 0 0.05 GF_Model_IV
0.000650268288660881 0.00209028118861726 0.000271897364485833 NA NA NA NA NA     Close_to_End_recent_GF_4_Recomb_Map 50 1050 0 0.05 GF_Model_IV
0.000624852311701594 0.00270571566408445 0.00027416426085053 NA NA NA NA NA     Close_to_End_recent_GF_4_Recomb_Map 50 1050 0 0.05 GF_Model_IV
0.000674516730146572 0.00321160459255548 0.000634304401726377 NA NA NA NA NA     Close_to_End_recent_GF_4_Recomb_Map 50 1050 0 0.05 GF_Model_IV
0.000562233789566024 0.00220225499048768 0.000345918568384904 NA NA NA NA NA     Close_to_End_recent_GF_4_Recomb_Map 50 1050 0 0.05 GF_Model_IV
0.000637227708662944 0.00253118480718851 0.000271749278868271 NA NA NA NA NA     Close_to_End_recent_GF_4_Recomb_Map 50 1050 0 0.05 GF_Model_IV
0.000609522668130332 0.00226764518876824 0.00038543822603693 NA NA NA NA NA     Close_to_End_recent_GF_4_Recomb_Map 50 1050 0 0.05 GF_Model_IV
0.000714250733439665 0.0032600247000425 0.000450445223882934 NA NA NA NA NA     Close_to_End_recent_GF_4_Recomb_Map 50 1050 0 0.05 GF_Model_IV
0.000581605744022834 0.00204747475142364 0.000215378820217986 NA NA NA NA NA     Close_to_End_recent_GF_4_Recomb_Map 50 1050 0 0.05 GF_Model_IV
0.000638692090751596 0.0027190056385202 0.000510799848044941 NA NA NA NA NA     Close_to_End_recent_GF_5_Recomb_Map 50 1550 0 0.05 GF_Model_IV
0.00050473115958476 0.00232529135428128 7.2343207827993e-05 NA NA NA NA NA NA NA NA NA Close_to_End_recent_GF_5_Recomb_Map 50 1550 0 0.05 GF_Model_IV
0.00058433972248992 0.00156793329588091 0.000101345737697221 NA NA NA NA NA     Close_to_End_recent_GF_5_Recomb_Map 50 1550 0 0.05 GF_Model_IV
0.000572916122615035 0.00178140557791103 0.000162929570416171 NA NA NA NA NA     Close_to_End_recent_GF_5_Recomb_Map 50 1550 0 0.05 GF_Model_IV
0.000624463798760687 0.00221275179451749 0.000241193479729432 NA NA NA NA NA     Close_to_End_recent_GF_5_Recomb_Map 50 1550 0 0.05 GF_Model_IV
0.000574725003166787 0.00214158540283748 0.000293094239589013 NA NA NA NA NA     Close_to_End_recent_GF_5_Recomb_Map 50 1550 0 0.05 GF_Model_IV
0.000571633001689422 0.00176389583504288 0.000135402027705724 NA NA NA NA NA     Close_to_End_recent_GF_5_Recomb_Map 50 1550 0 0.05 GF_Model_IV
0.00052608860186427 0.00244140870079319 0.000142162839036167 NA NA NA NA NA NA NA NA NA Close_to_End_recent_GF_5_Recomb_Map 50 1550 0 0.05 GF_Model_IV
0.000739860922124546 0.00300296705302912 0.000525111010193617 NA NA NA NA NA     Close_to_End_recent_GF_5_Recomb_Map 50 1550 0 0.05 GF_Model_IV
0.000485019938405938 0.00237723275153418 0.00012894345464383 NA NA NA NA NA NA NA NA NA Close_to_End_recent_GF_5_Recomb_Map 50 1550 0 0.05 GF_Model_IV
0.000544499677473842 0.00223473350944941 0.000212752033089895 NA NA NA NA NA NA NA NA NA Close_to_End_recent_GF_5_Recomb_Map 50 1550 0 0.05 GF_Model_IV
0.000561390401668913 0.00217913449292964 0.000100475517261911 NA NA NA NA NA     Close_to_End_recent_GF_5_Recomb_Map 50 1550 0 0.05 GF_Model_IV
0.00111144693125757 0.00525983982771324 0.00122044305948138 NA NA 0.00366021783951633 0.184949452526964 0.00212583646021659 -0.00126350664108255 NA NA NA Close_to_End_recent_GF_5_Recomb_Map 50 1550 0 0.05 GF_Model_IV
0.000569260211530681 0.00193310580819199 0.000183849533954516 NA NA NA NA NA     Close_to_End_recent_GF_5_Recomb_Map 50 1550 0 0.05 GF_Model_IV
0.00055560691913945 0.00233033480038092 0.000187940648129566 NA NA NA NA NA     Close_to_End_recent_GF_5_Recomb_Map 50 1550 0 0.05 GF_Model_IV
0.000600262279378442 0.00208319631814608 0.000299630797840315 NA NA NA NA NA     Close_to_End_recent_GF_5_Recomb_Map 50 1550 0 0.05 GF_Model_IV
0.000495113328435064 0.00227810840823079 0.000109898828427265 NA NA NA NA NA NA NA NA NA Close_to_End_recent_GF_5_Recomb_Map 50 1550 0 0.05 GF_Model_IV
0.000544238631662935 0.00220176782799512 0.000107961417993901 NA NA NA NA NA     Close_to_End_recent_GF_5_Recomb_Map 50 1550 0 0.05 GF_Model_IV
0.000596408750424581 0.00205927111229633 0.000176205482920856 NA NA NA NA NA     Close_to_End_recent_GF_5_Recomb_Map 50 1550 0 0.05 GF_Model_IV
0.000566668798434791 0.00196549427980968 0.000426403364572788 NA NA NA NA NA     Close_to_End_recent_GF_5_Recomb_Map 50 1550 0 0.05 GF_Model_IV
0.000575093521996681 0.00207832779318728 0.00028996009956446 NA NA NA NA NA     Close_to_End_recent_GF_5_Recomb_Map 50 1550 0 0.05 GF_Model_IV
0.000618637889526858 0.00214077921228514 0.000592151263793803 NA NA NA NA NA     Close_to_End_recent_GF_5_Recomb_Map 50 1550 0 0.05 GF_Model_IV
0.000636886051732473 0.00208754277648125 0.000404007059011767 NA NA NA NA NA     Close_to_End_recent_GF_5_Recomb_Map 50 1550 0 0.05 GF_Model_IV
0.0005213912414537 0.00186635707886062 3.42621392645161e-05 NA NA NA NA NA     Close_to_End_recent_GF_5_Recomb_Map 50 1550 0 0.05 GF_Model_IV
0.000579140941842846 0.00158834646341839 0.000138672009541024 NA NA NA NA NA     Close_to_End_recent_GF_5_Recomb_Map 50 1550 0 0.05 GF_Model_IV
0.000547867848954909 0.00332302154364761 0.000350883913583999 NA NA NA NA NA     Close_to_End_recent_GF_5_Recomb_Map 50 1550 0 0.05 GF_Model_IV
0.000675098664398155 0.0020075877943633 0.000297539205939357 NA NA NA NA NA     Close_to_End_recent_GF_5_Recomb_Map 50 1550 0 0.05 GF_Model_IV
0.00064510247668981 0.00226902720418821 0.000259854051471357 NA NA NA NA NA     Close_to_End_recent_GF_5_Recomb_Map 50 1550 0 0.05 GF_Model_IV
0.000672085863628482 0.00227075188534736 0.00049572841894574 NA NA NA NA NA     Close_to_End_recent_GF_5_Recomb_Map 50 1550 0 0.05 GF_Model_IV
0.000642178347788885 0.00213071003411052 0.000424584551355054 NA NA NA NA NA     Close_to_End_recent_GF_5_Recomb_Map 50 1550 0 0.05 GF_Model_IV
0.000606845841355131 0.00186567270130806 0.000243615540284139 NA NA NA NA NA     Close_to_End_recent_GF_5_Recomb_Map 50 1550 0 0.05 GF_Model_IV
0.000606344456156509 0.00168815983751314 0.00010608687313451 NA NA NA NA NA     Close_to_End_recent_GF_5_Recomb_Map 50 1550 0 0.05 GF_Model_IV
0.000680535635212697 0.00281965136782057 0.000406307870662903 NA NA NA NA NA     Close_to_End_recent_GF_5_Recomb_Map 50 1550 0 0.05 GF_Model_IV
0.000621363889836142 0.00257895212764434 0.000360607155752116 NA NA NA NA NA     Close_to_End_recent_GF_5_Recomb_Map 50 1550 0 0.05 GF_Model_IV
0.000634527096788217 0.00161617032868725 0.000114502115371214 NA NA NA NA NA     Close_to_End_recent_GF_5_Recomb_Map 50 1550 0 0.05 GF_Model_IV
0.000662761673435751 0.00250504334329684 0.00079407653075156 NA NA NA NA NA     Close_to_End_recent_GF_5_Recomb_Map 50 1550 0 0.05 GF_Model_IV
0.000572533044564152 0.00207579670241905 7.54269010607459e-05 NA NA NA NA NA NA NA NA NA Close_to_End_recent_GF_5_Recomb_Map 50 1550 0 0.05 GF_Model_IV
0.000599622639824954 0.00185342936696636 0.000282273010878303 NA NA NA NA NA     Close_to_End_recent_GF_5_Recomb_Map 50 1550 0 0.05 GF_Model_IV
0.000543497572564328 0.00282668934344076 0.000327884858266106 NA NA NA NA NA NA NA NA NA Close_to_End_recent_GF_5_Recomb_Map 50 1550 0 0.05 GF_Model_IV
0.000492576201443073 0.00262338393672359 0.000126106850775719 NA NA NA NA NA NA NA NA NA Close_to_End_recent_GF_5_Recomb_Map 50 1550 0 0.05 GF_Model_IV
0.000553192351244594 0.00200554369963001 0.000298716405831097 NA NA NA NA NA     Close_to_End_recent_GF_5_Recomb_Map 50 1550 0 0.05 GF_Model_IV
0.00057630720651697 0.0020294482852811 0.000270280069684576 NA NA NA NA NA     Close_to_End_recent_GF_5_Recomb_Map 50 1550 0 0.05 GF_Model_IV
0.000613873996543697 0.00197687114654285 0.000161003354705965 NA NA NA NA NA     Close_to_End_recent_GF_5_Recomb_Map 50 1550 0 0.05 GF_Model_IV
0.000574274393308851 0.00182229545586114 0.000136390585384782 NA NA NA NA NA     Close_to_End_recent_GF_5_Recomb_Map 50 1550 0 0.05 GF_Model_IV
0.000652130970702102 0.00171339609310066 0.000225223565916387 NA NA NA NA NA     Close_to_End_recent_GF_5_Recomb_Map 50 1550 0 0.05 GF_Model_IV
0.0007212877829553 0.00297375032134297 0.000389317637185936 NA NA NA NA NA     Close_to_End_recent_GF_5_Recomb_Map 50 1550 0 0.05 GF_Model_IV
0.00055467893865754 0.00180301760036803 0.000270857529340358 NA NA NA NA NA     Close_to_End_recent_GF_5_Recomb_Map 50 1550 0 0.05 GF_Model_IV
0.000529885738829667 0.00211139068192579 5.50226722440929e-05 NA NA NA NA NA NA NA NA NA Close_to_End_recent_GF_5_Recomb_Map 50 1550 0 0.05 GF_Model_IV
0.000543705594974513 0.00230459529517633 0.000435900274843366 NA NA NA NA NA     Close_to_End_recent_GF_5_Recomb_Map 50 1550 0 0.05 GF_Model_IV
0.000695513965674277 0.00250393097468174 0.000373202233312249 NA NA NA NA NA     Close_to_End_recent_GF_5_Recomb_Map 50 1550 0 0.05 GF_Model_IV
0.000553153435974407 0.00234749410447401 0.000106226810568475 NA NA NA NA NA NA NA NA NA Close_to_End_recent_GF_5_Recomb_Map 50 1550 0 0.05 GF_Model_IV
0.000523445577025657 0.00223246380912517 7.82290018883996e-05 NA NA NA NA NA NA NA NA NA Close_to_End_recent_GF_5_Recomb_Map 50 1550 0 0.05 GF_Model_IV
0.000620659617683287 0.00321556559979029 0.000453406535575116 NA NA NA NA NA     Close_to_End_recent_GF_5_Recomb_Map 50 1550 0 0.05 GF_Model_IV
0.000611661430717211 0.0018207262112135 0.000179348706622749 NA NA NA NA NA     Close_to_End_recent_GF_5_Recomb_Map 50 1550 0 0.05 GF_Model_IV
0.000555824415140691 0.00245204830034493 0.000117055376313969 NA NA NA NA NA NA NA NA NA Close_to_End_recent_GF_5_Recomb_Map 50 1550 0 0.05 GF_Model_IV
0.000666659585240918 0.00232612227087608 0.000994852017331965 NA NA NA NA NA     Close_to_End_recent_GF_5_Recomb_Map 50 1550 0 0.05 GF_Model_IV
0.000498757653096209 0.00252463250012216 7.4583096590417e-05 NA NA NA NA NA NA NA NA NA Close_to_End_recent_GF_5_Recomb_Map 50 1550 0 0.05 GF_Model_IV
0.000714918428423635 0.00348318467907831 0.00100785098263361 NA NA NA NA NA     Close_to_End_recent_GF_5_Recomb_Map 50 1550 0 0.05 GF_Model_IV
0.00066352919867587 0.00191249035992077 0.000168914548298856 NA NA NA NA NA     Close_to_End_recent_GF_5_Recomb_Map 50 1550 0 0.05 GF_Model_IV
0.000568029573611187 0.00182574681766251 0.000150802672708149 NA NA NA NA NA     Close_to_End_recent_GF_5_Recomb_Map 50 1550 0 0.05 GF_Model_IV
0.000526734731593644 0.00236372430403982 0.000182127408363381 NA NA NA NA NA NA NA NA NA Close_to_End_recent_GF_5_Recomb_Map 50 1550 0 0.05 GF_Model_IV
0.000548314529437314 0.00237439551452111 8.31684452334918e-05 NA NA NA NA NA     Close_to_End_recent_GF_5_Recomb_Map 50 1550 0 0.05 GF_Model_IV
0.000679142226256369 0.00222270705652586 0.000210094062405735 NA NA NA NA NA     Close_to_End_recent_GF_5_Recomb_Map 50 1550 0 0.05 GF_Model_IV
0.000579123268057914 0.00235748966485189 0.000159569877097126 NA NA NA NA NA     Close_to_End_recent_GF_5_Recomb_Map 50 1550 0 0.05 GF_Model_IV
0.000612623140197229 0.00176325894609382 0.000362178222140579 NA NA NA NA NA     Close_to_End_recent_GF_5_Recomb_Map 50 1550 0 0.05 GF_Model_IV
0.000522678815915329 0.00172661045443516 0.000148784795823394 NA NA NA NA NA     Close_to_End_recent_GF_5_Recomb_Map 50 1550 0 0.05 GF_Model_IV
0.00068341176695359 0.00366005419503625 0.000592051712721925 NA NA NA NA NA     Close_to_End_recent_GF_5_Recomb_Map 50 1550 0 0.05 GF_Model_IV
0.000557300459818205 0.00191002641555891 0.000327800245252486 NA NA NA NA NA     Close_to_End_recent_GF_5_Recomb_Map 50 1550 0 0.05 GF_Model_IV
0.00060452245500144 0.00159357025606219 0.000129448108598736 NA NA NA NA NA     Close_to_End_recent_GF_5_Recomb_Map 50 1550 0 0.05 GF_Model_IV
0.000545709556170451 0.00186637638646445 0.000154556360212172 NA NA NA NA NA     Close_to_End_recent_GF_5_Recomb_Map 50 1550 0 0.05 GF_Model_IV
0.000582689601789601 0.00241030779334188 0.000148973400111301 NA NA NA NA NA NA NA NA NA Close_to_End_recent_GF_5_Recomb_Map 50 1550 0 0.05 GF_Model_IV
0.000617453556081209 0.00224611087192289 0.000144511368872582 NA NA NA NA NA     Close_to_End_recent_GF_5_Recomb_Map 50 1550 0 0.05 GF_Model_IV
0.000602906277167091 0.00199613701246069 0.000215287908677259 NA NA NA NA NA     Close_to_End_recent_GF_5_Recomb_Map 50 1550 0 0.05 GF_Model_IV
0.000556678900502702 0.00179817173896583 0.000197791232405677 NA NA NA NA NA     Close_to_End_recent_GF_5_Recomb_Map 50 1550 0 0.05 GF_Model_IV
0.00063051036006543 0.00191215184563994 0.000325051912526652 NA NA NA NA NA     Close_to_End_recent_GF_5_Recomb_Map 50 1550 0 0.05 GF_Model_IV
0.00064747287807016 0.00181695354443295 0.000391223044594618 NA NA NA NA NA     Close_to_End_recent_GF_5_Recomb_Map 50 1550 0 0.05 GF_Model_IV
0.000626728025629513 0.00317336264456516 0.0012940072947977 NA NA NA NA NA     Close_to_End_recent_GF_5_Recomb_Map 50 1550 0 0.05 GF_Model_IV
0.000659221809555137 0.00227459800353317 0.000642079610584638 NA NA NA NA NA     Close_to_End_recent_GF_5_Recomb_Map 50 1550 0 0.05 GF_Model_IV
0.000710750454308752 0.00368706607872093 0.000951059651050018 NA NA NA NA NA     Close_to_End_recent_GF_5_Recomb_Map 50 1550 0 0.05 GF_Model_IV
0.00057222297591639 0.0017162376742211 0.000189271396050103 NA NA NA NA NA     Close_to_End_recent_GF_5_Recomb_Map 50 1550 0 0.05 GF_Model_IV
0.000539192252268918 0.00383960553940269 0.000240663700282217 NA NA NA NA NA NA NA NA NA Close_to_End_recent_GF_5_Recomb_Map 50 1550 0 0.05 GF_Model_IV
0.000707485130640467 0.00213305921970972 0.000483632637513054 NA NA NA NA NA     Close_to_End_recent_GF_5_Recomb_Map 50 1550 0 0.05 GF_Model_IV
0.000624052871897287 0.00266115171215803 0.000216610496021063 NA NA NA NA NA     Close_to_End_recent_GF_5_Recomb_Map 50 1550 0 0.05 GF_Model_IV
0.000573014820572532 0.00159034446763332 8.6993026698182e-05 NA NA NA NA NA     Close_to_End_recent_GF_5_Recomb_Map 50 1550 0 0.05 GF_Model_IV
0.000604918861070652 0.00186382617250859 0.000250868071396966 NA NA NA NA NA     Close_to_End_recent_GF_5_Recomb_Map 50 1550 0 0.05 GF_Model_IV
0.000575281497430203 0.0020378345045279 0.000201528230945878 NA NA NA NA NA     Close_to_End_recent_GF_5_Recomb_Map 50 1550 0 0.05 GF_Model_IV
0.000607389989349717 0.0033280448381248 0.000238477323018785 NA NA NA NA NA NA NA NA NA Close_to_End_recent_GF_5_Recomb_Map 50 1550 0 0.05 GF_Model_IV
0.00060590841569001 0.00169893139817244 0.000266477884909764 NA NA NA NA NA     Close_to_End_recent_GF_5_Recomb_Map 50 1550 0 0.05 GF_Model_IV
0.000539483291012458 0.00209492991360265 8.90032157523514e-05 NA NA NA NA NA NA NA NA NA Close_to_End_recent_GF_5_Recomb_Map 50 1550 0 0.05 GF_Model_IV
0.000527273034964656 0.00242604761489332 0.000139616053779742 NA NA NA NA NA NA NA NA NA Close_to_End_recent_GF_5_Recomb_Map 50 1550 0 0.05 GF_Model_IV
0.000565607928713786 0.00234226315571068 6.61650177461274e-05 NA NA NA NA NA NA NA NA NA Close_to_End_recent_GF_5_Recomb_Map 50 1550 0 0.05 GF_Model_IV
0.000628694496295308 0.00206444363964223 0.000538259606996987 NA NA NA NA NA     Close_to_End_recent_GF_5_Recomb_Map 50 1550 0 0.05 GF_Model_IV
0.000509689945192802 0.00176149910879656 0.00020178818140011 NA NA NA NA NA     Close_to_End_recent_GF_5_Recomb_Map 50 1550 0 0.05 GF_Model_IV
0.00067833629740539 0.00235451735697722 0.000133333366711931 NA NA NA NA NA NA NA NA NA Close_to_End_recent_GF_5_Recomb_Map 50 1550 0 0.05 GF_Model_IV
0.000557319251773026 0.00244947621596904 0.000142124557368884 NA NA NA NA NA NA NA NA NA Close_to_End_recent_GF_5_Recomb_Map 50 1550 0 0.05 GF_Model_IV
0.00056823209647355 0.00230205975385154 0.000123784922423952 NA NA NA NA NA NA NA NA NA Close_to_End_recent_GF_5_Recomb_Map 50 1550 0 0.05 GF_Model_IV
0.000556608508530861 0.00168601734282083 0.000114323736476781 NA NA NA NA NA     Close_to_End_recent_GF_5_Recomb_Map 50 1550 0 0.05 GF_Model_IV
0.000652110306138079 0.0026489264324699 0.000469919954406833 NA NA NA NA NA     Close_to_End_recent_GF_5_Recomb_Map 50 1550 0 0.05 GF_Model_IV
0.000553115672787464 0.00221463572625659 0.00010924822818553 NA NA NA NA NA NA NA NA NA Close_to_End_recent_GF_5_Recomb_Map 50 1550 0 0.05 GF_Model_IV
0.000494495080433362 0.00247344041993386 0.000205547122958686 NA NA NA NA NA     Close_to_End_recent_GF_5_Recomb_Map 50 1550 0 0.05 GF_Model_IV
