0.000441925170895437 1566.81127732181 3.29950871209857e-07 4.8795228250227e-10 no_error _Scenario_11_ 1500 1501 0 0.05 GF_Model_IV
0.000462784075681787 1576.37115909809 2.43483192246166e-07 3.74653377019437e-10 no_error _Scenario_11_ 1500 1501 0 0.05 GF_Model_IV
0.000455295598435814 1582.39983718376 5.84281942390064e-07 5.11796469328435e-10 no_error _Scenario_11_ 1500 1501 0 0.05 GF_Model_IV
0.000461767164839765 1527.8058330895 -5.63922635745112e-08 4.34240513519581e-10 no_error _Scenario_11_ 1500 1501 0 0.05 GF_Model_IV
0.000460025407676758 1551.43245587088 7.94095377278822e-08 4.53903256434472e-10 no_error _Scenario_11_ 1500 1501 0 0.05 GF_Model_IV
0.00046360937130696 1566.32834904012 3.0916039344462e-08 3.71368440687206e-10 no_error _Scenario_11_ 1500 1501 0 0.05 GF_Model_IV
0.000442251075097895 1505.14848661235 -1.16189082233497e-07 7.84225416745244e-10 no_error _Scenario_11_ 1500 1501 0 0.05 GF_Model_IV
0.000411516692204844 1555.97686662458 2.92389230054079e-07 4.70927411367173e-10 no_error _Scenario_11_ 1500 1501 0 0.05 GF_Model_IV
0.000417818155641839 1538.62148803673 -3.17567839547832e-08 4.28511131416721e-10 no_error _Scenario_11_ 1500 1501 0 0.05 GF_Model_IV
0.000444536079192923 1605.07297592494 4.45127699881984e-07 4.38363535986349e-10 no_error _Scenario_11_ 1500 1501 0 0.05 GF_Model_IV
0.000448568252685207 1527.88164264722 3.87991459817846e-07 5.0711169377838e-10 no_error _Scenario_11_ 1500 1501 0 0.05 GF_Model_IV
0.000437764577331219 1558.70898825638 1.38151716951163e-07 4.35553383885977e-10 no_error _Scenario_11_ 1500 1501 0 0.05 GF_Model_IV
0.000445310182968047 1531.49934787889 -3.61741890423441e-07 5.1035810993819e-10 no_error _Scenario_11_ 1500 1501 0 0.05 GF_Model_IV
0.000453154806425929 1524.39757392884 1.09444190446967e-07 5.86915099772317e-10 no_error _Scenario_11_ 1500 1501 0 0.05 GF_Model_IV
0.000423588098998196 1522.9103600031 -3.32498503151778e-07 4.45834501423149e-10 no_error _Scenario_11_ 1500 1501 0 0.05 GF_Model_IV
0.000445485016320265 1497.48564287665 -8.8455447665052e-08 8.50831573621786e-10 no_error _Scenario_11_ 1500 1501 0 0.05 GF_Model_IV
0.000443177037355295 1555.54259806272 9.00472834140563e-08 3.90307435280218e-10 no_error _Scenario_11_ 1500 1501 0 0.05 GF_Model_IV
0.000429390102920028 1584.98977793471 -1.51793542879288e-07 4.16668783330354e-10 no_error _Scenario_11_ 1500 1501 0 0.05 GF_Model_IV
0.000439550256656699 1549.71546971866 3.10793892632206e-07 4.04554757908448e-10 no_error _Scenario_11_ 1500 1501 0 0.05 GF_Model_IV
0.000436729272325627 1534.0430144496 -4.9428641698847e-08 4.06665030152584e-10 no_error _Scenario_11_ 1500 1501 0 0.05 GF_Model_IV
0.000427416976024539 1520.32579740065 3.78287744711284e-07 4.40071091440361e-10 no_error _Scenario_11_ 1500 1501 0 0.05 GF_Model_IV
0.00042397746569744 1554.23077372572 2.07824463364976e-07 4.03483798591966e-10 no_error _Scenario_11_ 1500 1501 0 0.05 GF_Model_IV
0.000438649554725522 1563.71907657835 1.87242570630143e-07 3.52073227476632e-10 no_error _Scenario_11_ 1500 1501 0 0.05 GF_Model_IV
0.000437353550544248 1555.44927936248 1.58399453012728e-07 5.71054273847169e-10 no_error _Scenario_11_ 1500 1501 0 0.05 GF_Model_IV
0.000435634348141489 1519.75170061665 2.85056993106474e-07 5.9899780171293e-10 no_error _Scenario_11_ 1500 1501 0 0.05 GF_Model_IV
0.000445950945727054 1550.84557296377 4.66782838622274e-07 5.3495068378463e-10 no_error _Scenario_11_ 1500 1501 0 0.05 GF_Model_IV
0.000427518190585705 1497.61482250703 9.46494369155975e-08 4.63476874706465e-10 no_error _Scenario_11_ 1500 1501 0 0.05 GF_Model_IV
0.000422551938671563 1511.98032985531 1.64694367241406e-07 4.61432806172234e-10 no_error _Scenario_11_ 1500 1501 0 0.05 GF_Model_IV
0.000448731983775248 1547.58223601084 1.84061762989514e-07 4.33749830894954e-10 no_error _Scenario_11_ 1500 1501 0 0.05 GF_Model_IV
0.000456176760811737 1529.06673764051 1.663055011728e-08 7.50287492888493e-10 no_error _Scenario_11_ 1500 1501 0 0.05 GF_Model_IV
0.00047366873450732 1566.63029103702 -8.98766652230415e-08 4.99446360665947e-10 no_error _Scenario_11_ 1500 1501 0 0.05 GF_Model_IV
0.000436656833476165 1587.33900662865 4.26756863246047e-07 5.01839465643703e-10 no_error _Scenario_11_ 1500 1501 0 0.05 GF_Model_IV
0.000446667859289832 1576.7459018726 2.14503319070009e-07 4.43910241357825e-10 no_error _Scenario_11_ 1500 1501 0 0.05 GF_Model_IV
0.000430117459689702 1508.26339400386 2.67407519691351e-07 6.90596417508227e-10 no_error _Scenario_11_ 1500 1501 0 0.05 GF_Model_IV
0.00044148774870889 1550.72236916228 -1.01706949059713e-07 4.94834292699101e-10 no_error _Scenario_11_ 1500 1501 0 0.05 GF_Model_IV
0.000441833067050173 1576.87424777789 1.45564282723822e-07 6.67007935235823e-10 no_error _Scenario_11_ 1500 1501 0 0.05 GF_Model_IV
0.000462342895727528 1562.2094458321 1.65576691714715e-07 4.44504792637276e-10 no_error _Scenario_11_ 1500 1501 0 0.05 GF_Model_IV
0.000446182229977887 1551.78572337087 3.04641747740049e-08 4.20640826551895e-10 no_error _Scenario_11_ 1500 1501 0 0.05 GF_Model_IV
0.000461385457731019 1547.16295760462 -4.62758874260313e-10 3.51216791636442e-10 nls_error _Scenario_11_ 1500 1501 0 0.05 GF_Model_IV
0.000453052073025753 1523.48100867106 2.1055508002217e-08 4.96436952868885e-10 no_error _Scenario_11_ 1500 1501 0 0.05 GF_Model_IV
0.000454402826093679 1548.15777155185 1.96516141325114e-07 4.37935592113776e-10 no_error _Scenario_11_ 1500 1501 0 0.05 GF_Model_IV
0.000412082076920345 1500.80638238799 7.09644483905169e-08 3.94433082514985e-10 no_error _Scenario_11_ 1500 1501 0 0.05 GF_Model_IV
0.000442685550385703 1567.98433735872 3.27381110357782e-07 4.85814461712747e-10 no_error _Scenario_11_ 1500 1501 0 0.05 GF_Model_IV
0.000452049000133909 1551.90574598181 -2.92188373734878e-08 5.25082666304323e-10 no_error _Scenario_11_ 1500 1501 0 0.05 GF_Model_IV
0.000424739872457415 1544.67001550007 5.35338733154989e-07 3.65577577884542e-10 no_error _Scenario_11_ 1500 1501 0 0.05 GF_Model_IV
0.000445308719085142 1514.88466112308 1.63017687001978e-07 5.19844638571446e-10 no_error _Scenario_11_ 1500 1501 0 0.05 GF_Model_IV
0.000442322073497758 1573.26169167449 4.08740786131909e-08 3.61903119595391e-10 no_error _Scenario_11_ 1500 1501 0 0.05 GF_Model_IV
0.000445000277309651 1586.86336593924 6.7877263912562e-07 4.38676471141954e-10 no_error _Scenario_11_ 1500 1501 0 0.05 GF_Model_IV
0.000442384762875969 1558.54104061242 3.26938626641965e-08 4.35116546256669e-10 no_error _Scenario_11_ 1500 1501 0 0.05 GF_Model_IV
0.000462105816028371 1558.50117828886 3.0582087342946e-07 4.20969935734727e-10 no_error _Scenario_11_ 1500 1501 0 0.05 GF_Model_IV
0.000448400260982664 1518.33557363808 7.4283644254698e-08 6.2524344756693e-10 no_error _Scenario_11_ 1500 1501 0 0.05 GF_Model_IV
0.000426696417525013 1478.120946127 2.01740545998569e-07 5.87635417574118e-10 no_error _Scenario_11_ 1500 1501 0 0.05 GF_Model_IV
0.000443938971467455 1545.32056204663 7.03562875945911e-08 4.71806023174491e-10 no_error _Scenario_11_ 1500 1501 0 0.05 GF_Model_IV
0.000435567783478545 1554.70591240241 -3.82504714389076e-08 5.28818286788761e-10 no_error _Scenario_11_ 1500 1501 0 0.05 GF_Model_IV
0.000450241276037703 1551.49950125775 4.30281483263619e-08 5.80391485738013e-10 no_error _Scenario_11_ 1500 1501 0 0.05 GF_Model_IV
0.000450704426230984 1582.16265183626 2.13966386539489e-07 3.83565247231908e-10 no_error _Scenario_11_ 1500 1501 0 0.05 GF_Model_IV
0.000424784074819634 1580.59583036616 4.62580981761783e-08 4.74665528398648e-10 no_error _Scenario_11_ 1500 1501 0 0.05 GF_Model_IV
0.000424496679554506 1525.22785396722 4.41793034919695e-08 5.07637470783354e-10 no_error _Scenario_11_ 1500 1501 0 0.05 GF_Model_IV
0.000433935678362703 1545.61804044784 1.24711741911852e-07 4.70380021443137e-10 no_error _Scenario_11_ 1500 1501 0 0.05 GF_Model_IV
0.000452843920645617 1558.75870006509 1.72874101354465e-07 4.9055928247369e-10 no_error _Scenario_11_ 1500 1501 0 0.05 GF_Model_IV
0.000430798711950911 1564.65869929458 3.12220665603547e-07 3.4185271707794e-10 no_error _Scenario_11_ 1500 1501 0 0.05 GF_Model_IV
0.000458846231931915 1529.60358180394 3.22986290833471e-07 5.51446882583657e-10 no_error _Scenario_11_ 1500 1501 0 0.05 GF_Model_IV
0.000460150721354427 1571.61013176717 2.17844232305962e-07 4.01766392816828e-10 no_error _Scenario_11_ 1500 1501 0 0.05 GF_Model_IV
0.000449284325997727 1535.06046112999 2.03135860894163e-08 4.39535599746226e-10 no_error _Scenario_11_ 1500 1501 0 0.05 GF_Model_IV
0.000438362612043361 1550.47961335202 -5.0211714038261e-08 6.01072760135318e-10 no_error _Scenario_11_ 1500 1501 0 0.05 GF_Model_IV
0.000424525314965408 1516.75279356854 1.23258502449232e-07 4.09760926666269e-10 no_error _Scenario_11_ 1500 1501 0 0.05 GF_Model_IV
0.000466283267718727 1557.71988171146 -2.17004050606722e-07 4.44578377594893e-10 no_error _Scenario_11_ 1500 1501 0 0.05 GF_Model_IV
0.000438944563745008 1540.67950467054 1.01252203593863e-07 5.31847216869375e-10 no_error _Scenario_11_ 1500 1501 0 0.05 GF_Model_IV
0.000425254922989914 1517.08220986715 2.60205390799048e-07 6.13792356981686e-10 no_error _Scenario_11_ 1500 1501 0 0.05 GF_Model_IV
0.000453565524292076 1555.86921883522 9.88471193497841e-08 5.68977194996452e-10 no_error _Scenario_11_ 1500 1501 0 0.05 GF_Model_IV
0.000460644738130197 1583.81323682368 3.14640645130093e-07 4.89782957976277e-10 no_error _Scenario_11_ 1500 1501 0 0.05 GF_Model_IV
0.000448280722556688 1517.83992707022 -1.89482700026611e-07 4.88216874845388e-10 no_error _Scenario_11_ 1500 1501 0 0.05 GF_Model_IV
0.000429804068958451 1542.27310481472 1.50594431015674e-07 4.80640341216986e-10 no_error _Scenario_11_ 1500 1501 0 0.05 GF_Model_IV
0.000462617238859254 1560.76909829284 1.94898357520288e-07 5.09829924109352e-10 no_error _Scenario_11_ 1500 1501 0 0.05 GF_Model_IV
0.000457951308728502 1563.66819507577 4.46896917275071e-08 3.48427322447635e-10 no_error _Scenario_11_ 1500 1501 0 0.05 GF_Model_IV
0.000416116715158858 1535.36853816332 -1.73756229182194e-08 7.54464368414868e-10 no_error _Scenario_11_ 1500 1501 0 0.05 GF_Model_IV
0.000422766828329245 1502.93041950641 2.04960163028456e-07 6.43611091623555e-10 no_error _Scenario_11_ 1500 1501 0 0.05 GF_Model_IV
0.000461107232787678 1588.9603128373 1.06478415844841e-07 6.83386659728084e-10 no_error _Scenario_11_ 1500 1501 0 0.05 GF_Model_IV
0.000452958258946529 1544.71416558089 -7.58769019044012e-08 3.90224555960542e-10 no_error _Scenario_11_ 1500 1501 0 0.05 GF_Model_IV
0.000479519434555195 1557.62951496378 7.64168032757411e-08 6.44682736944143e-10 no_error _Scenario_11_ 1500 1501 0 0.05 GF_Model_IV
0.000448143275261598 1541.0918862252 -1.53445439714555e-07 6.00601511232035e-10 no_error _Scenario_11_ 1500 1501 0 0.05 GF_Model_IV
0.000457608028605204 1550.82330066537 3.21943230404606e-07 5.66173132676306e-10 no_error _Scenario_11_ 1500 1501 0 0.05 GF_Model_IV
0.000462741588219337 1509.0564072206 9.02816400417945e-08 5.38775300423695e-10 no_error _Scenario_11_ 1500 1501 0 0.05 GF_Model_IV
0.00045505905361123 1542.34089861972 1.61502039391109e-07 6.04255257074578e-10 no_error _Scenario_11_ 1500 1501 0 0.05 GF_Model_IV
0.000466037683551586 1544.10825618515 4.58093674958808e-08 5.60714256327596e-10 no_error _Scenario_11_ 1500 1501 0 0.05 GF_Model_IV
0.000446113830803593 1527.88757822557 3.14711538880181e-07 4.52540525062521e-10 no_error _Scenario_11_ 1500 1501 0 0.05 GF_Model_IV
0.000438971754298111 1508.70760756924 -3.39305033185889e-07 5.60819939561966e-10 no_error _Scenario_11_ 1500 1501 0 0.05 GF_Model_IV
0.000430199597648329 1558.12424362759 4.44262253951023e-08 4.78207987100631e-10 no_error _Scenario_11_ 1500 1501 0 0.05 GF_Model_IV
0.000428628865789863 1510.20240796139 -4.98499718131037e-08 4.77325671599611e-10 no_error _Scenario_11_ 1500 1501 0 0.05 GF_Model_IV
0.000465090755529699 1506.21434188198 -4.48607185678528e-07 4.44613482788395e-10 no_error _Scenario_11_ 1500 1501 0 0.05 GF_Model_IV
0.000441096222690693 1549.19694956128 -1.09742342972067e-07 4.33946001266652e-10 no_error _Scenario_11_ 1500 1501 0 0.05 GF_Model_IV
0.000464287521463559 1565.22004407413 2.36427884808452e-07 4.01362530799495e-10 no_error _Scenario_11_ 1500 1501 0 0.05 GF_Model_IV
0.000455373205101415 1502.6371994139 8.84848571977221e-08 4.78953917046496e-10 no_error _Scenario_11_ 1500 1501 0 0.05 GF_Model_IV
0.000426354889184248 1535.33312493444 5.94146692981986e-08 5.27960411730992e-10 no_error _Scenario_11_ 1500 1501 0 0.05 GF_Model_IV
0.000464269063993592 1538.38640212502 -6.90141401712684e-08 4.56779688066398e-10 no_error _Scenario_11_ 1500 1501 0 0.05 GF_Model_IV
0.000430921433879449 1532.419755656 -2.55151191312321e-07 5.5304182022496e-10 no_error _Scenario_11_ 1500 1501 0 0.05 GF_Model_IV
0.000450497705071724 1500.93608291296 -9.78285614662092e-08 8.05531155239486e-10 no_error _Scenario_11_ 1500 1501 0 0.05 GF_Model_IV
0.000434987623397181 1550.9172784072 6.17622800935939e-09 5.24552508858805e-10 no_error _Scenario_11_ 1500 1501 0 0.05 GF_Model_IV
0.000464524754321884 1524.33863170116 1.21686799017138e-07 6.96670779756716e-10 no_error _Scenario_11_ 1500 1501 0 0.05 GF_Model_IV
0.00042478990416446 1539.22979956011 3.57800448676589e-07 4.1630891757034e-10 no_error _Scenario_11_ 1500 1501 0 0.05 GF_Model_IV
0.000445129559156037 1556.87803426005 2.84026161059681e-07 5.3714152140414e-10 no_error _Scenario_12_ 1400 1600 0 0.05 GF_Model_IV
0.000438415186589786 1528.95813622281 1.58778538929125e-07 4.53998902830215e-10 no_error _Scenario_12_ 1400 1600 0 0.05 GF_Model_IV
0.000450513260095394 1570.13308255883 2.69647249951805e-08 5.13148000928349e-10 no_error _Scenario_12_ 1400 1600 0 0.05 GF_Model_IV
0.000452065493281343 1541.25008852853 6.86181931284008e-08 5.05376022183457e-10 no_error _Scenario_12_ 1400 1600 0 0.05 GF_Model_IV
0.000453390813869516 1571.99539784136 -1.48866790528341e-07 5.18580058019252e-10 no_error _Scenario_12_ 1400 1600 0 0.05 GF_Model_IV
0.000431205035817196 1532.09475034955 2.25785151150233e-07 5.37623675343769e-10 no_error _Scenario_12_ 1400 1600 0 0.05 GF_Model_IV
0.000421446994248403 1506.64848361281 -1.50987502460437e-07 4.94884483044778e-10 no_error _Scenario_12_ 1400 1600 0 0.05 GF_Model_IV
0.000451862178090212 1513.18765814589 1.32340616045775e-07 6.57077674517316e-10 no_error _Scenario_12_ 1400 1600 0 0.05 GF_Model_IV
0.000446910161319963 1567.87927023835 3.11079927070518e-08 4.83009303671158e-10 no_error _Scenario_12_ 1400 1600 0 0.05 GF_Model_IV
0.000438251483342808 1548.39986928539 1.35077235320789e-07 6.98421628351023e-10 no_error _Scenario_12_ 1400 1600 0 0.05 GF_Model_IV
0.000442181013874485 1534.6875942927 -1.01827129761635e-07 4.09466478934704e-10 no_error _Scenario_12_ 1400 1600 0 0.05 GF_Model_IV
0.00045813465072627 1519.74961446737 -8.68577004193261e-08 4.47131318593221e-10 no_error _Scenario_12_ 1400 1600 0 0.05 GF_Model_IV
0.000415299450245032 1570.05297770977 2.62952418714687e-07 5.50356483233752e-10 no_error _Scenario_12_ 1400 1600 0 0.05 GF_Model_IV
0.000441334625970384 1523.02069044089 3.63207855149367e-07 4.24746848817561e-10 no_error _Scenario_12_ 1400 1600 0 0.05 GF_Model_IV
0.000474297918977496 1558.44434097979 4.14016176191269e-08 4.96729141369599e-10 no_error _Scenario_12_ 1400 1600 0 0.05 GF_Model_IV
0.00043647236050324 1532.82855734459 -1.01391423734399e-07 7.38149411219698e-10 no_error _Scenario_12_ 1400 1600 0 0.05 GF_Model_IV
0.000445357798407286 1559.98396375524 1.85187798498605e-07 4.09560339079373e-10 no_error _Scenario_12_ 1400 1600 0 0.05 GF_Model_IV
0.000426868535306188 1541.60377210732 -5.84972239444621e-08 4.77710871676887e-10 no_error _Scenario_12_ 1400 1600 0 0.05 GF_Model_IV
0.00042456924768906 1499.10223694553 -5.01798987342636e-08 6.10154053211487e-10 no_error _Scenario_12_ 1400 1600 0 0.05 GF_Model_IV
0.000464808634012504 1552.24073707794 -1.21739311234501e-07 3.88757441589997e-10 no_error _Scenario_12_ 1400 1600 0 0.05 GF_Model_IV
0.000454426461718632 1524.56690833027 2.71363051063333e-07 8.76168410509039e-10 no_error _Scenario_12_ 1400 1600 0 0.05 GF_Model_IV
0.000485984137729421 1563.74078873551 3.05907700132137e-07 8.2593431004748e-10 no_error _Scenario_12_ 1400 1600 0 0.05 GF_Model_IV
0.000438757690334416 1569.39847214545 6.36247956099228e-08 5.6920127473078e-10 no_error _Scenario_12_ 1400 1600 0 0.05 GF_Model_IV
0.000452216996463602 1558.68556844371 -3.82849439604737e-07 5.0938652032937e-10 no_error _Scenario_12_ 1400 1600 0 0.05 GF_Model_IV
0.000439390242129089 1497.57875704726 -1.77829353414988e-07 6.51844420139268e-10 no_error _Scenario_12_ 1400 1600 0 0.05 GF_Model_IV
0.000445435287124203 1559.72089638759 1.18354690499207e-07 6.06376638630584e-10 no_error _Scenario_12_ 1400 1600 0 0.05 GF_Model_IV
0.000487312260612541 1557.45871287207 3.45864001795027e-07 4.1632859867364e-10 no_error _Scenario_12_ 1400 1600 0 0.05 GF_Model_IV
0.000454472254271457 1541.09858921597 1.37196095125242e-07 6.40901079640055e-10 no_error _Scenario_12_ 1400 1600 0 0.05 GF_Model_IV
0.000417061236596029 1549.95836310684 -1.22181488502657e-07 6.85213884350625e-10 no_error _Scenario_12_ 1400 1600 0 0.05 GF_Model_IV
0.000451346723932646 1554.96807159388 -8.15313579248572e-08 4.41434564817896e-10 no_error _Scenario_12_ 1400 1600 0 0.05 GF_Model_IV
0.000445324797901658 1556.59164623635 4.74074259977562e-07 4.88811741059679e-10 no_error _Scenario_12_ 1400 1600 0 0.05 GF_Model_IV
0.00044373954782425 1499.41888143899 2.86610218431346e-07 5.47902043059627e-10 no_error _Scenario_12_ 1400 1600 0 0.05 GF_Model_IV
0.000468369876800327 1578.2105100308 9.88594621193775e-08 5.45878581558497e-10 no_error _Scenario_12_ 1400 1600 0 0.05 GF_Model_IV
0.000447717450220833 1588.43142039986 1.41931762818493e-07 4.97800879279179e-10 no_error _Scenario_12_ 1400 1600 0 0.05 GF_Model_IV
0.00043925120956419 1521.34973411533 1.24468133696956e-07 5.82301128582362e-10 no_error _Scenario_12_ 1400 1600 0 0.05 GF_Model_IV
0.0004223230125942 1540.37294983616 1.76657348709274e-07 5.54297776582989e-10 no_error _Scenario_12_ 1400 1600 0 0.05 GF_Model_IV
0.000450518269189689 1530.13868878244 -1.9102924687234e-07 4.33163040071125e-10 no_error _Scenario_12_ 1400 1600 0 0.05 GF_Model_IV
0.000474289430961459 1521.09946118148 5.34809018388264e-09 5.87363004352738e-10 no_error _Scenario_12_ 1400 1600 0 0.05 GF_Model_IV
0.000445307696477426 1530.56812915627 -1.16135132507419e-07 6.5554480841826e-10 no_error _Scenario_12_ 1400 1600 0 0.05 GF_Model_IV
0.000459640050420128 1501.77381629899 2.53097143633885e-07 7.00912985441776e-10 no_error _Scenario_12_ 1400 1600 0 0.05 GF_Model_IV
0.000432853033263081 1526.13435531962 -4.21980319083407e-08 8.9214258681346e-10 no_error _Scenario_12_ 1400 1600 0 0.05 GF_Model_IV
0.000433211616155615 1534.43649643019 1.49316517940658e-07 4.5421212597665e-10 no_error _Scenario_12_ 1400 1600 0 0.05 GF_Model_IV
0.000420359996078703 1544.28849247548 -1.53147262349255e-07 3.83060741442381e-10 no_error _Scenario_12_ 1400 1600 0 0.05 GF_Model_IV
0.000457285916032065 1555.37754104454 3.31210483143701e-07 6.04961663126398e-10 no_error _Scenario_12_ 1400 1600 0 0.05 GF_Model_IV
0.000461239029625258 1565.65555788946 2.37748545801074e-07 6.37721016106574e-10 no_error _Scenario_12_ 1400 1600 0 0.05 GF_Model_IV
0.000432230872600809 1574.48392966788 4.58004961221127e-07 5.80449700905356e-10 no_error _Scenario_12_ 1400 1600 0 0.05 GF_Model_IV
0.000414191990489847 1512.15453670927 2.44784603258631e-07 9.24102476635287e-10 no_error _Scenario_12_ 1400 1600 0 0.05 GF_Model_IV
0.000455833933104224 1521.60072857646 -8.21732732485055e-08 4.84623697350231e-10 no_error _Scenario_12_ 1400 1600 0 0.05 GF_Model_IV
0.000442330874821886 1527.48912231521 1.69694143425405e-07 5.09078472459585e-10 no_error _Scenario_12_ 1400 1600 0 0.05 GF_Model_IV
0.000427841002286447 1535.24025395083 2.57594065689582e-08 3.12205119528255e-10 no_error _Scenario_12_ 1400 1600 0 0.05 GF_Model_IV
0.000423985009855245 1504.43230468129 2.02042250735958e-08 5.48962380709502e-10 no_error _Scenario_12_ 1400 1600 0 0.05 GF_Model_IV
0.000457747889620895 1524.09503625433 2.81896865775945e-08 3.92839074440665e-10 no_error _Scenario_12_ 1400 1600 0 0.05 GF_Model_IV
0.000430188031544821 1538.33760984741 2.89557725539995e-07 6.33767728094657e-10 no_error _Scenario_12_ 1400 1600 0 0.05 GF_Model_IV
0.000417232833081404 1560.9966677703 1.62317014468196e-07 3.81137116399551e-10 no_error _Scenario_12_ 1400 1600 0 0.05 GF_Model_IV
0.000462863308446179 1507.44649616397 1.72779972148424e-07 7.38051462611434e-10 no_error _Scenario_12_ 1400 1600 0 0.05 GF_Model_IV
0.000432147378711842 1560.06280656913 3.08681384509692e-07 4.6603823547711e-10 no_error _Scenario_12_ 1400 1600 0 0.05 GF_Model_IV
0.000489195307649919 1554.24505038066 1.81459626464979e-07 5.4052211657521e-10 no_error _Scenario_12_ 1400 1600 0 0.05 GF_Model_IV
0.000424608792983672 1582.64280899363 2.10888777689453e-07 4.47370464011153e-10 no_error _Scenario_12_ 1400 1600 0 0.05 GF_Model_IV
0.000437241905852964 1533.88103914152 5.76961338412613e-08 4.74540074698041e-10 no_error _Scenario_12_ 1400 1600 0 0.05 GF_Model_IV
0.000406875080158157 1539.90234798641 2.12885179976039e-07 4.12490867897251e-10 no_error _Scenario_12_ 1400 1600 0 0.05 GF_Model_IV
0.000451680786086271 1584.64507083431 4.87312839537784e-08 9.79019237957343e-10 no_error _Scenario_12_ 1400 1600 0 0.05 GF_Model_IV
0.000464379788452696 1546.51999452454 1.67238006424884e-07 5.3048025865798e-10 no_error _Scenario_12_ 1400 1600 0 0.05 GF_Model_IV
0.000420997640595507 1519.57993986243 -1.53987500532558e-07 6.81806396589048e-10 no_error _Scenario_12_ 1400 1600 0 0.05 GF_Model_IV
0.00043312520539351 1523.3859598317 2.63261534499981e-07 3.96460229926671e-10 no_error _Scenario_12_ 1400 1600 0 0.05 GF_Model_IV
0.000446007045092776 1510.41054577593 1.57028218910419e-07 6.43998887784208e-10 no_error _Scenario_12_ 1400 1600 0 0.05 GF_Model_IV
0.000443213674976892 1526.53764889773 -1.93956349395114e-07 5.17091515078783e-10 no_error _Scenario_12_ 1400 1600 0 0.05 GF_Model_IV
0.000463316846898307 1572.89979835351 2.43911518768446e-07 4.46754759407906e-10 no_error _Scenario_12_ 1400 1600 0 0.05 GF_Model_IV
0.000474968737321323 1539.05903708737 2.90336426141059e-08 5.39674518086088e-10 no_error _Scenario_12_ 1400 1600 0 0.05 GF_Model_IV
0.000447565466687222 1530.71005411414 -1.25876795460381e-08 3.39444354350882e-10 no_error _Scenario_12_ 1400 1600 0 0.05 GF_Model_IV
0.000444536583239481 1563.33979237657 4.29840211362009e-07 8.61905918506931e-10 no_error _Scenario_12_ 1400 1600 0 0.05 GF_Model_IV
0.000438812162490408 1534.74320190844 -4.51408141638269e-08 5.99184841798448e-10 no_error _Scenario_12_ 1400 1600 0 0.05 GF_Model_IV
0.000452541557972273 1591.04075608307 1.89612226305636e-07 4.07504994940713e-10 no_error _Scenario_12_ 1400 1600 0 0.05 GF_Model_IV
0.000443758944932674 1497.96896437427 1.92853745057258e-07 1.27537404887985e-09 no_error _Scenario_12_ 1400 1600 0 0.05 GF_Model_IV
0.000442209859890191 1559.48239723799 3.18363443715401e-07 5.66349404865023e-10 no_error _Scenario_12_ 1400 1600 0 0.05 GF_Model_IV
0.000416041923067599 1542.84277202713 2.23404428063443e-08 5.9910438632957e-10 no_error _Scenario_12_ 1400 1600 0 0.05 GF_Model_IV
0.00045392027683559 1526.11906698409 -1.51396182102065e-07 4.63878409581289e-10 no_error _Scenario_12_ 1400 1600 0 0.05 GF_Model_IV
0.000430859781866482 1569.2787225132 3.6655730306167e-07 5.82774134540273e-10 no_error _Scenario_12_ 1400 1600 0 0.05 GF_Model_IV
0.000417709171237646 1530.45469952463 -1.69019955908879e-07 5.46881789630303e-10 no_error _Scenario_12_ 1400 1600 0 0.05 GF_Model_IV
0.00046183717239048 1563.08028613074 1.1301873964894e-07 7.15157695846919e-10 no_error _Scenario_12_ 1400 1600 0 0.05 GF_Model_IV
0.000422431145110854 1570.21050785936 2.84680156635478e-07 3.86455612309441e-10 no_error _Scenario_12_ 1400 1600 0 0.05 GF_Model_IV
0.000421277766815276 1503.50017134377 -2.08079091071506e-08 5.77319924425076e-10 no_error _Scenario_12_ 1400 1600 0 0.05 GF_Model_IV
0.00045345728735428 1543.37531660932 3.40736079874168e-07 4.60658875087847e-10 no_error _Scenario_12_ 1400 1600 0 0.05 GF_Model_IV
0.000447428670598276 1542.82884616874 4.6898777167303e-08 4.51333956727313e-10 no_error _Scenario_12_ 1400 1600 0 0.05 GF_Model_IV
0.000444937464368183 1548.98553770451 -9.06277000583434e-08 5.07621224344411e-10 no_error _Scenario_12_ 1400 1600 0 0.05 GF_Model_IV
0.000439279626963511 1547.92054844624 4.63643273380153e-07 5.84665543485798e-10 no_error _Scenario_12_ 1400 1600 0 0.05 GF_Model_IV
0.000431861398982207 1561.23260154228 -1.33682387311111e-07 3.93422757795218e-10 no_error _Scenario_12_ 1400 1600 0 0.05 GF_Model_IV
0.00042868221355023 1556.36249953707 1.7731057793964e-07 4.40305711561045e-10 no_error _Scenario_12_ 1400 1600 0 0.05 GF_Model_IV
0.000461791066920427 1497.58016163345 1.02749860282457e-07 7.38908555741086e-10 no_error _Scenario_12_ 1400 1600 0 0.05 GF_Model_IV
0.000426188103759782 1540.05107088416 1.90228131349611e-07 6.03813224356287e-10 no_error _Scenario_12_ 1400 1600 0 0.05 GF_Model_IV
0.000454835892264946 1549.15648337413 1.19698998956376e-07 6.14985580990557e-10 no_error _Scenario_12_ 1400 1600 0 0.05 GF_Model_IV
0.000434568577058675 1536.97013870719 1.0880700572503e-07 5.45341056837984e-10 no_error _Scenario_12_ 1400 1600 0 0.05 GF_Model_IV
0.000452760019072628 1525.34317618451 -2.88552562577209e-08 5.64794993263603e-10 no_error _Scenario_12_ 1400 1600 0 0.05 GF_Model_IV
0.000444998699070564 1534.98432720896 1.45663292095602e-07 5.99639377858433e-10 no_error _Scenario_12_ 1400 1600 0 0.05 GF_Model_IV
0.000419709571714129 1530.80495468417 -3.91563641767769e-08 7.84669599825131e-10 no_error _Scenario_12_ 1400 1600 0 0.05 GF_Model_IV
0.00041836649174567 1556.27761100297 3.88912731587656e-07 4.5702893585925e-10 no_error _Scenario_12_ 1400 1600 0 0.05 GF_Model_IV
0.000419280149732672 1550.53700523841 2.58528721168829e-07 4.53916732529333e-10 no_error _Scenario_12_ 1400 1600 0 0.05 GF_Model_IV
0.000464470774595467 1530.37362539953 7.05208679405566e-08 5.31574746529307e-10 no_error _Scenario_12_ 1400 1600 0 0.05 GF_Model_IV
0.000369992965821087 1519.32927857891 5.77266323752916e-08 5.67004700191144e-10 no_error _Scenario_12_ 1400 1600 0 0.05 GF_Model_IV
0.000436424880901329 1560.26493400769 1.50062152377388e-07 8.51346328272014e-10 no_error _Scenario_12_ 1400 1600 0 0.05 GF_Model_IV
0.000439690192004349 1550.50662670223 6.49649737437078e-08 7.00696784677394e-10 no_error _Scenario_12_ 1400 1600 0 0.05 GF_Model_IV
0.000425124118417594 1524.44107445129 1.18949981296838e-07 3.92638486313214e-10 no_error _Scenario_13_ 1300 1700 0 0.05 GF_Model_IV
0.000455460829145879 1559.5178726285 3.08310308555577e-07 4.38103527214121e-10 no_error _Scenario_13_ 1300 1700 0 0.05 GF_Model_IV
0.000441662951425633 1536.91787267309 1.70708193753852e-07 3.58502915929526e-10 no_error _Scenario_13_ 1300 1700 0 0.05 GF_Model_IV
0.000436423293267795 1492.90233135913 -3.62393154636123e-08 6.01181139684952e-10 no_error _Scenario_13_ 1300 1700 0 0.05 GF_Model_IV
0.000421049845796494 1545.73012018458 2.55106278501227e-07 8.32846435307434e-10 no_error _Scenario_13_ 1300 1700 0 0.05 GF_Model_IV
0.000430392413013757 1508.64850388778 2.61086172614433e-07 5.903061167007e-10 no_error _Scenario_13_ 1300 1700 0 0.05 GF_Model_IV
0.000428645264130151 1516.34533953723 7.9955236133021e-08 5.50337774581328e-10 no_error _Scenario_13_ 1300 1700 0 0.05 GF_Model_IV
0.0004493879292048 1536.14319471399 9.65337575052295e-08 5.86656894790065e-10 no_error _Scenario_13_ 1300 1700 0 0.05 GF_Model_IV
0.000430631400975251 1551.43479580806 2.52554594456979e-07 4.17345653359119e-10 no_error _Scenario_13_ 1300 1700 0 0.05 GF_Model_IV
0.000427810021770351 1515.42960585994 4.22190098671252e-08 4.68914290597636e-10 no_error _Scenario_13_ 1300 1700 0 0.05 GF_Model_IV
0.000425192536934231 1515.87888748025 -9.83392810269732e-08 4.61753354796566e-10 no_error _Scenario_13_ 1300 1700 0 0.05 GF_Model_IV
0.000395576787969503 1473.0372930887 1.09109377998038e-07 8.04552594778387e-10 no_error _Scenario_13_ 1300 1700 0 0.05 GF_Model_IV
0.000425748682815688 1553.97012772378 2.1147338900762e-07 6.1501485062298e-10 no_error _Scenario_13_ 1300 1700 0 0.05 GF_Model_IV
0.000443497791274861 1574.28635238909 -4.67734544063493e-09 4.46233573370932e-10 no_error _Scenario_13_ 1300 1700 0 0.05 GF_Model_IV
0.000434597003670239 1494.95001073786 -1.57521720891411e-07 4.99851211242808e-10 no_error _Scenario_13_ 1300 1700 0 0.05 GF_Model_IV
0.000424881729165963 1530.44824142363 1.49324337911566e-07 5.48391518315353e-10 no_error _Scenario_13_ 1300 1700 0 0.05 GF_Model_IV
0.000421534130214671 1525.45999940777 -1.56449412573966e-07 4.66280501482195e-10 no_error _Scenario_13_ 1300 1700 0 0.05 GF_Model_IV
0.000432246220646271 1545.18957825044 8.69304500685574e-08 4.04531137395792e-10 no_error _Scenario_13_ 1300 1700 0 0.05 GF_Model_IV
0.000414685868177372 1525.88670511591 1.26045573312754e-07 4.39116585054798e-10 no_error _Scenario_13_ 1300 1700 0 0.05 GF_Model_IV
0.000429702384668353 1543.03141647858 2.89456068786701e-07 4.61494646877157e-10 no_error _Scenario_13_ 1300 1700 0 0.05 GF_Model_IV
0.000415066888072869 1541.05837256999 -9.99210155344138e-08 5.74352827547248e-10 no_error _Scenario_13_ 1300 1700 0 0.05 GF_Model_IV
0.000435060684936134 1482.26135009647 -1.41759141914004e-07 5.94157248289159e-10 no_error _Scenario_13_ 1300 1700 0 0.05 GF_Model_IV
0.000428965757336952 1533.3056098877 1.83120603728684e-07 5.48621736640942e-10 no_error _Scenario_13_ 1300 1700 0 0.05 GF_Model_IV
0.000430850700922005 1521.43034107027 -2.01110272446273e-07 3.10762384708853e-10 no_error _Scenario_13_ 1300 1700 0 0.05 GF_Model_IV
0.000423010596779022 1556.673374386 1.93570689227713e-07 5.067913751244e-10 no_error _Scenario_13_ 1300 1700 0 0.05 GF_Model_IV
0.000411799935625001 1528.92508074843 2.34636391558542e-07 3.81215400584032e-10 no_error _Scenario_13_ 1300 1700 0 0.05 GF_Model_IV
0.000451911972143257 1544.13317500504 2.44309359060964e-07 4.58256499908608e-10 no_error _Scenario_13_ 1300 1700 0 0.05 GF_Model_IV
0.000435583074618067 1492.18586184184 3.26686863784996e-07 7.21773094009337e-10 no_error _Scenario_13_ 1300 1700 0 0.05 GF_Model_IV
0.00042016653507058 1493.95816352193 2.63148176522674e-07 7.16869968619656e-10 no_error _Scenario_13_ 1300 1700 0 0.05 GF_Model_IV
0.000453926097486771 1493.92930806881 1.25009358980486e-07 5.70852414740733e-10 no_error _Scenario_13_ 1300 1700 0 0.05 GF_Model_IV
0.000429876339305061 1532.35299083635 -8.57682020734328e-08 4.67678411527301e-10 no_error _Scenario_13_ 1300 1700 0 0.05 GF_Model_IV
0.000446341913986068 1547.09384625734 1.36660179880817e-07 5.42113525804691e-10 no_error _Scenario_13_ 1300 1700 0 0.05 GF_Model_IV
0.000429799757580612 1485.8373444948 5.58145387945213e-07 4.45837388230031e-10 no_error _Scenario_13_ 1300 1700 0 0.05 GF_Model_IV
0.000419407649276838 1515.22419964962 1.33635374480571e-07 5.03579865125163e-10 no_error _Scenario_13_ 1300 1700 0 0.05 GF_Model_IV
0.000450479393338586 1520.00328478041 -1.01163548861682e-08 4.76869138785021e-10 no_error _Scenario_13_ 1300 1700 0 0.05 GF_Model_IV
0.000429963489292419 1525.09221860074 -4.98821731146022e-08 4.7072574955559e-10 no_error _Scenario_13_ 1300 1700 0 0.05 GF_Model_IV
0.000458467150274329 1548.01598345743 1.77595657232374e-07 7.16221347979072e-10 no_error _Scenario_13_ 1300 1700 0 0.05 GF_Model_IV
0.000430730766888603 1537.54456601287 4.68592738997485e-07 5.99075785723992e-10 no_error _Scenario_13_ 1300 1700 0 0.05 GF_Model_IV
0.000450498622888215 1545.41048752612 3.37986358679364e-07 6.35666597428397e-10 no_error _Scenario_13_ 1300 1700 0 0.05 GF_Model_IV
0.000426296108831358 1525.38013142459 -8.81967158242026e-08 3.66923186009059e-10 no_error _Scenario_13_ 1300 1700 0 0.05 GF_Model_IV
0.000444364795212703 1554.2918578476 6.12914218220304e-08 5.3807761863421e-10 no_error _Scenario_13_ 1300 1700 0 0.05 GF_Model_IV
0.000446064973126568 1505.40760309182 -9.0122299420555e-09 6.38152416490748e-10 no_error _Scenario_13_ 1300 1700 0 0.05 GF_Model_IV
0.000407137376156882 1535.80491056861 1.68460931280008e-07 4.99575661636653e-10 no_error _Scenario_13_ 1300 1700 0 0.05 GF_Model_IV
0.00042620320678709 1518.13499944411 -1.67556321178438e-07 4.05299698365268e-10 no_error _Scenario_13_ 1300 1700 0 0.05 GF_Model_IV
0.00043441612032367 1527.27415864359 2.93157367881285e-07 8.15405486402726e-10 no_error _Scenario_13_ 1300 1700 0 0.05 GF_Model_IV
0.000424399499738912 1528.34816741831 9.54180313621782e-08 4.30137597154541e-10 no_error _Scenario_13_ 1300 1700 0 0.05 GF_Model_IV
0.000427058089939521 1541.58786884872 -7.91359113109132e-08 8.09381955485172e-10 no_error _Scenario_13_ 1300 1700 0 0.05 GF_Model_IV
0.000446462202363328 1552.53528571694 -2.31670095300328e-07 7.40909192696034e-10 no_error _Scenario_13_ 1300 1700 0 0.05 GF_Model_IV
0.00041288805967525 1531.6693671289 1.30764818255782e-07 5.80462662555374e-10 no_error _Scenario_13_ 1300 1700 0 0.05 GF_Model_IV
0.000451561458316456 1543.42208520463 3.71081287604373e-07 6.54983972153838e-10 no_error _Scenario_13_ 1300 1700 0 0.05 GF_Model_IV
0.000422186380365308 1527.34731865431 6.13196258813008e-08 5.17512201992957e-10 no_error _Scenario_13_ 1300 1700 0 0.05 GF_Model_IV
0.000457748056432561 1587.14366114535 3.43237320896874e-07 5.64116233429352e-10 no_error _Scenario_13_ 1300 1700 0 0.05 GF_Model_IV
0.000448696131357065 1537.70911644893 3.64596183886173e-07 6.61087398261434e-10 no_error _Scenario_13_ 1300 1700 0 0.05 GF_Model_IV
0.000412627434983799 1512.14059300103 2.78530824259125e-08 4.29908201583998e-10 no_error _Scenario_13_ 1300 1700 0 0.05 GF_Model_IV
0.000433241606170445 1537.15408653388 2.44448382048979e-07 5.74243258305875e-10 no_error _Scenario_13_ 1300 1700 0 0.05 GF_Model_IV
0.000453628727675665 1491.9254217325 6.00868869393856e-08 5.65305550884735e-10 no_error _Scenario_13_ 1300 1700 0 0.05 GF_Model_IV
0.000421779388425803 1521.27599453264 -5.38568038364076e-08 3.83045348760864e-10 no_error _Scenario_13_ 1300 1700 0 0.05 GF_Model_IV
0.000423424980055388 1557.54966172809 4.52825612004612e-08 4.41595519540239e-10 no_error _Scenario_13_ 1300 1700 0 0.05 GF_Model_IV
0.000429209432844455 1513.55242706011 5.6098449259675e-07 5.41825813426101e-10 no_error _Scenario_13_ 1300 1700 0 0.05 GF_Model_IV
0.000424995937055627 1537.73000619834 3.89938305332465e-07 4.31153925526694e-10 no_error _Scenario_13_ 1300 1700 0 0.05 GF_Model_IV
0.000428252676122537 1493.41652546167 1.66711242296574e-08 4.61772171215744e-10 no_error _Scenario_13_ 1300 1700 0 0.05 GF_Model_IV
0.000424741430629658 1527.58901321988 1.77031559953985e-07 5.38295897307145e-10 no_error _Scenario_13_ 1300 1700 0 0.05 GF_Model_IV
0.000434521971402976 1517.51931020274 -7.71635691134473e-08 7.2287326471439e-10 no_error _Scenario_13_ 1300 1700 0 0.05 GF_Model_IV
0.000441933544985123 1558.37979794078 4.68069540946829e-08 6.63998271740465e-10 no_error _Scenario_13_ 1300 1700 0 0.05 GF_Model_IV
0.000413790705094461 1490.94781494731 1.10252279076443e-07 3.70084945150943e-10 no_error _Scenario_13_ 1300 1700 0 0.05 GF_Model_IV
0.000427485880446603 1517.8367757595 -2.54949147834954e-07 4.17778658572503e-10 no_error _Scenario_13_ 1300 1700 0 0.05 GF_Model_IV
0.000419757360424914 1534.63484791066 2.56953588046676e-07 5.32380533779229e-10 no_error _Scenario_13_ 1300 1700 0 0.05 GF_Model_IV
0.000415042245650135 1571.72901969474 5.78959158097887e-08 3.63418646832239e-10 no_error _Scenario_13_ 1300 1700 0 0.05 GF_Model_IV
0.000436722500104469 1532.19208778832 -2.51670773954222e-07 4.87739958205411e-10 no_error _Scenario_13_ 1300 1700 0 0.05 GF_Model_IV
0.000415487476957858 1532.45574826859 1.98875318324422e-07 8.62673472436853e-10 no_error _Scenario_13_ 1300 1700 0 0.05 GF_Model_IV
0.000447474855353834 1524.50132399658 -1.86034449661698e-08 5.89907396663185e-10 no_error _Scenario_13_ 1300 1700 0 0.05 GF_Model_IV
0.000403650390592946 1499.49773072788 4.63798779813004e-07 5.04524341835118e-10 no_error _Scenario_13_ 1300 1700 0 0.05 GF_Model_IV
0.000448153030023243 1508.13723773697 5.01659437127908e-08 4.44592449731772e-10 no_error _Scenario_13_ 1300 1700 0 0.05 GF_Model_IV
0.000459395826994313 1545.16959341701 1.83984070040245e-07 4.47700780465877e-10 no_error _Scenario_13_ 1300 1700 0 0.05 GF_Model_IV
0.000434486739581509 1553.62268025916 7.36760826266709e-08 4.04628918507782e-10 no_error _Scenario_13_ 1300 1700 0 0.05 GF_Model_IV
0.000402093594401012 1511.90058568711 2.6585417544311e-08 5.02495342668277e-10 no_error _Scenario_13_ 1300 1700 0 0.05 GF_Model_IV
0.00041833692289419 1517.57816865417 2.29933655126593e-07 6.14882438108657e-10 no_error _Scenario_13_ 1300 1700 0 0.05 GF_Model_IV
0.000439733175429273 1534.55479287682 7.92836674675008e-08 4.90069606119917e-10 no_error _Scenario_13_ 1300 1700 0 0.05 GF_Model_IV
0.000414951040971704 1508.07786075655 1.26257239628168e-07 4.16787710408383e-10 no_error _Scenario_13_ 1300 1700 0 0.05 GF_Model_IV
0.00044233040198322 1569.17464521712 8.97462191467968e-08 5.21633757027571e-10 no_error _Scenario_13_ 1300 1700 0 0.05 GF_Model_IV
0.000460802480498878 1554.5776393077 1.42720430501889e-07 4.22915794679064e-10 no_error _Scenario_13_ 1300 1700 0 0.05 GF_Model_IV
0.000437987270635736 1541.9627511901 2.96920469010578e-07 4.65803645229713e-10 no_error _Scenario_13_ 1300 1700 0 0.05 GF_Model_IV
0.000451750750138038 1503.41492542229 8.42233916850112e-08 5.90686922065597e-10 no_error _Scenario_13_ 1300 1700 0 0.05 GF_Model_IV
0.000451019748046895 1546.78469872706 2.94139023697241e-07 3.53960134089757e-10 no_error _Scenario_13_ 1300 1700 0 0.05 GF_Model_IV
0.000459129898391907 1520.23385272066 -8.53178439087346e-08 4.8694171542073e-10 no_error _Scenario_13_ 1300 1700 0 0.05 GF_Model_IV
0.000437533523276161 1533.01912109182 6.52843039191275e-08 6.1060458189243e-10 no_error _Scenario_13_ 1300 1700 0 0.05 GF_Model_IV
0.000427541237568524 1519.48431742404 5.44784644747932e-07 5.22705866766115e-10 no_error _Scenario_13_ 1300 1700 0 0.05 GF_Model_IV
0.000405026085718864 1503.10552000377 3.85288254953556e-07 7.05214454375315e-10 no_error _Scenario_13_ 1300 1700 0 0.05 GF_Model_IV
0.000433852788257164 1498.60258957708 -2.0807802115591e-08 4.92333718420385e-10 no_error _Scenario_13_ 1300 1700 0 0.05 GF_Model_IV
0.000423391505049323 1537.80767403435 2.25685000913802e-07 6.70901836471689e-10 no_error _Scenario_13_ 1300 1700 0 0.05 GF_Model_IV
0.000439651181755626 1555.74041391241 3.16074575674884e-07 3.87646122698357e-10 no_error _Scenario_13_ 1300 1700 0 0.05 GF_Model_IV
0.000447750858670156 1581.16842089394 2.00859796170158e-07 3.6224035022181e-10 no_error _Scenario_13_ 1300 1700 0 0.05 GF_Model_IV
0.000435208218845536 1560.13993515663 4.39989146863426e-07 5.18270872354479e-10 no_error _Scenario_13_ 1300 1700 0 0.05 GF_Model_IV
0.000445864720156895 1532.44698905717 2.28003231668257e-08 4.26248622186587e-10 no_error _Scenario_13_ 1300 1700 0 0.05 GF_Model_IV
0.000438900309246482 1502.0889825592 2.88900857412318e-07 5.89510900124586e-10 no_error _Scenario_13_ 1300 1700 0 0.05 GF_Model_IV
0.000457239213166337 1560.39197891851 4.13195939417525e-08 4.93646180943052e-10 no_error _Scenario_13_ 1300 1700 0 0.05 GF_Model_IV
0.000434220270103849 1570.78083813545 2.45224205870891e-07 5.15161189213152e-10 no_error _Scenario_13_ 1300 1700 0 0.05 GF_Model_IV
0.000422617307154918 1520.62249883718 1.19012937234197e-07 6.76824963090497e-10 no_error _Scenario_13_ 1300 1700 0 0.05 GF_Model_IV
0.000442500302465921 1522.34919616848 8.42985079276879e-08 6.25455123113707e-10 no_error _Scenario_13_ 1300 1700 0 0.05 GF_Model_IV
0.000433513358328476 1525.79619941778 1.60389372511708e-07 6.37337849569971e-10 no_error _Scenario_13_ 1300 1700 0 0.05 GF_Model_IV
0.000411182850706873 1477.98198830655 -3.60172267181941e-08 5.90154588195058e-10 no_error _Scenario_14_ 1100 1900 0 0.05 GF_Model_IV
0.000417803466863853 1512.85475344812 -8.39364848419353e-08 6.21211377792502e-10 no_error _Scenario_14_ 1100 1900 0 0.05 GF_Model_IV
0.000384496671763778 1498.91992401347 5.23281070258668e-07 4.79949895825137e-10 no_error _Scenario_14_ 1100 1900 0 0.05 GF_Model_IV
0.000448294606361055 1548.9923035438 2.42030684785007e-07 4.33963867461612e-10 no_error _Scenario_14_ 1100 1900 0 0.05 GF_Model_IV
0.000400779090910065 1502.55296069299 1.77586947372801e-07 7.63874955447375e-10 no_error _Scenario_14_ 1100 1900 0 0.05 GF_Model_IV
0.000416704760807699 1499.92582802226 2.49057078714798e-07 4.74969559725877e-10 no_error _Scenario_14_ 1100 1900 0 0.05 GF_Model_IV
0.000423462501614351 1508.6620306251 -2.73955774135938e-07 3.93134327972186e-10 no_error _Scenario_14_ 1100 1900 0 0.05 GF_Model_IV
0.000450741688591044 1483.68601163719 5.7909880124151e-08 8.01842772515577e-10 no_error _Scenario_14_ 1100 1900 0 0.05 GF_Model_IV
0.000430257661145118 1468.4807414829 2.21087450361081e-07 6.53303566860002e-10 no_error _Scenario_14_ 1100 1900 0 0.05 GF_Model_IV
0.000423746719763096 1532.88904510723 6.09219459454105e-07 7.62072347885374e-10 no_error _Scenario_14_ 1100 1900 0 0.05 GF_Model_IV
0.000404639314786541 1511.38529010256 1.17391342624912e-07 4.1106691007957e-10 no_error _Scenario_14_ 1100 1900 0 0.05 GF_Model_IV
0.000439438219915733 1515.20667308592 2.20011376237013e-07 4.33284206489195e-10 no_error _Scenario_14_ 1100 1900 0 0.05 GF_Model_IV
0.000451909407563639 1501.71895344764 2.41479417367589e-07 1.07827691016444e-09 no_error _Scenario_14_ 1100 1900 0 0.05 GF_Model_IV
0.000414991032957919 1485.83332745642 9.67448887390967e-08 7.19195457939736e-10 no_error _Scenario_14_ 1100 1900 0 0.05 GF_Model_IV
0.000424237608861581 1527.9777451449 4.46305209636537e-07 3.51830007003989e-10 no_error _Scenario_14_ 1100 1900 0 0.05 GF_Model_IV
0.000417337577670974 1528.4453550856 2.93390091869446e-07 4.32864389475633e-10 no_error _Scenario_14_ 1100 1900 0 0.05 GF_Model_IV
0.000432563063345462 1503.4849263461 1.63915153113783e-07 3.58911425477739e-10 no_error _Scenario_14_ 1100 1900 0 0.05 GF_Model_IV
0.000440199239721366 1536.82196026946 -1.09799597055774e-08 4.68916238547566e-10 no_error _Scenario_14_ 1100 1900 0 0.05 GF_Model_IV
0.000418186513354013 1448.30263385882 -2.18147250530729e-08 4.63910101325002e-10 no_error _Scenario_14_ 1100 1900 0 0.05 GF_Model_IV
0.000421372298619628 1518.43058626796 1.12197123949916e-07 6.37428839309681e-10 no_error _Scenario_14_ 1100 1900 0 0.05 GF_Model_IV
0.000402395491576407 1486.99539519955 3.62380209116428e-07 4.92416310772056e-10 no_error _Scenario_14_ 1100 1900 0 0.05 GF_Model_IV
0.000403744308456582 1466.78255710504 4.51076952776707e-08 4.3618995071848e-10 no_error _Scenario_14_ 1100 1900 0 0.05 GF_Model_IV
0.000384659501727323 1505.13671844671 8.69066492225676e-08 4.28276956282064e-10 no_error _Scenario_14_ 1100 1900 0 0.05 GF_Model_IV
0.00041961973203733 1506.45348853869 3.10141550960935e-07 4.39907360288612e-10 no_error _Scenario_14_ 1100 1900 0 0.05 GF_Model_IV
0.000413797299084499 1513.76279958454 1.32568030381827e-07 4.79884242805047e-10 no_error _Scenario_14_ 1100 1900 0 0.05 GF_Model_IV
0.000391821766099632 1478.41202859915 3.87451818087627e-07 5.65097664432044e-10 no_error _Scenario_14_ 1100 1900 0 0.05 GF_Model_IV
0.000425114013224358 1516.69936267767 2.38010981864734e-08 4.86150544736482e-10 no_error _Scenario_14_ 1100 1900 0 0.05 GF_Model_IV
0.000405665459062769 1480.58086655815 3.96932882789709e-07 7.75099461776009e-10 no_error _Scenario_14_ 1100 1900 0 0.05 GF_Model_IV
0.00043141072763612 1470.79005085008 1.64896933749658e-07 8.55116000344055e-10 no_error _Scenario_14_ 1100 1900 0 0.05 GF_Model_IV
0.000432074590177228 1525.51003263707 1.43803044371891e-07 3.37831967656855e-10 no_error _Scenario_14_ 1100 1900 0 0.05 GF_Model_IV
0.000422284620554451 1531.486357013 1.39935039302905e-07 5.24894971053544e-10 no_error _Scenario_14_ 1100 1900 0 0.05 GF_Model_IV
0.000429979741938506 1490.41691665138 2.54816666654463e-07 4.41245803186803e-10 no_error _Scenario_14_ 1100 1900 0 0.05 GF_Model_IV
0.000388804738486079 1511.10799084944 5.21716429852915e-08 5.03500587883926e-10 no_error _Scenario_14_ 1100 1900 0 0.05 GF_Model_IV
0.000392745417274804 1493.73787221724 -6.94636465395176e-08 8.24612510903616e-10 no_error _Scenario_14_ 1100 1900 0 0.05 GF_Model_IV
0.000424319999130246 1478.06456568603 1.84470870901493e-07 1.09858743967817e-09 no_error _Scenario_14_ 1100 1900 0 0.05 GF_Model_IV
0.000435833142224306 1478.53546380394 2.01229266003092e-07 5.89885731010963e-10 no_error _Scenario_14_ 1100 1900 0 0.05 GF_Model_IV
0.000418751474067288 1540.08386715482 -1.20255480347557e-07 4.05503738044159e-10 no_error _Scenario_14_ 1100 1900 0 0.05 GF_Model_IV
0.000412574940409676 1457.16685660631 -4.00028646222398e-08 4.87189627897289e-10 no_error _Scenario_14_ 1100 1900 0 0.05 GF_Model_IV
0.000421663049583304 1502.70561702719 4.97295152160574e-07 5.63369963488449e-10 no_error _Scenario_14_ 1100 1900 0 0.05 GF_Model_IV
0.000420917016518941 1508.26871219643 2.44458836716072e-07 6.03170862260067e-10 no_error _Scenario_14_ 1100 1900 0 0.05 GF_Model_IV
0.000407527535286315 1451.77764733767 -5.36277113639473e-08 5.25590583453562e-10 no_error _Scenario_14_ 1100 1900 0 0.05 GF_Model_IV
0.000395768053193298 1478.63690408416 9.1774816139806e-08 5.68432572241889e-10 no_error _Scenario_14_ 1100 1900 0 0.05 GF_Model_IV
0.000426958586720749 1477.83202100845 2.2382451258849e-07 5.81215995260975e-10 no_error _Scenario_14_ 1100 1900 0 0.05 GF_Model_IV
0.000416479922528019 1456.78051184794 2.2915013690724e-07 7.70316341540681e-10 no_error _Scenario_14_ 1100 1900 0 0.05 GF_Model_IV
0.000394037690270376 1431.12843067231 3.17410997516735e-07 5.77768894460243e-10 no_error _Scenario_14_ 1100 1900 0 0.05 GF_Model_IV
0.00041326760213247 1479.5167035213 -2.15542891323393e-07 8.45717207851781e-10 no_error _Scenario_14_ 1100 1900 0 0.05 GF_Model_IV
0.000438396070911875 1494.59910311369 3.69273281942716e-07 5.459573879098e-10 no_error _Scenario_14_ 1100 1900 0 0.05 GF_Model_IV
0.000400313840306612 1491.46442158505 -2.80271973163109e-08 3.97404198483753e-10 no_error _Scenario_14_ 1100 1900 0 0.05 GF_Model_IV
0.000408939764337126 1465.52207887852 1.2210317984859e-07 5.31208227313476e-10 no_error _Scenario_14_ 1100 1900 0 0.05 GF_Model_IV
0.000410715017175294 1465.97680583763 -4.66963281364608e-08 7.65525392255527e-10 no_error _Scenario_14_ 1100 1900 0 0.05 GF_Model_IV
0.000387126764720236 1490.26556211089 4.40598180263789e-07 4.2903040309005e-10 no_error _Scenario_14_ 1100 1900 0 0.05 GF_Model_IV
0.000428626442953674 1476.39132900486 1.87780465912245e-07 4.08712430850732e-10 no_error _Scenario_14_ 1100 1900 0 0.05 GF_Model_IV
0.000423095252981824 1509.99125010779 8.90062504883686e-08 4.63806728535683e-10 no_error _Scenario_14_ 1100 1900 0 0.05 GF_Model_IV
0.00042905191905647 1484.84527963084 -1.62128677215902e-07 5.53242257725736e-10 no_error _Scenario_14_ 1100 1900 0 0.05 GF_Model_IV
0.000442870635265231 1522.50737285264 4.00289864478004e-07 4.49393272438516e-10 no_error _Scenario_14_ 1100 1900 0 0.05 GF_Model_IV
0.000421003327823278 1494.2205533713 -2.56240397753071e-07 5.07104487428983e-10 no_error _Scenario_14_ 1100 1900 0 0.05 GF_Model_IV
0.000400472048094401 1512.07304379025 1.15483029901546e-07 6.02272201517195e-10 no_error _Scenario_14_ 1100 1900 0 0.05 GF_Model_IV
0.000439119301790289 1499.44097208165 1.60578833367367e-07 5.47587698476631e-10 no_error _Scenario_14_ 1100 1900 0 0.05 GF_Model_IV
0.000407882700637978 1486.36390622688 7.1070575517971e-08 7.54562429261311e-10 no_error _Scenario_14_ 1100 1900 0 0.05 GF_Model_IV
0.000430183812484556 1480.79022027293 6.7425505303937e-08 7.32024344930942e-10 no_error _Scenario_14_ 1100 1900 0 0.05 GF_Model_IV
0.000423386522090078 1517.6448813216 1.10341460572592e-07 7.90254647685284e-10 no_error _Scenario_14_ 1100 1900 0 0.05 GF_Model_IV
0.000449867351910952 1513.69062514196 4.44896831213848e-07 4.75822195798283e-10 no_error _Scenario_14_ 1100 1900 0 0.05 GF_Model_IV
0.000395149129048375 1484.37586010335 2.00333829625069e-07 8.0724535293407e-10 no_error _Scenario_14_ 1100 1900 0 0.05 GF_Model_IV
0.000447346841520156 1499.89093408953 2.86231530484474e-07 6.11667349667676e-10 no_error _Scenario_14_ 1100 1900 0 0.05 GF_Model_IV
0.000419329106020376 1501.52202950805 3.78046265185441e-07 4.75917454346899e-10 no_error _Scenario_14_ 1100 1900 0 0.05 GF_Model_IV
0.000419154184192709 1480.00955863462 1.72806043550004e-07 5.54408731534666e-10 no_error _Scenario_14_ 1100 1900 0 0.05 GF_Model_IV
0.000429830891990435 1513.01144605874 -7.0822525200615e-08 5.388163271671e-10 no_error _Scenario_14_ 1100 1900 0 0.05 GF_Model_IV
0.000410016360602795 1437.18727318286 1.61814759620682e-07 7.03430288263388e-10 no_error _Scenario_14_ 1100 1900 0 0.05 GF_Model_IV
0.000408935270809257 1514.98372564372 1.64007477224516e-07 4.34550187358215e-10 no_error _Scenario_14_ 1100 1900 0 0.05 GF_Model_IV
0.00043464448737904 1505.31336984086 3.83484019675295e-07 4.26849991246068e-10 no_error _Scenario_14_ 1100 1900 0 0.05 GF_Model_IV
0.000388481722213757 1447.00884521593 7.62139313717626e-08 5.90965058500211e-10 no_error _Scenario_14_ 1100 1900 0 0.05 GF_Model_IV
0.000414212179454505 1502.27940171341 2.58184194727946e-07 4.34271005317507e-10 no_error _Scenario_14_ 1100 1900 0 0.05 GF_Model_IV
0.000412684817048696 1460.32980190207 -7.33639359645689e-08 5.83673775140924e-10 no_error _Scenario_14_ 1100 1900 0 0.05 GF_Model_IV
0.000412820000318264 1448.54636530671 2.82026760649248e-08 4.65612737844825e-10 no_error _Scenario_14_ 1100 1900 0 0.05 GF_Model_IV
0.000411617956772799 1483.77284113135 -8.69106154257718e-08 5.12239437962594e-10 no_error _Scenario_14_ 1100 1900 0 0.05 GF_Model_IV
0.000425886888957256 1518.70082854518 5.03371236537686e-07 6.14181348785189e-10 no_error _Scenario_14_ 1100 1900 0 0.05 GF_Model_IV
0.000426084094204511 1509.90591581289 1.39787895204004e-07 4.1008763582064e-10 no_error _Scenario_14_ 1100 1900 0 0.05 GF_Model_IV
0.000416027457683859 1476.33818260531 3.67073876983286e-08 7.30662296512205e-10 no_error _Scenario_14_ 1100 1900 0 0.05 GF_Model_IV
0.00040355302030215 1526.45054117438 -3.15885963328133e-08 4.29682567214434e-10 no_error _Scenario_14_ 1100 1900 0 0.05 GF_Model_IV
0.000427405953370627 1465.03148170733 4.11875484986706e-07 5.8473651407958e-10 no_error _Scenario_14_ 1100 1900 0 0.05 GF_Model_IV
0.000405030055241733 1480.0880282266 1.52993430094282e-07 5.00869115628857e-10 no_error _Scenario_14_ 1100 1900 0 0.05 GF_Model_IV
0.00043793346259763 1458.41272888073 2.92905953772831e-08 9.17267319573059e-10 no_error _Scenario_14_ 1100 1900 0 0.05 GF_Model_IV
0.00042963476196518 1510.27888654175 9.68938769540036e-09 4.28942621864449e-10 no_error _Scenario_14_ 1100 1900 0 0.05 GF_Model_IV
0.000424147250475962 1491.68883641207 -2.69616993361801e-08 5.53139177933878e-10 no_error _Scenario_14_ 1100 1900 0 0.05 GF_Model_IV
0.000420138973513265 1524.64748929097 3.5311110609076e-07 7.44770329609565e-10 no_error _Scenario_14_ 1100 1900 0 0.05 GF_Model_IV
0.000407886961852563 1517.02805235362 1.11502770120681e-07 5.95241098442572e-10 no_error _Scenario_14_ 1100 1900 0 0.05 GF_Model_IV
0.000434296214116476 1512.15072914776 3.23253715262482e-07 6.96261620119288e-10 no_error _Scenario_14_ 1100 1900 0 0.05 GF_Model_IV
0.000439002225319436 1535.52281341438 4.28093833895887e-07 4.74143030163992e-10 no_error _Scenario_14_ 1100 1900 0 0.05 GF_Model_IV
0.000408127809209113 1506.14058928894 -2.62733398990609e-07 6.15811999695834e-10 no_error _Scenario_14_ 1100 1900 0 0.05 GF_Model_IV
0.000410476169786392 1515.34895759818 3.76849789495792e-07 4.70693993898917e-10 no_error _Scenario_14_ 1100 1900 0 0.05 GF_Model_IV
0.000436657876562734 1474.976033295 2.03645096994823e-07 7.41262021186046e-10 no_error _Scenario_14_ 1100 1900 0 0.05 GF_Model_IV
0.000441446465588098 1501.80926489109 -4.27999368745172e-08 4.55916536125458e-10 no_error _Scenario_14_ 1100 1900 0 0.05 GF_Model_IV
0.000389848478025335 1493.58957861871 1.23717941850259e-07 6.9716669616288e-10 no_error _Scenario_14_ 1100 1900 0 0.05 GF_Model_IV
0.000427942974269147 1469.53740922672 -2.08851725644703e-07 6.85611374057409e-10 no_error _Scenario_14_ 1100 1900 0 0.05 GF_Model_IV
0.000412643263773502 1518.47144741805 -1.98637081934248e-08 4.42894044232446e-10 no_error _Scenario_14_ 1100 1900 0 0.05 GF_Model_IV
0.000411312334581275 1482.33137528211 -3.0075995190495e-07 4.64815764707944e-10 no_error _Scenario_14_ 1100 1900 0 0.05 GF_Model_IV
0.00040847869547554 1497.35293663458 -8.31739510940891e-08 4.3792875278145e-10 no_error _Scenario_14_ 1100 1900 0 0.05 GF_Model_IV
0.000402619612397139 1475.47339788641 1.6896837709545e-07 5.01519255261176e-10 no_error _Scenario_14_ 1100 1900 0 0.05 GF_Model_IV
0.000442928332415859 1506.74045336371 -1.37083469022873e-08 8.57849250351239e-10 no_error _Scenario_14_ 1100 1900 0 0.05 GF_Model_IV
0.000412575595382635 1524.80418416362 -3.84350417861109e-08 5.78764912804859e-10 no_error _Scenario_14_ 1100 1900 0 0.05 GF_Model_IV
0.000388059479100047 1466.33469020689 1.5139737045594e-07 8.67409094470966e-10 no_error _Scenario_15_ 1000 2000 0 0.05 GF_Model_IV
0.00040186317986683 1432.97367253268 -2.05323405320263e-07 8.27894203655699e-10 no_error _Scenario_15_ 1000 2000 0 0.05 GF_Model_IV
0.000416853040489785 1465.62391960811 2.64234202581585e-07 8.85893046438055e-10 no_error _Scenario_15_ 1000 2000 0 0.05 GF_Model_IV
0.000417848724023082 1499.35522149097 3.62451666867923e-07 6.23992580816849e-10 no_error _Scenario_15_ 1000 2000 0 0.05 GF_Model_IV
0.000397048708082851 1451.29685978542 1.93221338292968e-07 5.72602719051472e-10 no_error _Scenario_15_ 1000 2000 0 0.05 GF_Model_IV
0.000431599624822603 1499.5468334862 2.15969092113935e-07 6.36318485742959e-10 no_error _Scenario_15_ 1000 2000 0 0.05 GF_Model_IV
0.000409749189491711 1470.93136030729 -1.51753329657595e-08 4.73581086349026e-10 no_error _Scenario_15_ 1000 2000 0 0.05 GF_Model_IV
0.000429620509233722 1473.81401714777 2.52405067039778e-07 6.7211245610699e-10 no_error _Scenario_15_ 1000 2000 0 0.05 GF_Model_IV
0.000411789901302062 1457.56900417647 2.5120030825325e-08 5.61826711217301e-10 no_error _Scenario_15_ 1000 2000 0 0.05 GF_Model_IV
0.000405549984910549 1435.24992025847 2.39042417658755e-07 7.65429378125031e-10 no_error _Scenario_15_ 1000 2000 0 0.05 GF_Model_IV
0.000434085756838897 1469.61877766599 -9.59391127720745e-09 6.08429575102148e-10 no_error _Scenario_15_ 1000 2000 0 0.05 GF_Model_IV
0.000444531641791995 1443.41179189837 2.97031970283971e-07 5.7701801037931e-10 no_error _Scenario_15_ 1000 2000 0 0.05 GF_Model_IV
0.000413217640242984 1479.626581205 5.00895632926084e-07 5.29946987760262e-10 no_error _Scenario_15_ 1000 2000 0 0.05 GF_Model_IV
0.000429019446660276 1475.08823974031 2.62318757560703e-07 5.86803356519707e-10 no_error _Scenario_15_ 1000 2000 0 0.05 GF_Model_IV
0.000398451258890775 1444.22515429648 1.06121719385392e-08 5.60684307683179e-10 no_error _Scenario_15_ 1000 2000 0 0.05 GF_Model_IV
0.00042512166710735 1510.67938342482 4.81489448421348e-07 5.06630026209823e-10 no_error _Scenario_15_ 1000 2000 0 0.05 GF_Model_IV
0.00043788253465642 1450.75395259517 4.79203206817641e-07 9.64494073600312e-10 no_error _Scenario_15_ 1000 2000 0 0.05 GF_Model_IV
0.000413386405162271 1466.27604014418 8.62653875839113e-08 8.96199983546781e-10 no_error _Scenario_15_ 1000 2000 0 0.05 GF_Model_IV
0.000396641538121661 1463.7579326858 3.05906221608376e-08 5.32928272693659e-10 no_error _Scenario_15_ 1000 2000 0 0.05 GF_Model_IV
0.000406955658579007 1456.24647925527 1.21573319022707e-07 4.4804637212704e-10 no_error _Scenario_15_ 1000 2000 0 0.05 GF_Model_IV
0.000439879956935427 1464.34409520425 1.08026008213509e-07 7.2898137655465e-10 no_error _Scenario_15_ 1000 2000 0 0.05 GF_Model_IV
0.00043052179991048 1458.58173727935 2.04113580488905e-07 5.25853645772641e-10 no_error _Scenario_15_ 1000 2000 0 0.05 GF_Model_IV
0.000440727074864556 1462.28398474401 2.95241364787018e-07 5.6603715901012e-10 no_error _Scenario_15_ 1000 2000 0 0.05 GF_Model_IV
0.000405873342634786 1447.53211431486 7.59589977943646e-08 6.78578330544905e-10 no_error _Scenario_15_ 1000 2000 0 0.05 GF_Model_IV
0.000396291258915919 1482.70632922118 3.01153695884535e-07 4.50718734789546e-10 no_error _Scenario_15_ 1000 2000 0 0.05 GF_Model_IV
0.000418909327732635 1511.70908967116 5.50158420063594e-07 7.19656076960779e-10 no_error _Scenario_15_ 1000 2000 0 0.05 GF_Model_IV
0.000422678673185915 1480.96410490395 -1.23272349572507e-07 9.07000873430308e-10 no_error _Scenario_15_ 1000 2000 0 0.05 GF_Model_IV
0.000429058112248731 1443.18328787545 1.17157604950977e-07 4.12005574718677e-10 no_error _Scenario_15_ 1000 2000 0 0.05 GF_Model_IV
0.000421090835078809 1475.38289003477 8.36237758967912e-08 7.8939684383639e-10 no_error _Scenario_15_ 1000 2000 0 0.05 GF_Model_IV
0.000427276596406681 1484.68687153962 4.47698936740005e-07 5.32153447783549e-10 no_error _Scenario_15_ 1000 2000 0 0.05 GF_Model_IV
0.00041906866050511 1481.06259604092 2.20133324661454e-07 7.51769698930408e-10 no_error _Scenario_15_ 1000 2000 0 0.05 GF_Model_IV
0.00042672203692291 1506.59473721417 2.58834813116915e-07 4.38254055092525e-10 no_error _Scenario_15_ 1000 2000 0 0.05 GF_Model_IV
0.000404164326427963 1458.21086364914 -1.44183346463176e-07 6.96215446396582e-10 no_error _Scenario_15_ 1000 2000 0 0.05 GF_Model_IV
0.000449660093379653 1500.31719830342 2.12391801366641e-07 4.99006824364994e-10 no_error _Scenario_15_ 1000 2000 0 0.05 GF_Model_IV
0.000427953630099505 1453.17850391167 2.17922615146639e-07 7.65662232891254e-10 no_error _Scenario_15_ 1000 2000 0 0.05 GF_Model_IV
0.000432571170422196 1487.75544321086 9.00656879739366e-08 5.98140170946336e-10 no_error _Scenario_15_ 1000 2000 0 0.05 GF_Model_IV
0.000406328819223057 1442.42384189226 4.33354302490386e-07 7.77147150662355e-10 no_error _Scenario_15_ 1000 2000 0 0.05 GF_Model_IV
0.000416991926221629 1470.53030009232 -1.40586004056287e-07 6.03022927736759e-10 no_error _Scenario_15_ 1000 2000 0 0.05 GF_Model_IV
0.000424486298425191 1453.18065178539 1.20312402572962e-07 7.49111744647202e-10 no_error _Scenario_15_ 1000 2000 0 0.05 GF_Model_IV
0.000436678752218312 1441.1310618698 4.40965084740121e-09 7.66004148025917e-10 no_error _Scenario_15_ 1000 2000 0 0.05 GF_Model_IV
0.000397778482835104 1465.1818228319 1.57054969597298e-07 3.72560706222849e-10 no_error _Scenario_15_ 1000 2000 0 0.05 GF_Model_IV
0.000442512770322632 1491.64776600194 6.19831926680512e-07 7.96309084791546e-10 no_error _Scenario_15_ 1000 2000 0 0.05 GF_Model_IV
0.00042432071039262 1461.89178469998 1.73614139546116e-07 5.14606266887202e-10 no_error _Scenario_15_ 1000 2000 0 0.05 GF_Model_IV
0.000430535756931232 1460.28233271867 5.25920310934784e-08 7.04275883414224e-10 no_error _Scenario_15_ 1000 2000 0 0.05 GF_Model_IV
0.000428045618431837 1440.81327055672 8.91545699740948e-08 7.55315167442973e-10 no_error _Scenario_15_ 1000 2000 0 0.05 GF_Model_IV
0.000435578977070802 1426.77881214331 3.19446258437942e-07 7.17906900509689e-10 no_error _Scenario_15_ 1000 2000 0 0.05 GF_Model_IV
0.000415303289987243 1482.53944989949 -1.39216607637314e-07 8.52086994279089e-10 no_error _Scenario_15_ 1000 2000 0 0.05 GF_Model_IV
0.000395615339504388 1452.21018313359 1.38775735156989e-07 4.55116746153656e-10 no_error _Scenario_15_ 1000 2000 0 0.05 GF_Model_IV
0.000427173855183199 1477.05693261177 5.54689640049273e-07 7.2315529986585e-10 no_error _Scenario_15_ 1000 2000 0 0.05 GF_Model_IV
0.000429844854970733 1482.35458849482 4.29939454492431e-07 8.31621824665654e-10 no_error _Scenario_15_ 1000 2000 0 0.05 GF_Model_IV
0.00040028799352166 1424.53427834929 2.91358932011597e-07 6.54243934550795e-10 no_error _Scenario_15_ 1000 2000 0 0.05 GF_Model_IV
0.000415202272806084 1399.99777632021 -3.53002198905771e-09 5.8957941002259e-10 no_error _Scenario_15_ 1000 2000 0 0.05 GF_Model_IV
0.00039024507488689 1435.81192096196 1.70836524652536e-07 7.38660272625458e-10 no_error _Scenario_15_ 1000 2000 0 0.05 GF_Model_IV
0.000396078779976723 1424.0730140312 1.43327002984281e-07 5.12436397461188e-10 no_error _Scenario_15_ 1000 2000 0 0.05 GF_Model_IV
0.000411850831793198 1461.58256456985 2.77371618214817e-07 6.30096415430637e-10 no_error _Scenario_15_ 1000 2000 0 0.05 GF_Model_IV
0.000403103532727628 1459.21101841613 2.01552915221799e-07 7.40491164467326e-10 no_error _Scenario_15_ 1000 2000 0 0.05 GF_Model_IV
0.000428436198424622 1429.27131804058 2.35628192375738e-08 4.20517179365647e-10 no_error _Scenario_15_ 1000 2000 0 0.05 GF_Model_IV
0.000430287380082523 1462.97140551204 2.28915186732878e-07 5.19931085641712e-10 no_error _Scenario_15_ 1000 2000 0 0.05 GF_Model_IV
0.000406961063517389 1466.36626786765 2.12896087580036e-07 5.71358128790673e-10 no_error _Scenario_15_ 1000 2000 0 0.05 GF_Model_IV
0.000410262378198995 1461.57092695282 1.99211077338018e-07 4.21133232725502e-10 no_error _Scenario_15_ 1000 2000 0 0.05 GF_Model_IV
0.000409617149302375 1430.2924480671 5.00043531536822e-08 4.38022802761241e-10 no_error _Scenario_15_ 1000 2000 0 0.05 GF_Model_IV
0.000420643926983168 1489.98682402663 2.50079001399205e-07 7.68013790722339e-10 no_error _Scenario_15_ 1000 2000 0 0.05 GF_Model_IV
0.000436314299638325 1500.78204073118 7.54585471571492e-08 4.45973079802399e-10 no_error _Scenario_15_ 1000 2000 0 0.05 GF_Model_IV
0.000399943866975972 1469.08586861531 3.56663112783074e-07 8.49353731184693e-10 no_error _Scenario_15_ 1000 2000 0 0.05 GF_Model_IV
0.000405892432644503 1455.90877816741 3.94779453640019e-07 8.29840519662654e-10 no_error _Scenario_15_ 1000 2000 0 0.05 GF_Model_IV
0.000428339527755488 1516.2523574601 -5.06788200315226e-08 4.9353636340552e-10 no_error _Scenario_15_ 1000 2000 0 0.05 GF_Model_IV
0.00040492899160552 1465.85873172086 4.2868722861009e-07 6.47068747772461e-10 no_error _Scenario_15_ 1000 2000 0 0.05 GF_Model_IV
0.000415048743494082 1482.79815329621 3.75309904377708e-07 6.14617362020407e-10 no_error _Scenario_15_ 1000 2000 0 0.05 GF_Model_IV
0.000412879968084379 1466.87950576692 1.33193393269733e-07 6.15754028405294e-10 no_error _Scenario_15_ 1000 2000 0 0.05 GF_Model_IV
0.000393166512133373 1439.2889815676 -3.13856660182948e-07 6.22492613281395e-10 no_error _Scenario_15_ 1000 2000 0 0.05 GF_Model_IV
0.000416674410541088 1428.38164913051 -1.48811428078581e-07 6.09544002447952e-10 no_error _Scenario_15_ 1000 2000 0 0.05 GF_Model_IV
0.000413016347273513 1485.95394383854 -7.84480830687581e-08 5.15650149402085e-10 no_error _Scenario_15_ 1000 2000 0 0.05 GF_Model_IV
0.000441102914547577 1506.27369243203 4.26750428081552e-07 5.24612613519043e-10 no_error _Scenario_15_ 1000 2000 0 0.05 GF_Model_IV
0.000425338099907156 1491.37343805497 1.77822529653045e-07 7.37523667227118e-10 no_error _Scenario_15_ 1000 2000 0 0.05 GF_Model_IV
0.000406711844884507 1475.37572616905 -1.04858822379753e-07 4.57570049461594e-10 no_error _Scenario_15_ 1000 2000 0 0.05 GF_Model_IV
0.000405036636527571 1486.64393306519 -9.70210909757984e-08 4.52661318925771e-10 no_error _Scenario_15_ 1000 2000 0 0.05 GF_Model_IV
0.000402430284684705 1492.1928007147 8.49483332263313e-08 5.53778272690679e-10 no_error _Scenario_15_ 1000 2000 0 0.05 GF_Model_IV
0.000431224347012398 1512.52044571367 8.21454004649024e-08 4.28668235563788e-10 no_error _Scenario_15_ 1000 2000 0 0.05 GF_Model_IV
0.000435311605353448 1469.96243292446 -3.29077023754971e-09 7.0727294312304e-10 no_error _Scenario_15_ 1000 2000 0 0.05 GF_Model_IV
0.000422625110219395 1460.2720083603 3.08347192731611e-08 7.54291754876686e-10 no_error _Scenario_15_ 1000 2000 0 0.05 GF_Model_IV
0.000423731994389312 1413.0563738317 1.42192859046718e-07 9.03376489018063e-10 no_error _Scenario_15_ 1000 2000 0 0.05 GF_Model_IV
0.000447601557437153 1466.47726064356 4.13249437248455e-07 5.61919068872916e-10 no_error _Scenario_15_ 1000 2000 0 0.05 GF_Model_IV
0.000423164637679481 1522.19726260847 1.44073860404061e-07 5.39067059163539e-10 no_error _Scenario_15_ 1000 2000 0 0.05 GF_Model_IV
0.000432952261639646 1477.76220160447 5.34990414416611e-07 7.0309998120533e-10 no_error _Scenario_15_ 1000 2000 0 0.05 GF_Model_IV
0.000416074483441069 1438.91622118894 -1.90637121297034e-07 4.04481614420864e-10 no_error _Scenario_15_ 1000 2000 0 0.05 GF_Model_IV
0.000432690314770906 1495.2743032193 -1.25862933902776e-07 4.32719498047365e-10 no_error _Scenario_15_ 1000 2000 0 0.05 GF_Model_IV
0.000405207418369852 1491.83389780568 3.05911638954259e-07 8.62956626372076e-10 no_error _Scenario_15_ 1000 2000 0 0.05 GF_Model_IV
0.000438235637053099 1461.15129198146 1.55554833631648e-07 6.77072488385898e-10 no_error _Scenario_15_ 1000 2000 0 0.05 GF_Model_IV
0.000445068055030095 1477.34385643493 3.97148172653655e-07 8.864118918612e-10 no_error _Scenario_15_ 1000 2000 0 0.05 GF_Model_IV
0.00043859499835173 1443.19170944859 1.29906038778011e-07 6.72556127003252e-10 no_error _Scenario_15_ 1000 2000 0 0.05 GF_Model_IV
0.000410575568914623 1432.14534135308 -1.38708675251108e-07 8.44306723077498e-10 no_error _Scenario_15_ 1000 2000 0 0.05 GF_Model_IV
0.00041167548907697 1473.13343822647 3.18556861676588e-07 4.74085471112298e-10 no_error _Scenario_15_ 1000 2000 0 0.05 GF_Model_IV
0.000404903537188234 1464.20623330632 3.71360586962098e-08 5.19475369981171e-10 no_error _Scenario_15_ 1000 2000 0 0.05 GF_Model_IV
0.000402319324549433 1483.83059626693 -6.76823044158438e-08 5.70832979288114e-10 no_error _Scenario_15_ 1000 2000 0 0.05 GF_Model_IV
0.000396791271452973 1468.37770602319 4.33159041126042e-07 5.5541892082447e-10 no_error _Scenario_15_ 1000 2000 0 0.05 GF_Model_IV
0.000416962941291537 1476.97411462407 3.16995395193066e-07 4.37087268530991e-10 no_error _Scenario_15_ 1000 2000 0 0.05 GF_Model_IV
0.000411774886314958 1483.22219330058 6.63109614587906e-08 6.37349124170492e-10 no_error _Scenario_15_ 1000 2000 0 0.05 GF_Model_IV
0.00042786265200969 1460.15275332811 -1.33155501328506e-07 4.52882858356902e-10 no_error _Scenario_15_ 1000 2000 0 0.05 GF_Model_IV
0.000394820797400029 1447.69197145707 2.44796180932129e-07 3.56654356026691e-10 no_error _Scenario_15_ 1000 2000 0 0.05 GF_Model_IV
0.000414193327109988 1485.73862963418 2.73351212740365e-07 7.96277650754914e-10 no_error _Scenario_15_ 1000 2000 0 0.05 GF_Model_IV
0.000383618971626923 1353.81725560585 4.80541083156949e-07 8.48897501077018e-10 no_error _Scenario_16_ 750 2250 0 0.05 GF_Model_IV
0.000413087707116487 1376.76969087611 3.69242852475653e-07 1.0753044407473e-09 no_error _Scenario_16_ 750 2250 0 0.05 GF_Model_IV
0.000417391287839122 1362.73638669219 7.00991493103349e-07 7.30137414088011e-10 no_error _Scenario_16_ 750 2250 0 0.05 GF_Model_IV
0.000409721226913609 1370.32205041007 5.98297214180987e-07 1.22971946512138e-09 no_error _Scenario_16_ 750 2250 0 0.05 GF_Model_IV
0.000426235175672901 1382.90829562582 1.90856315711474e-07 9.17660643058587e-10 no_error _Scenario_16_ 750 2250 0 0.05 GF_Model_IV
0.000413862075428156 1407.25893748122 6.59496740182335e-07 1.17742572174392e-09 no_error _Scenario_16_ 750 2250 0 0.05 GF_Model_IV
0.000402694249053736 1383.63609673524 3.55512879273385e-07 7.2478415156858e-10 no_error _Scenario_16_ 750 2250 0 0.05 GF_Model_IV
0.000417532944587092 1362.81895452815 1.24309913597145e-07 7.25378029301277e-10 no_error _Scenario_16_ 750 2250 0 0.05 GF_Model_IV
0.000436167862635735 1384.99147921296 7.3197974290463e-08 1.28510476584445e-09 no_error _Scenario_16_ 750 2250 0 0.05 GF_Model_IV
0.000392429940697066 1358.34163785092 6.07170738946843e-07 9.90096138983261e-10 no_error _Scenario_16_ 750 2250 0 0.05 GF_Model_IV
0.000433714752340843 1370.77865466928 5.72897025689338e-07 1.05177977790291e-09 no_error _Scenario_16_ 750 2250 0 0.05 GF_Model_IV
0.000408598351577763 1370.97183446279 5.52803050613644e-07 8.05044766560052e-10 no_error _Scenario_16_ 750 2250 0 0.05 GF_Model_IV
0.000415179413523703 1378.25640713187 1.69580996554215e-07 6.40544275408174e-10 no_error _Scenario_16_ 750 2250 0 0.05 GF_Model_IV
0.000425720475594712 1359.99922234922 2.79412542291708e-07 1.10970632679913e-09 no_error _Scenario_16_ 750 2250 0 0.05 GF_Model_IV
0.000395929899138217 1369.54571005494 2.67790068639613e-07 1.30740642630706e-09 no_error _Scenario_16_ 750 2250 0 0.05 GF_Model_IV
0.000421030197207112 1390.5772869726 6.50317641798229e-07 7.63857082545925e-10 no_error _Scenario_16_ 750 2250 0 0.05 GF_Model_IV
0.000410683874746595 1374.610107149 8.4180247718736e-07 1.12482677125065e-09 no_error _Scenario_16_ 750 2250 0 0.05 GF_Model_IV
0.000410111579149172 1348.04753905637 4.66163085352081e-07 8.95093604797395e-10 no_error _Scenario_16_ 750 2250 0 0.05 GF_Model_IV
0.000417204985634666 1345.79224799344 6.13831894527971e-07 1.08726619247691e-09 no_error _Scenario_16_ 750 2250 0 0.05 GF_Model_IV
0.000398853191055868 1377.35264809996 5.63788669855383e-07 8.37124163890036e-10 no_error _Scenario_16_ 750 2250 0 0.05 GF_Model_IV
0.000398064850066433 1376.51599944122 3.79436528963247e-07 6.85440778031838e-10 no_error _Scenario_16_ 750 2250 0 0.05 GF_Model_IV
0.000400098965539708 1365.42142582633 2.55033188779389e-07 8.79568907912212e-10 no_error _Scenario_16_ 750 2250 0 0.05 GF_Model_IV
0.000417808386428607 1413.74072201187 4.79727141649864e-07 4.14422079672409e-10 no_error _Scenario_16_ 750 2250 0 0.05 GF_Model_IV
0.000420168797700813 1378.05163663161 1.14952614212545e-08 5.84058877997875e-10 no_error _Scenario_16_ 750 2250 0 0.05 GF_Model_IV
0.000415581111161723 1350.0507714095 3.82603424706167e-07 1.27610013003125e-09 no_error _Scenario_16_ 750 2250 0 0.05 GF_Model_IV
0.000426555796109933 1410.8884547167 3.92759379537343e-07 9.8200465008019e-10 no_error _Scenario_16_ 750 2250 0 0.05 GF_Model_IV
0.000408794571210723 1374.64830047568 3.62958659008712e-07 6.28875446158069e-10 no_error _Scenario_16_ 750 2250 0 0.05 GF_Model_IV
0.00040973200231531 1394.09010281318 6.59046438076378e-07 1.3169948453114e-09 no_error _Scenario_16_ 750 2250 0 0.05 GF_Model_IV
0.000425413179448255 1361.62362204591 5.72188138288085e-07 1.80967023639084e-09 no_error _Scenario_16_ 750 2250 0 0.05 GF_Model_IV
0.000400556413219925 1343.26564148459 2.11187984936632e-07 9.82953696229769e-10 no_error _Scenario_16_ 750 2250 0 0.05 GF_Model_IV
0.00040247784416128 1386.69722443193 7.46829335214281e-07 1.07117023808105e-09 no_error _Scenario_16_ 750 2250 0 0.05 GF_Model_IV
0.000412215382533199 1371.05346823877 1.88921498130654e-07 1.31782456347409e-09 no_error _Scenario_16_ 750 2250 0 0.05 GF_Model_IV
0.000400992350651122 1358.7061617864 4.21242596234649e-07 1.61685790183039e-09 no_error _Scenario_16_ 750 2250 0 0.05 GF_Model_IV
0.000431558204149816 1408.81901379033 4.5704518926979e-07 5.48899162229597e-10 no_error _Scenario_16_ 750 2250 0 0.05 GF_Model_IV
0.000422334457357948 1376.99146368901 5.30221813764644e-07 1.36472841141384e-09 no_error _Scenario_16_ 750 2250 0 0.05 GF_Model_IV
0.000439305706023456 1346.41634329217 5.57095815436065e-07 1.73635604518256e-09 no_error _Scenario_16_ 750 2250 0 0.05 GF_Model_IV
0.000404812903252265 1358.88833566299 -6.7317195349016e-08 7.71430734640773e-10 no_error _Scenario_16_ 750 2250 0 0.05 GF_Model_IV
0.000397803900914654 1361.73555919386 2.7382056945741e-07 1.38426504707166e-09 no_error _Scenario_16_ 750 2250 0 0.05 GF_Model_IV
0.000399060812667043 1376.5649589279 4.50565073900754e-07 9.02988478914866e-10 no_error _Scenario_16_ 750 2250 0 0.05 GF_Model_IV
0.000405676450696905 1361.2456877894 2.4196849793579e-07 6.05349217757167e-10 no_error _Scenario_16_ 750 2250 0 0.05 GF_Model_IV
0.000418972343082421 1361.06626735966 4.45591622433883e-07 6.56064942418333e-10 no_error _Scenario_16_ 750 2250 0 0.05 GF_Model_IV
0.000431666749457091 1382.01948594475 3.71509372683831e-07 1.2790189327047e-09 no_error _Scenario_16_ 750 2250 0 0.05 GF_Model_IV
0.000403538177291779 1345.82414207558 4.64496170062305e-07 6.27735809398865e-10 no_error _Scenario_16_ 750 2250 0 0.05 GF_Model_IV
0.000426578261571384 1389.16953579807 4.07877831586792e-07 7.42259678692051e-10 no_error _Scenario_16_ 750 2250 0 0.05 GF_Model_IV
0.000422106959048817 1378.30654481191 3.14288772593742e-07 8.39398588666875e-10 no_error _Scenario_16_ 750 2250 0 0.05 GF_Model_IV
0.000406924881185764 1369.11192754899 2.45668091485736e-07 8.02182504610215e-10 no_error _Scenario_16_ 750 2250 0 0.05 GF_Model_IV
0.000432190058314893 1339.80067756071 4.79944657527011e-07 1.0718455842884e-09 no_error _Scenario_16_ 750 2250 0 0.05 GF_Model_IV
0.000415619905306837 1337.76407359347 6.60038714408691e-07 8.87699318369153e-10 no_error _Scenario_16_ 750 2250 0 0.05 GF_Model_IV
0.000421711144988666 1356.02342126242 3.3621477133558e-07 1.25344117243947e-09 no_error _Scenario_16_ 750 2250 0 0.05 GF_Model_IV
0.000408647088077835 1379.61054347775 2.89527129029445e-07 8.92432278604285e-10 no_error _Scenario_16_ 750 2250 0 0.05 GF_Model_IV
0.00040266047727475 1391.33791316704 7.26514122212722e-07 1.0007485746738e-09 no_error _Scenario_16_ 750 2250 0 0.05 GF_Model_IV
0.000410299650849285 1364.78211824353 2.9425223377635e-07 8.22887732901703e-10 no_error _Scenario_16_ 750 2250 0 0.05 GF_Model_IV
0.000399318287862842 1394.88039984991 1.11119896604559e-06 1.32760223714285e-09 no_error _Scenario_16_ 750 2250 0 0.05 GF_Model_IV
0.000390263005975612 1364.87064785048 2.48656507901802e-07 9.80392264758954e-10 no_error _Scenario_16_ 750 2250 0 0.05 GF_Model_IV
0.000386864982152116 1332.41382181639 3.76814693701006e-07 7.7182406279486e-10 no_error _Scenario_16_ 750 2250 0 0.05 GF_Model_IV
0.000418279114815203 1355.67463109523 4.56657907694552e-07 9.45627047695456e-10 no_error _Scenario_16_ 750 2250 0 0.05 GF_Model_IV
0.000396742643499406 1348.80895593398 -1.77377789224704e-08 9.70577166837603e-10 no_error _Scenario_16_ 750 2250 0 0.05 GF_Model_IV
0.000388958711524388 1343.68909316523 4.46273261139062e-07 6.90964498245256e-10 no_error _Scenario_16_ 750 2250 0 0.05 GF_Model_IV
0.000420884070036565 1382.48477527714 5.61218040094404e-07 9.72445719354151e-10 no_error _Scenario_16_ 750 2250 0 0.05 GF_Model_IV
0.000401528991984154 1367.68915057783 5.39290059294253e-07 9.77144125963784e-10 no_error _Scenario_16_ 750 2250 0 0.05 GF_Model_IV
0.00040546184085321 1332.11587805379 5.10879520496674e-07 1.23061799619993e-09 no_error _Scenario_16_ 750 2250 0 0.05 GF_Model_IV
0.000419162909585616 1388.35958044445 4.05179018250029e-07 1.02574829961642e-09 no_error _Scenario_16_ 750 2250 0 0.05 GF_Model_IV
0.000391590783195517 1365.28115173025 -7.5765108115548e-09 1.06987210706811e-09 no_error _Scenario_16_ 750 2250 0 0.05 GF_Model_IV
0.000404094312841823 1375.72441649962 4.01436990836714e-07 9.28672958313518e-10 no_error _Scenario_16_ 750 2250 0 0.05 GF_Model_IV
0.000412696246528989 1360.77175522386 4.25685417100568e-07 1.05145067218264e-09 no_error _Scenario_16_ 750 2250 0 0.05 GF_Model_IV
0.000438294339435037 1361.85337017093 4.48955680871017e-07 1.62847515020952e-09 no_error _Scenario_16_ 750 2250 0 0.05 GF_Model_IV
0.00041255858059489 1363.82889624825 8.16775043757393e-08 8.64661505533854e-10 no_error _Scenario_16_ 750 2250 0 0.05 GF_Model_IV
0.000405941275814612 1368.31369027321 5.85197458149203e-07 6.93072224893055e-10 no_error _Scenario_16_ 750 2250 0 0.05 GF_Model_IV
0.000392183419839166 1372.3104683104 5.63698930725415e-07 1.03891228111254e-09 no_error _Scenario_16_ 750 2250 0 0.05 GF_Model_IV
0.000392672470427362 1383.74724358854 8.10493973836629e-07 8.11540204121782e-10 no_error _Scenario_16_ 750 2250 0 0.05 GF_Model_IV
0.000402304587968112 1329.49445708855 6.03452885037632e-07 9.74710328746808e-10 no_error _Scenario_16_ 750 2250 0 0.05 GF_Model_IV
0.00041594524973042 1342.87476054691 2.13895171111225e-07 6.10297992645883e-10 no_error _Scenario_16_ 750 2250 0 0.05 GF_Model_IV
0.000442406210764087 1436.81943301551 2.41133574083725e-07 8.46930943521883e-10 no_error _Scenario_16_ 750 2250 0 0.05 GF_Model_IV
0.000419053211695122 1346.90850529837 3.73640771676988e-07 1.08911711092773e-09 no_error _Scenario_16_ 750 2250 0 0.05 GF_Model_IV
0.000418035358906081 1369.88717794513 3.25503913456056e-07 1.3777405847152e-09 no_error _Scenario_16_ 750 2250 0 0.05 GF_Model_IV
0.000394571422517785 1336.55059831887 5.53217241586941e-07 1.04317226170736e-09 no_error _Scenario_16_ 750 2250 0 0.05 GF_Model_IV
0.000422216727390882 1384.44932233755 3.99402606092808e-07 1.03459271264049e-09 no_error _Scenario_16_ 750 2250 0 0.05 GF_Model_IV
0.000391424125726746 1384.48675516489 4.2193478096745e-07 9.37763659953115e-10 no_error _Scenario_16_ 750 2250 0 0.05 GF_Model_IV
0.000424255912492747 1335.68826512844 5.09758434033304e-07 1.21312573255897e-09 no_error _Scenario_16_ 750 2250 0 0.05 GF_Model_IV
0.000407534638307237 1368.38278718439 6.55230610729937e-07 9.41213227185973e-10 no_error _Scenario_16_ 750 2250 0 0.05 GF_Model_IV
0.000414500534484778 1375.29350078735 5.17024263392435e-07 1.00022643070145e-09 no_error _Scenario_16_ 750 2250 0 0.05 GF_Model_IV
0.000428843945357144 1414.96221023889 6.2960205310295e-07 9.89044904332774e-10 no_error _Scenario_16_ 750 2250 0 0.05 GF_Model_IV
0.000405752011288736 1344.49836671372 5.9382961893986e-07 1.11149049971982e-09 no_error _Scenario_16_ 750 2250 0 0.05 GF_Model_IV
0.00040819545040391 1415.50708471988 4.54405888762914e-07 9.55578335801998e-10 no_error _Scenario_16_ 750 2250 0 0.05 GF_Model_IV
0.00042248469559995 1376.74513659854 1.00755703358854e-06 1.37055902807559e-09 no_error _Scenario_16_ 750 2250 0 0.05 GF_Model_IV
0.000394979515334113 1361.06759107357 1.67914321350972e-07 7.54829440993859e-10 no_error _Scenario_16_ 750 2250 0 0.05 GF_Model_IV
0.000435358256340172 1398.3201895246 5.77741909487441e-07 1.03809037388446e-09 no_error _Scenario_16_ 750 2250 0 0.05 GF_Model_IV
0.000412456163134816 1374.55923538973 3.18256665114916e-07 7.61288416455488e-10 no_error _Scenario_16_ 750 2250 0 0.05 GF_Model_IV
0.000385420825335788 1379.11973106386 8.03009053061781e-07 1.1063051304594e-09 no_error _Scenario_16_ 750 2250 0 0.05 GF_Model_IV
0.000414894345266142 1388.91456183877 3.64599788503616e-07 8.05190594882185e-10 no_error _Scenario_16_ 750 2250 0 0.05 GF_Model_IV
0.00043329907570483 1373.19585557864 6.29499545128876e-07 1.11145432856515e-09 no_error _Scenario_16_ 750 2250 0 0.05 GF_Model_IV
0.000423011961963841 1383.83988066464 -2.22047643977418e-08 1.03704025128188e-09 no_error _Scenario_16_ 750 2250 0 0.05 GF_Model_IV
0.000402191355548414 1326.25395148038 4.47045773725254e-07 8.47262586223043e-10 no_error _Scenario_16_ 750 2250 0 0.05 GF_Model_IV
0.000431188829134046 1371.30590109679 1.69194726254844e-07 1.23349563358352e-09 no_error _Scenario_16_ 750 2250 0 0.05 GF_Model_IV
0.000409366265067391 1368.30390360157 3.37189194023153e-08 7.58792830939096e-10 no_error _Scenario_16_ 750 2250 0 0.05 GF_Model_IV
0.000402788746497797 1380.77902775466 4.7487117053935e-07 1.0318412109915e-09 no_error _Scenario_16_ 750 2250 0 0.05 GF_Model_IV
0.000407548108341257 1365.52973334616 3.33845538904669e-07 7.04543302730875e-10 no_error _Scenario_16_ 750 2250 0 0.05 GF_Model_IV
0.000427044167628509 1413.10563577389 7.1243634227036e-07 1.12753592470464e-09 no_error _Scenario_16_ 750 2250 0 0.05 GF_Model_IV
0.000410366065746109 1372.5635077704 6.38152479020136e-07 1.10419397577883e-09 no_error _Scenario_16_ 750 2250 0 0.05 GF_Model_IV
0.000425401649721235 1354.21362794998 7.9858681036365e-07 1.35770954536852e-09 no_error _Scenario_16_ 750 2250 0 0.05 GF_Model_IV
